date,time,open,high,low,close
20230619,0,2730,2766,2680,2721
20230620,0,2713,2747,2712,2731
20230621,0,2726,2742,2715,2738
20230626,0,2730,2816,2721,2802
20230627,0,2797,2837,2766,2788
20230628,0,2791,2805,2775,2791
20230629,0,2782,2811,2782,2799
20230630,0,2794,2824,2793,2812
20230703,0,2812,2831,2811,2826
20230704,0,2820,2835,2810,2816
20230705,0,2816,2832,2815,2825
20230706,0,2824,2845,2816,2834
20230707,0,2830,2840,2826,2828
20230710,0,2827,2832,2802,2819
20230711,0,2823,2828,2815,2819
20230712,0,2816,2822,2783,2796
20230713,0,2803,2813,2777,2792
20230714,0,2798,2805,2777,2785
20230717,0,2788,2797,2736,2781
20230718,0,2776,2822,2776,2807
20230719,0,2803,2826,2803,2821
20230720,0,2820,2908,2817,2881
20230721,0,2888,2895,2853,2868
20230724,0,2868,2884,2863,2879
20230725,0,2879,2892,2857,2887
20230726,0,2892,2909,2877,2879
20230727,0,2871,2899,2865,2890
20230728,0,2893,2900,2874,2880
20230731,0,2882,2895,2872,2884
20230801,0,2890,2930,2883,2929
20230802,0,2920,2938,2914,2922
20230803,0,2910,2922,2875,2895
20230804,0,2894,2904,2869,2871
20230807,0,2865,2891,2865,2880
20230808,0,2878,2892,2872,2872
20230809,0,2861,2880,2854,2876
20230810,0,2882,2887,2873,2879
20230811,0,2881,2907,2870,2900
20230814,0,2912,2912,2877,2883
20230815,0,2876,2901,2870,2900
20230816,0,2894,2900,2880,2881
20230817,0,2878,2905,2875,2902
20230818,0,2910,2919,2888,2895
20230821,0,2891,2926,2891,2922
20230822,0,2927,2930,2913,2926
20230823,0,2927,2984,2915,2960
20230824,0,2960,2974,2942,2945
20230825,0,2940,2980,2936,2970
20230828,0,2969,2977,2937,2955
20230829,0,2962,2962,2941,2958
20230830,0,2955,2983,2955,2976
20230831,0,2981,2997,2965,2981
20230901,0,2980,3038,2956,3016
20230904,0,3017,3203,3013,3086
20230905,0,3084,3168,3074,3134
20230906,0,3130,3161,3095,3119
20230907,0,3111,3135,3084,3093
20230908,0,3091,3099,3010,3042
20230911,0,3053,3079,3027,3070
20230912,0,3069,3127,3051,3060
20230913,0,3068,3077,2999,3033
20230914,0,3028,3105,3016,3100
20230915,0,3100,3167,3030,3036
20230918,0,3018,3063,3003,3048
20230919,0,3050,3093,3023,3070
20230920,0,3069,3083,3043,3069
20230921,0,3071,3113,3038,3038
20230922,0,3035,3096,3010,3083
20230925,0,3079,3095,3029,3050
20230926,0,3063,3065,3030,3033
20230927,0,3040.02548,3063.109199,3006.905361,3044.04004
20230928,0,3043.0364,3096.229318,3039.02184,3069.131039
20231009,0,3081.174719,3081.174719,3012.927201,3038.0182
20231010,0,3030.99272,3049.05824,2965.756122,2988.839841
20231011,0,2983.821641,3074.149239,2967.763402,3053.072799
20231012,0,3051.06552,3073.145599,3033,3064.112839
20231013,0,3063.109199,3082.178359,3016.94176,3046.04732
20231016,0,3053.072799,3160.462277,3039.02184,3155.444077
20231017,0,3163.473197,3203.618795,3071.138319,3106.265718
20231018,0,3103.254798,3136.374917,3081.174719,3113.291198
20231019,0,3123.327598,3146.411317,3111.283918,3136.374917
20231020,0,3131.356717,3143.400397,3073.145599,3086.192919
20231023,0,3090.207478,3101.247518,3048.0546,3060.098279
20231024,0,3060.098279,3093.218398,3046.04732,3093.218398
20231025,0,3095.225678,3119.313038,3087.196559,3111.283918
20231026,0,3120.316678,3155.444077,3091.211118,3105.262078
20231027,0,3093.218398,3107.269358,3073.145599,3093.218398
20231030,0,3057.00511,3093.218398,3050.969562,3078.129528
20231031,0,3078.129528,3089.1947,3031.856993,3060.022884
20231101,0,3067.064357,3067.064357,3031.856993,3042.922164
20231102,0,3042.922164,3059.016959,3025.821445,3049.963637
20231103,0,3052.981411,3072.09398,3039.90439,3059.016959
20231106,0,3063.040658,3103.277645,3052.981411,3088.188775
20231107,0,3090.200624,3106.295419,3052.981411,3053.987336
20231108,0,3051.975486,3058.011035,3021.797746,3044.934014
20231109,0,3043.928089,3043.928089,2984.578533,3001.679252
20231110,0,3004.697026,3032.862917,2959.430416,2982.566683
20231113,0,2983.572608,2983.572608,2900.080859,2901.086784
20231114,0,2903.098633,2943.335621,2876.944592,2925.228976
20231115,0,2927.240826,2971.501512,2917.181579,2948.365244
20231116,0,2983.572608,2999.667403,2957.418566,2990.614081
20231117,0,2988.602231,3003.691102,2951.383018,2980.554834
20231120,0,2985.584457,3022.803671,2952.388943,3009.72665
20231121,0,3010.732574,3016.768123,2952.388943,2961.442265
20231122,0,2955.406717,2963.454114,2918.187504,2933.276374
20231123,0,2927.240826,2944.341545,2910.140106,2936.294148
20231124,0,2937.300073,2981.560759,2937.300073,2959.430416
20231127,0,2958.424491,2972.507437,2939.311922,2965.465964
20231128,0,2965.465964,2998.661478,2944.341545,2966.471888
20231129,0,2979.53562,2994.609156,2956.422864,2964.462084
20231130,0,2967.476791,2978.530717,2924.265988,2977.525815
20231201,0,2973.506205,2987.574839,2915.221866,2917.231671
20231204,0,2919.241476,2969.486596,2895.123818,2940.344426
20231205,0,2941.349328,2958.432669,2896.12872,2905.172842
20231206,0,2896.12872,2927.280695,2851.913015,2879.04538
20231207,0,2881.055184,2894.118916,2860.957136,2881.055184
20231208,0,2884.069892,2919.241476,2867.991453,2900.14833
20231211,0,2898.138525,2922.256183,2861.962039,2872.011063
20231212,0,2868.996356,2894.118916,2841.863991,2882.060087
20231213,0,2885.074794,2900.14833,2853.922819,2870.001258
20231214,0,2872.011063,2916.226768,2863.971844,2912.207159
20231215,0,2922.256183,2943.359133,2907.182647,2925.27089
20231218,0,2938.334621,2962.452279,2917.231671,2938.334621
20231219,0,2940.344426,2943.359133,2927.280695,2931.300304
20231220,0,2928.285597,2981.545424,2922.256183,2978.530717
20231221,0,2975.51601,3029.78074,2959.437572,3021.74152
20231222,0,3029.78074,3199.609246,3029.78074,3199.609246
20231225,0,3231.766122,3345.320094,3167.452369,3190.565124
20231226,0,3193.579831,3250.859268,3168.457271,3218.702391
20231227,0,3214.682782,3271.962218,3191.570026,3239.805342
20231228,0,3248.849463,3346.324996,3235.785732,3320.197534
20231229,0,3318.187729,3391.545604,3302.10929,3364.413239
20240102,0,3370.442654,3605.589816,3353.359313,3605.589816
20240103,0,3667.893764,3856.815416,3533.236843,3558.359403
20240104,0,3559.364305,3652.820228,3419.682871,3419.682871
20240105,0,3407.624043,3471.937796,3351.349508,3444.805431
20240108,0,3432.746603,3492.035844,3331.25146,3389.535799
20240109,0,3369.437751,3395.565214,3202.623953,3255.88378
20240110,0,3275.981828,3341.300484,3221.717098,3274.976926
20240111,0,3289.045559,3430.736798,3242.820049,3420.687774
20240112,0,3426.717188,3440.785822,3348.334801,3362.403435
20240115,0,3367.427947,3378.481873,3263.922999,3281.00634
20240116,0,3275.981828,3311.153412,3194.584734,3244.829854
20240117,0,3243.824951,3272.967121,3223.726903,3251.86417
20240118,0,3242.820049,3282.011242,3213.677879,3260.908292
20240119,0,3250.859268,3274.976926,3231.766122,3253.873975
20240122,0,3242.820049,3261.913194,3175.491588,3214.682782
20240123,0,3215.687684,3265.932804,3197.599441,3247.844561
20240124,0,3265.932804,3340.295582,3245.834756,3316.177924
20240125,0,3319.17899,3338.185741,3257.156959,3283.166198
20240126,0,3292.169396,3304.17366,3211.140614,3239.150564
20240129,0,3235.149142,3268.160868,3205.138482,3244.15234
20240130,0,3252.155183,3263.159091,3210.140259,3230.147366
20240131,0,3241.151274,3250.154472,3159.122137,3198.135995
20240201,0,3214.14168,3217.142746,3159.122137,3199.13635
20240202,0,3202.137416,3220.143812,3126.110411,3135.113609
20240205,0,3122.10899,3167.12498,3119.107924,3140.115386
20240206,0,3143.116452,3150.118939,3090.097619,3136.113964
20240207,0,3146.117518,3172.126756,3126.110411,3150.118939
20240208,0,3161.122848,3194.134574,3132.112543,3141.115741
20240219,0,3147.117873,3177.128533,3106.103304,3123.109345
20240220,0,3127.110766,3175.127822,3115.106502,3145.117162
20240221,0,3144.116807,3253.155538,3103.102238,3224.145234
20240222,0,3228.142934,3251.12971,3194.162482,3224.145234
20240223,0,3226.144084,3331.083715,3211.152708,3305.098663
20240226,0,3299.102113,3328.085439,3250.130285,3277.114762
20240227,0,3277.114762,3297.103263,3262.123386,3273.117061
20240228,0,3265.121661,3292.106137,3213.151558,3225.144659
20240229,0,3223.145808,3234.139484,3168.17743,3221.146958
20240301,0,3236.138334,3253.12856,3186.167081,3215.150408
20240304,0,3215.150408,3250.130285,3177.172256,3202.157882
20240305,0,3198.160182,3236.138334,3189.165357,3211.152708
20240306,0,3223.145808,3226.144084,3185.167656,3205.156157
20240307,0,3208.154433,3244.133735,3202.157882,3211.152708
20240308,0,3231.141209,3311.095214,3218.148683,3293.105562
20240311,0,3279.113612,3303.099813,3201.158457,3232.140634
20240312,0,3246.132585,3265.121661,3206.155583,3229.142359
20240313,0,3240.136034,3244.133735,3216.149833,3236.138334
20240314,0,3246.132585,3325.087164,3228.142934,3248.131435
20240315,0,3251.12971,3294.104988,3234.139484,3280.113037
20240318,0,3283.111312,3365.064167,3239.136609,3360.067041
20240319,0,3348.073941,3388.050943,3289.107862,3311.095214
20240320,0,3307.097513,3343.076815,3298.102688,3312.094639
20240321,0,3326.07815,3384.009842,3314.092283,3377.018086
20240322,0,3377.018086,3400.98982,3317.08875,3331.072262
20240325,0,3322.082861,3345.055773,3272.141748,3286.12526
20240326,0,3286.12526,3309.098172,3270.144103,3277.135859
20240327,0,3289.121726,3309.098172,3266.148814,3299.109949
20240328,0,3300.108771,3301.107594,3249.168836,3283.128793
20240329,0,3278.134681,3311.095816,3267.147637,3291.119371
20240401,0,3303.105238,3358.040463,3293.117015,3348.05224
20240402,0,3358.040463,3358.040463,3305.102883,3322.082861
20240403,0,3338.064018,3340.061662,3306.101705,3314.092283
20240408,0,3342.059307,3372.023975,3272.141748,3340.061662
20240409,0,3343.058129,3361.03693,3290.120549,3335.067551
20240410,0,3337.065195,3384.009842,3333.069906,3368.028686
20240411,0,3366.031041,3373.022797,3309.098172,3340.061662
20240412,0,3341.060484,3361.03693,3322.082861,3355.043996
20240415,0,3380.014553,3570.789606,3357.041641,3475.90149
20240416,0,3460.919156,3478.897957,3408.980398,3431.953311
20240417,0,3418.002281,3528.614017,3396.079234,3503.701463
20240418,0,3520.642,3541.568544,3480.781915,3534.593029
20240419,0,3542.565046,3553.52657,3491.743438,3502.704961
20240422,0,3490.746936,3503.701463,3445.90434,3447.897345
20240423,0,3460.851872,3479.785413,3434.942817,3456.865864
20240424,0,3438.928826,3509.680476,3416.009277,3498.718953
20240425,0,3507.687472,3681.078841,3499.715455,3666.131309
20240426,0,3677.092833,3786.708066,3639.225752,3773.753539
20240429,0,3786.708066,3845.501692,3692.040365,3728.910943
20240430,0,3736.88296,3749.837488,3675.099829,3738.875964
20240506,0,3712.966909,3850.484202,3712.966909,3844.505189
20240507,0,3851.480704,3851.480704,3737.879462,3760.799011
20240508,0,3754.819998,3765.781522,3698.019377,3703.99839
20240509,0,3697.022875,3801.655598,3692.040365,3783.71856
20240510,0,3783.71856,3818.596134,3732.896952,3789.697573
20240513,0,3766.778024,3776.743045,3659.155795,3737.879462
20240514,0,3746.786244,3784.392657,3652.770213,3658.708068
20240515,0,3636.935934,3665.635565,3608.236304,3640.894504
20240516,0,3661.676995,3751.734456,3642.873789,3709.179832
20240517,0,3691.366268,3750.744814,3682.459486,3739.858747
20240520,0,3753.713741,3953.621512,3735.900177,3858.615839
20240521,0,3816.061214,4114.933229,3800.226935,4051.596113
20240522,0,4107.016089,4221.814611,4021.90684,4106.026447
20240523,0,4057.533968,4092.171453,3899.191179,3935.807949
20240524,0,3955.600797,4084.254313,3951.642227,4050.606471
20240527,0,4079.306101,4146.601786,3983.310785,4019.927555
20240528,0,4050.606471,4102.067877,3984.300428,3990.238282
20240529,0,4011.020773,4031.803264,3901.170463,4001.124349
20240530,0,4051.596113,4067.430392,3889.294754,3916.0151
20240531,0,3889.294754,3937.787233,3854.657269,3903.149748
20240603,0,3957.580082,3958.569724,3673.552704,3747.775887
20240604,0,3762.620523,3778.454802,3696.31448,3755.693026
20240605,0,3729.962323,3807.154432,3707.200547,3750.744814
20240606,0,3755.693026,3823.978354,3715.117686,3820.019784
20240607,0,3820.019784,3867.522621,3774.496232,3788.351226
20240611,0,3744.806959,3783.403014,3725.014111,3741.838032
20240612,0,3737.879462,3859.605481,3734.910535,3829.916208
20240613,0,3865.543336,3877.419045,3760.641238,3836.843705
20240614,0,3839.812633,3849.709057,3750.744814,3813.092287
20240617,0,3803.195863,3812.102645,3662.666638,3664.645922
20240618,0,3660.687353,3719.076256,3652.770213,3679.490559
20240619,0,3676.521632,3751.734456,3649.801286,3721.055541
20240620,0,3721.055541,3812.102645,3716.107329,3792.309796
20240621,0,3792.309796,3856.636554,3779.444444,3788.351226
20240624,0,3777.46516,3787.361584,3728.97268,3753.713741
20240625,0,3744.816342,3801.166535,3739.873343,3781.394538
20240626,0,3778.428738,3778.428738,3670.671351,3738.884743
20240627,0,3744.816342,3748.770742,3701.317948,3707.249547
20240628,0,3722.078545,3772.497139,3717.135546,3764.58834
20240701,0,3791.280537,3804.132335,3754.702341,3793.257736
20240702,0,3799.189336,3876.300126,3792.269137,3852.573729
20240703,0,3856.528129,3870.368527,3778.428738,3843.67633
20240704,0,3861.471128,3869.379927,3798.200736,3809.075334
20240705,0,3808.086735,3842.68773,3787.326137,3802.155135
20240708,0,3823.904333,3843.67633,3788.314737,3815.995534
20240709,0,3824.892933,3847.63073,3764.58834,3817.972733
20240710,0,3813.029734,3816.984133,3674.625751,3688.466149
20240711,0,3707.249547,3714.169746,3610.366759,3654.853753
20240712,0,3677.591551,3723.067145,3628.161557,3713.181146
20240715,0,3723.32645,3845.070094,3683.759766,3766.951256
20240716,0,3768.980316,3819.706835,3749.704239,3797.387167
20240717,0,3774.052968,3832.89573,3764.922195,3783.183742
20240718,0,3785.212802,3839.997442,3738.544405,3828.837608
20240719,0,3804.488879,3814.634183,3742.602527,3766.951256
20240722,0,3760.864073,3783.183742,3710.137555,3732.457223
20240723,0,3712.166616,3759.849543,3701.006782,3708.108494
20240724,0,3703.035842,3774.052968,3695.93413,3771.009377
20240725,0,3784.198272,3795.358106,3717.239268,3755.791422
20240726,0,3743.617057,3792.314515,3719.268328,3728.399102
20240729,0,3729.413632,3745.646118,3604.626397,3656.367446
20240730,0,3640.13496,3670.570871,3569.117834,3609.699049
20240731,0,3596.510154,3711.152085,3581.292198,3702.021312
20240801,0,3736.515345,3746.660648,3686.803357,3714.195677
20240802,0,3735.500814,3809.561531,3690.861478,3797.387167
20240805,0,3793.329045,3800.430758,3737.529875,3745.646118
20240806,0,3717.239268,3776.082029,3684.774296,3703.035842
20240807,0,3705.064903,3759.849543,3705.064903,3728.399102
20240808,0,3733.471754,3773.038438,3712.166616,3758.835013
20240809,0,3758.835013,3952.610313,3754.776891,3887.680369
20240812,0,3893.767552,3995.220588,3881.593187,3984.060754
20240813,0,3987.104345,4003.336831,3917.10175,3940.435949
20240814,0,3950.581252,3988.118876,3910.000038,3939.421418
20240815,0,3949.566722,3990.147937,3928.261584,3985.075285
20240816,0,3995.293426,4102.583915,3980.988028,4064.77679
20240819,0,4049.449578,4204.765332,4034.122365,4196.590819
20240820,0,4201.69989,4229.288873,4078.060375,4100.540287
20240821,0,4128.129269,4135.281969,3998.358869,4053.536835
20240822,0,4053.536835,4117.911128,3996.315241,4055.580463
20240823,0,4056.602277,4073.973118,4003.46794,4012.664267
20240826,0,4021.860595,4031.056923,3952.377231,3999.380683
20240827,0,4007.555197,4091.343959,3972.813515,4059.66772
20240828,0,4059.66772,4100.540287,3997.337055,4022.882409
20240829,0,4011.642453,4064.77679,4000.402497,4034.122365
20240830,0,4037.187808,4090.322145,4016.751524,4079.082189
20240902,0,4082.147631,4086.234888,3960.551745,3969.748072
20240903,0,3953.399045,3977.922586,3915.591921,3930.919133
20240904,0,3933.984576,3961.573559,3898.22108,3930.919133
20240905,0,3933.984576,4023.904223,3927.853691,3938.071833
20240906,0,3950.333603,4008.577011,3929.897319,4000.402497
20240909,0,4019.816967,4046.384135,3872.675725,3958.508116
20240910,0,3953.399045,3991.20617,3931.940948,3943.180904
20240911,0,3938.071833,3978.9444,3885.95931,3971.7917
20240912,0,3961.552485,4021.963857,3932.882681,4007.628955
20240913,0,4015.820327,4113.092875,3998.413661,4092.614444
20240918,0,4126.403855,4148.930129,4079.303463,4100.805816
20240919,0,4118.212482,4193.982677,4070.088169,4170.432482
20240920,0,4165.312874,4189.886991,4139.714835,4160.193266
20240923,0,4141.762678,4160.193266,4079.303463,4095.686208
20240924,0,4106.949345,4198.078363,4103.877581,4197.054442
20240925,0,4216.508951,4349.618753,4203.197971,4210.365422
20240926,0,4211.389344,4262.585421,4187.839148,4243.130912
20240927,0,4272.824637,4315.829342,4247.226598,4300.470519
20240930,0,4295.350911,4342.451302,4249.274441,4335.283851
20241008,0,4381.360321,4530.852868,4351.666596,4417.197576
20241009,0,4411.054046,4424.365026,4328.116401,4392.623458
20241010,0,4366.001498,4532.900711,4346.546989,4474.537183
20241011,0,4493.991692,4740.756786,4476.585026,4661.914827
20241014,0,4721.302277,4933.254038,4695.704238,4933.254038
20241015,0,4907.655999,4972.163057,4756.115609,4800.144236
20241016,0,4822.67051,4999.808939,4822.67051,4949.636783
20241017,0,4987.52188,4995.713253,4881.034039,4918.919136
20241018,0,4915.847371,4954.75639,4778.641883,4926.086587
20241021,0,4958.852077,5091.961878,4821.646589,5089.914035
20241022,0,5099.129329,5122.679525,4980.354429,5069.435604
20241023,0,5088.890114,5115.512074,4971.139135,5055.100703
20241024,0,5027.454821,5257.83717,5010.048154,5203.569328
20241025,0,5181.404022,5252.121901,5101.186726,5155.016754
20241028,0,5182.459513,5335.50567,5156.072244,5317.562327
20241029,0,5275.342698,5308.06291,5196.180892,5267.954262
20241030,0,5288.008586,5318.617818,5014.636486,5162.405189
20241031,0,5182.459513,5188.792457,5070.577495,5132.851448
20241101,0,5150.794791,5274.287207,5118.074578,5252.121901
20241104,0,5276.398188,5277.453679,5081.132402,5247.899938
20241105,0,5251.066411,5465.33103,5171.904606,5399.890604
20241106,0,5383.002753,5506.495169,5340.783123,5487.496336
20241107,0,5454.776123,5558.214215,5361.892938,5488.551826
20241108,0,5526.549493,5693.317029,5503.328697,5674.318196
20241111,0,5636.320529,5780.92276,5578.268539,5680.65114
20241112,0,5646.875437,5689.095066,5475.885937,5539.215382
20241113,0,5566.658141,5572.991085,5453.720632,5534.993419
20241114,0,5534.993419,5678.540159,5358.726466,5450.55416
20241115,0,5488.551826,5560.325196,5429.444345,5559.269706
20241118,0,5541.326363,5625.765622,5450.55416,5530.771456
20241119,0,5520.216548,5613.099733,5463.220049,5589.878937
20241120,0,5589.878937,5731.314696,5558.214215,5731.314696
20241121,0,5708.093899,5751.369019,5596.211881,5661.652307
20241122,0,5661.652307,5667.985251,5581.435011,5616.266205
20241125,0,5594.1009,5655.319363,5509.661641,5640.542492
20241126,0,5600.433844,5631.043076,5572.991085,5604.655807
20241127,0,5594.1009,5609.933261,5526.549493,5553.992252
20241128,0,5568.769122,5599.378354,5444.221215,5446.332197
20241129,0,5438.943762,5550.82578,5423.111401,5512.828113
20241202,0,5513.883604,5625.765622,5499.106734,5620.488168
20241203,0,5615.210715,5699.649973,5607.822279,5694.37252
20241204,0,5694.37252,5836.863769,5657.430344,5802.032575
20241205,0,5802.032575,5847.418676,5679.595649,5748.202547
20241206,0,5740.814112,5761.923927,5558.214215,5572.991085
20241209,0,5551.88127,5643.708964,5479.05241,5520.216548
20241210,0,5583.545992,5594.1009,5462.164558,5507.55066
20241211,0,5485.385354,5509.661641,5373.503336,5407.27904
20241212,0,5361.892938,5541.326363,5358.726466,5510.717132
20241213,0,5509.661641,5578.268539,5467.442012,5517.050076
20241216,0,5538.159891,5607.822279,5490.662808,5565.60265
20241217,0,5546.603817,5561.380687,5446.332197,5466.386521
20241218,0,5466.386521,5596.211881,5456.887104,5563.491669
20241219,0,5535.528569,5611.261963,5453.969529,5529.702923
20241220,0,5556.500894,5601.94093,5502.904953,5594.950155
20241223,0,5608.931705,5724.279491,5520.38189,5556.500894
20241224,0,5586.794251,5586.794251,5431.832075,5476.106983
20241225,0,5493.58392,5506.40034,5371.24536,5471.446466
20241226,0,5450.474141,5529.702923,5400.373588,5507.56547
20241227,0,5533.198311,5578.638347,5487.758274,5521.547019
20241230,0,5534.36344,5662.527646,5500.574695,5636.894805
20241231,0,5639.225063,5670.68355,5549.510119,5589.12451
20250102,0,5540.189086,5569.317314,5451.639271,5476.106983
20250103,0,5462.125433,5462.125433,5089.284106,5128.898497
20250106,0,5123.072852,5123.072852,4951.798867,4956.459384
20250107,0,4986.752742,5061.321007,4886.551635,5003.06455
20250108,0,4984.422483,5024.036874,4771.20385,4809.653112
20250109,0,4803.827466,4842.276728,4694.305326,4803.827466
20250110,0,4811.98337,4825.96492,4712.947392,4737.415105
20250113,0,4732.754588,4837.616211,4707.121747,4757.2223
20250114,0,4724.598684,4791.011045,4563.810862,4573.131895
20250115,0,4554.489829,4570.801637,4404.188169,4437.976914
20250116,0,4421.665106,4462.444626,4277.189092,4314.473225
20250117,0,4303.987063,4526.526729,4232.914185,4506.719534
20250120,0,4525.3616,4603.425253,4440.307173,4474.095918
20250121,0,4464.774885,4499.728759,4371.564553,4425.160494
20250122,0,4439.142043,4463.609755,4397.197394,4428.655881
20250123,0,4427.490752,4435.646656,4227.088539,4262.042413
20250124,0,4273.693705,4298.161417,4201.455698,4234.079314
20250127,0,4249.467357,4294.447792,4225.793444,4268.406487
20250205,0,4268.406487,4292.0804,4081.382576,4088.48475
20250206,0,4095.586924,4237.630401,4062.443446,4138.199967
20250207,0,4131.097793,4176.078227,4101.505402,4120.444532
20250210,0,4110.974967,4168.976053,4077.831489,4102.689097
20250211,0,4095.586924,4173.710836,4022.197794,4089.668445
20250212,0,4077.831489,4093.219532,3991.421707,4009.177142
20250213,0,3984.319533,4015.09562,3952.359751,3977.217359
20250214,0,3953.543446,4000.891272,3921.583664,3946.441273
20250217,0,3960.64562,4060.076054,3946.441273,4038.769533
20250218,0,4058.892359,4090.852141,4004.442359,4070.729315
20250219,0,4082.566272,4082.566272,4026.932576,4045.871707
20250220,0,4048.239098,4115.70975,4031.667359,4102.689097
20250221,0,4109.791271,4118.077141,4036.402141,4057.708663
20250224,0,4036.402141,4055.341272,3970.115185,4026.932576
20250225,0,4024.565185,4048.239098,3989.054316,4012.728229
20250226,0,4030.483663,4057.708663,3948.808664,3958.278229
20250227,0,3961.829316,4022.197794,3927.502142,4005.626055
20250228,0,4003.258663,4018.646707,3964.196707,3980.768446
20250303,0,3965.380403,4018.646707,3949.99236,3958.278229
20250304,0,3963.013012,4000.891272,3907.379316,3946.441273
20250305,0,3941.70649,3949.99236,3865.949969,3884.889099
20250306,0,3887.25649,3919.216273,3854.113012,3886.072795
20250307,0,3894.358664,3901.460838,3862.398882,3868.31736
20250310,0,3867.133665,3882.521708,3755.866274,3781.907578
20250311,0,3781.907578,3805.581491,3755.866274,3775.9891
20250312,0,3778.356491,3817.418448,3735.743448,3755.866274
20250313,0,3764.152144,3770.070622,3708.518448,3717.988014
20250314,0,3713.253231,3746.396709,3684.844536,3735.743448
20250317,0,3738.11084,3744.029318,3669.456492,3686.028231
20250318,0,3681.293449,3699.048883,3643.415188,3645.782579
20250319,0,3646.966275,3648.149971,3553.454319,3568.842363
20250320,0,3573.577145,3584.230406,3502.555407,3540.433667
20250321,0,3542.801058,3601.985841,3522.678233,3574.760841
20250324,0,3564.10758,3662.354318,3558.189102,3636.313014
20250325,0,3639.864101,3687.211927,3600.802145,3629.21084
20250326,0,3625.659753,3690.763014,3624.476058,3678.926057
20250327,0,3680.109753,3687.211927,3603.169536,3617.373884
20250328,0,3610.27171,3630.394536,3581.863015,3592.516275
20250331,0,3592.516275,3594.883667,3464.677146,3475.330407
20250401,0,3476.514102,3515.576059,3457.574972,3493.085841
20250402,0,3487.167363,3521.494537,3404.308668,3420.880407
20250403,0,3409.043451,3437.452146,3377.083669,3378.267364
20250407,0,3207.815192,3332.103234,3188.876061,3277.653235
20250408,0,3283.571713,3343.940191,3214.917365,3243.326061
20250409,0,3256.346713,3330.919538,3152.181496,3317.898886
20250410,0,3300.143452,3388.920625,3276.469539,3302.510843
20250411,0,3290.673887,3333.28693,3243.326061,3320.266278
20250414,0,3347.491277,3416.145625,3320.266278,3349.858669
20250415,0,3347.491277,3358.144538,3281.204321,3297.77606
20250416,0,3302.510843,3356.960843,3293.041278,3332.103234
20250417,0,3327.454328,3384.403424,3300.72312,3351.861084
20250418,0,3350.698857,3364.645575,3263.531873,3275.154138
20250421,0,3267.018553,3322.805422,3239.125118,3305.372026
20250422,0,3312.345384,3318.156517,3242.611797,3267.018553
20250423,0,3261.207421,3330.941008,3261.207421,3326.292102
20250424,0,3335.589913,3356.50999,3276.316364,3344.887725
20250425,0,3344.887725,3351.861084,3292.587535,3307.696479
20250428,0,3289.100855,3339.076593,3286.776403,3326.292102
20250429,0,3323.967649,3326.292102,3203.096098,3214.718363
20250430,0,3198.447192,3218.205042,3120.57802,3171.715984
20250506,0,3184.500475,3193.798286,3096.171265,3108.955756
20250507,0,3121.740247,3182.176022,3117.091341,3142.660323
20250508,0,3146.147002,3249.585156,3121.740247,3247.260703
20250509,0,3254.234062,3328.616555,3230.989533,3285.614176
20250512,0,3277.478591,3319.318743,3235.638439,3304.209799
20250513,0,3319.318743,3332.103234,3275.154138,3300.72312
20250514,0,3301.885346,3423.919124,3258.882968,3422.756897
20250515,0,3440.190294,3519.221693,3419.270218,3472.732635
20250516,0,3463.434823,3495.977164,3336.75214,3358.834442
20250519,0,3414.621312,3659.851093,3393.701236,3634.282111
20250520,0,3659.851093,3726.098001,3614.524262,3642.417696
20250521,0,3637.768791,3805.1294,3578.495242,3772.587059
20250522,0,3753.991436,3802.804947,3726.098001,3737.720265
20250523,0,3708.664604,3751.666983,3652.877734,3683.095622
20250526,0,3661.01332,3684.257849,3525.032825,3556.412939
20250527,0,3557.575166,3561.061845,3454.137011,3507.599428
20250528,0,3519.221693,3548.277354,3432.054709,3476.219314
20250529,0,3469.245955,3475.057088,3397.187915,3444.8392
20250530,0,3430.892482,3471.570408,3405.3235,3442.514747
20250603,0,3521.546146,3544.790675,3447.163653,3484.354899
20250604,0,3480.86822,3586.630827,3458.785917,3559.899618
20250605,0,3548.277354,3556.412939,3400.674595,3420.432444
20250606,0,3422.756897,3468.083729,3350.698857,3371.618933
20250609,0,3380.916745,3400.674595,3322.805422,3361.158895
20250610,0,3377.430066,3393.701236,3337.914366,3354.185537
20250611,0,3355.347763,3391.376783,3333.265461,3364.645575
20250612,0,3358.834442,3387.890104,3330.941008,3364.645575
20250613,0,3358.834442,3420.432444,3292.587535,3314.669837
20250616,0,3312.345384,3329.778781,3275.154138,3314.669837
20250617,0,3313.507611,3335.589913,3298.398667,3323.967649
20250618,0,3323.967649,3404.161274,3318.156517,3393.701236
20250619,0,3400.674595,3405.3235,3350.698857,3371.618933
20250620,0,3364.645575,3399.512368,3335.589913,3358.834442
20250623,0,3354.185537,3434.379162,3339.076593,3377.430066
20250624,0,3370.456707,3405.3235,3359.996669,3373.943386
20250625,0,3363.483348,3393.701236,3353.02331,3392.53901
20250626,0,3387.890104,3430.892482,3387.890104,3426.243577
20250627,0,3430.892482,3489.003805,3419.270218,3470.408182
20250630,0,3463.434823,3491.328258,3451.812559,3469.245955
20250701,0,3458.785917,3464.597049,3382.078971,3422.756897
20250702,0,3426.243577,3573.846336,3406.485727,3569.19743
20250703,0,3573.846336,3584.306374,3494.814937,3516.89724
20250704,0,3508.761655,3554.088486,3499.463843,3514.572787
20250707,0,3504.112749,3565.710751,3452.974785,3535.492863
20250708,0,3532.006184,3623.822073,3504.112749,3614.524262
20250709,0,3620.335394,3655.202187,3597.090865,3637.768791
20250710,0,3641.25547,3763.289247,3631.957658,3728.422454
20250711,0,3729.58468,3748.180303,3594.766412,3622.659847
20250714,0,3588.95528,3670.311131,3579.657468,3655.202187
20250715,0,3647.066602,3713.31351,3626.146526,3678.446716
20250716,0,3690.068981,3705.177925,3595.928638,3615.686488
20250717,0,3602.901997,3629.633205,3550.601807,3590.117506
20250718,0,3595.928638,3677.28449,3587.793053,3641.25547
20250721,0,3673.797811,3957.381065,3661.01332,3935.298762
20250722,0,3937.623215,4157.284014,3922.514271,4082.901521
20250723,0,4063.143672,4100.334918,3821.40057,3899.269742
20250724,0,3906.243101,4053.84586,3863.240722,3982.950046
20250725,0,4009.681255,4122.417221,3892.296383,3984.112273
20250728,0,3956.218838,3972.490008,3705.177925,3769.10038
20250729,0,3787.696003,3848.131778,3753.991436,3843.482872
20250730,0,3892.296383,3958.543291,3819.076117,3865.565175
20250731,0,3835.347287,3855.105137,3690.068981,3744.693624
20250801,0,3742.369171,3773.749285,3654.039961,3674.960037
20250804,0,3674.960037,3766.775927,3637.768791,3748.180303
20250805,0,3756.315889,3771.424832,3693.55566,3750.504756
20250806,0,3728.422454,3780.722644,3714.475736,3766.775927
20250807,0,3781.88487,3824.887249,3708.664604,3731.909133
20250808,0,3731.909133,3738.882492,3655.202187,3684.257849
20250811,0,3672.635584,3726.098001,3650.553282,3698.204566
20250812,0,3695.880113,3872.538534,3684.257849,3844.645099
20250813,0,3832.065951,3865.229159,3739.437678,3746.299031
20250814,0,3721.140735,3761.165297,3661.675671,3705.13091
20250815,0,3700.556675,3737.15056,3613.646196,3665.106348
20250818,0,3673.11126,3702.843792,3596.492813,3626.225345
20250819,0,3634.230257,3644.522287,3563.329604,3567.903839
20250820,0,3579.339429,3612.502637,3523.305041,3598.77993
20250821,0,3602.210607,3635.373816,3563.329604,3572.478075
20250822,0,3562.186045,3613.646196,3554.181132,3588.4879
20250825,0,3591.918577,3677.685496,3591.918577,3641.091611
20250826,0,3641.091611,3661.675671,3505.008099,3509.582334
20250827,0,3509.582334,3526.735718,3475.275567,3483.280479
20250828,0,3476.419126,3506.151658,3464.983536,3502.720981
20250829,0,3497.003186,3507.295217,3437.538122,3471.84489
20250901,0,3466.127095,3475.275567,3400.944237,3439.82524
20250902,0,3447.830153,3483.280479,3423.815415,3455.835065
