date,time,open,high,low,close
20201119,0,47500,47600,45600,47090
20201120,0,47170,47840,46880,47790
20201123,0,48000,48680,47960,48220
20201124,0,48220,48940,47820,48910
20201125,0,48950,49210,48610,48750
20201126,0,48600,49410,48500,49330
20201127,0,49150,50040,49090,49990
20201130,0,50000,51440,49930,51370
20201201,0,51460,51570,50410,50800
20201202,0,51040,51530,50680,50970
20201203,0,50620,51160,50340,50730
20201204,0,51000,51340,50540,51250
20201207,0,51120,51550,50850,50930
20201208,0,50790,51100,50660,50800
20201209,0,50670,51280,50510,51130
20201210,0,51130,51270,50500,51250
20201211,0,51280,52740,50900,51630
20201214,0,51520,51800,50970,51610
20201215,0,51610,51640,51110,51400
20201216,0,51530,51880,51250,51660
20201217,0,51790,52330,51590,52290
20201218,0,52370,53080,52200,52860
20201221,0,52810,53110,52330,52860
20201222,0,52270,52500,51510,51600
20201223,0,51550,51690,50870,51570
20201224,0,51570,52060,51570,51780
20201225,0,51750,52250,51460,52190
20201228,0,52190,52730,51940,52330
20201229,0,52370,52550,51710,51910
20201230,0,52030,52260,51740,52110
20201231,0,51820,51950,51330,51450
20210104,0,51380,51900,51350,51790
20210105,0,51960,52100,51330,51730
20210106,0,51720,52790,51690,52550
20210107,0,52740,53060,52290,52930
20210108,0,52670,54060,52580,53730
20210111,0,53450,53640,52100,52170
20210112,0,52220,52320,51520,52220
20210113,0,52410,52540,52070,52290
20210114,0,52200,52430,51990,52230
20210115,0,52349.770686,53118.299255,51411.566979,52160.133766
20210118,0,52249.961781,52868.776992,51850.726161,52689.120963
20210119,0,52689.120963,54036.541181,52030.38219,52339.789796
20210120,0,52409.656029,53228.08905,52130.191095,52529.426715
20210121,0,52449.579591,52868.776992,52220.019109,52719.063635
20210122,0,52719.063635,52968.585897,52030.38219,52230
20210125,0,51890.649723,52649.197401,51720.974584,52549.388496
20210126,0,52429.61781,52569.350277,51920.592394,52010.420409
20210127,0,52160.133766,52589.312058,52080.286642,52220.019109
20210128,0,51800.821708,52080.286642,50932.484235,50932.484235
20210129,0,51182.006497,51980.477737,51062.235811,51172.025607
20210201,0,51451.490541,51870.687942,50912.522454,51511.375884
20210202,0,51441.50965,51451.490541,50902.541563,50962.426906
20210203,0,50782.770877,51042.27403,50543.229505,50682.961972
20210204,0,51042.27403,51541.318555,50912.522454,51381.624307
20210205,0,51311.758074,51800.821708,51142.082935,51730.955475
20210208,0,52010.420409,52489.503153,51671.070132,52259.942672
20210209,0,52349.770686,53068.394802,52289.885343,52918.681445
20210210,0,53008.509459,54176.273648,52858.796102,54106.407414
20210218,0,54994.706669,56402.01223,54835.012421,56272.260654
20210219,0,56392.03134,57270.349704,55992.795719,57130.617237
20210222,0,57250.387923,59855.400344,57210.464361,59855.400344
20210223,0,59665.541812,61314.313274,59325.794965,60554.879146
20210224,0,60145.184419,61504.171806,59375.757737,60514.908929
20210225,0,60874.640884,63212.898594,60604.841918,62683.293215
20210226,0,62643.322998,62933.107073,60674.789798,60674.789798
20210301,0,59955.325887,60774.715341,58136.681002,60095.221648
20210302,0,59975.310996,60265.095071,58566.360837,59485.675834
20210303,0,60355.02806,61234.372839,59945.333333,60414.983386
20210304,0,60414.983386,60414.983386,59185.899205,59195.891759
20210305,0,57996.785241,59085.973662,56477.916986,58486.420403
20210308,0,59205.884314,59835.415235,58346.524642,58426.465077
20210309,0,58696.264043,59925.348224,58416.472523,58806.182141
20210310,0,58636.308718,58806.182141,57736.978829,58046.748013
20210311,0,58616.323609,60115.206756,58036.755459,59815.430127
20210312,0,59825.422681,59875.385453,59105.95877,59465.690726
20210315,0,59555.623715,60574.864255,59385.750291,59995.296104
20210316,0,60115.206756,60185.154636,59325.794965,59335.78752
20210317,0,58946.077901,59595.593932,58766.211924,59475.68328
20210318,0,59475.68328,60075.236539,59185.899205,59455.698171
20210319,0,59555.623715,59845.40779,58246.599099,58606.331055
20210322,0,59205.884314,59915.35567,58776.204478,59365.765183
20210323,0,59595.593932,60195.147191,58976.055564,59515.653497
20210324,0,59305.809857,59415.727954,58436.457631,58986.048119
20210325,0,59155.921542,59425.720508,58046.748013,58116.695893
20210326,0,57687.016058,58816.174695,57527.135189,58666.286381
20210329,0,58766.211924,59285.824748,58546.375729,58836.159804
20210330,0,58946.077901,59055.995999,58376.502305,58406.479968
20210331,0,58127.166315,58436.406431,57758.073274,58137.141803
20210401,0,58177.043753,58396.504481,57658.318397,57718.171323
20210402,0,58047.362414,59663.391407,57947.607538,59473.857143
20210406,0,59852.925672,60072.3864,59344.175804,59533.710069
20210407,0,59593.562994,60231.994201,59034.935688,59364.126779
20210408,0,59174.592514,59623.489457,58825.450448,59344.175804
20210409,0,59433.955192,59753.170796,59104.764101,59244.420928
20210412,0,59304.273853,59453.906168,58236.896679,58296.749605
20210413,0,58446.381919,58735.67106,58246.872167,58496.259357
20210414,0,59054.886663,59054.886663,58605.989721,58845.401423
20210415,0,59294.298366,60631.013706,59234.44544,60491.356879
20210416,0,60591.111755,61748.268318,60511.307855,60930.278334
20210419,0,61399.126252,62057.508434,60291.847127,61937.802583
20210420,0,61937.802583,61997.655509,61309.346863,61668.464417
20210421,0,61468.954665,61818.096732,60820.54797,61020.057723
20210422,0,61249.493938,61917.851608,61069.935161,61419.077227
20210423,0,61668.464417,62007.630996,61149.739062,61738.292831
20210426,0,62137.312335,64571.331313,61828.072219,63134.861096
20210427,0,63334.370849,64800.767528,63174.763047,64441.649974
20210428,0,64321.944122,64351.870585,63224.640485,63474.027675
20210429,0,63823.169742,64890.546916,63603.709014,64461.600949
20210430,0,64701.012652,65030.203743,63434.125725,64002.728519
20210506,0,64679.584746,65336.533437,64301.34156,65167.31938
20210507,0,65386.302277,66690.24589,65386.302277,66530.985602
20210510,0,66949.04386,69576.838623,66809.691107,69079.150221
20210511,0,68591.415587,68830.30602,66431.447921,67486.547334
20210512,0,67486.547334,68541.646746,67217.795597,68491.877906
20210513,0,67894.651824,68163.403561,66958.997628,67586.085014
20210514,0,67038.627772,67297.425741,65396.256045,66252.280097
20210517,0,66053.204736,66919.182555,61982.113606,66501.124298
20210518,0,66530.985602,67745.345303,66302.048937,67675.668927
20210519,0,67357.148349,67476.593566,65814.314303,65913.851983
20210520,0,65177.273148,65645.100246,64171.942575,65326.579668
20210521,0,65306.672132,65356.440973,63664.300405,63893.23707
20210524,0,64420.786777,64629.815905,62897.860266,63425.409972
20210525,0,63644.392869,64619.862137,63594.624029,64052.497359
20210526,0,63634.439101,63962.913447,63345.779828,63644.392869
20210527,0,63763.838086,64092.312431,63186.519539,63743.93055
20210528,0,63823.560694,65933.759519,63753.884318,65008.059091
20210531,0,64659.67721,65993.482127,64450.648081,65525.655029
20210601,0,65625.19271,65883.990679,65187.226916,65674.96155
20210602,0,65495.793725,66162.696184,65087.689235,65227.041988
20210603,0,65048.283347,65107.869561,64243.869461,64621.248815
20210604,0,62962.765865,63548.696967,62396.696835,62744.283082
20210607,0,63439.455575,63856.559072,63042.21415,63191.179685
20210608,0,63141.524507,63608.283181,62952.83483,63250.765899
20210609,0,62833.662402,64174.352212,62724.42101,63439.455575
20210610,0,63250.765899,63727.455609,62982.627937,63191.179685
20210611,0,63081.938293,63648.007324,62585.386512,63558.628003
20210615,0,63558.628003,63558.628003,61612.14502,62178.214051
20210616,0,60976.55874,61512.834664,60559.455244,60589.248351
20210617,0,61224.834631,61800.834697,60380.696603,60897.110455
20210618,0,60698.489743,60986.489776,59218.765435,59496.834432
20210621,0,59198.903363,59566.351682,58632.834333,58662.62744
20210622,0,58662.62744,59774.90343,58612.972261,59526.627539
20210623,0,59506.765468,60718.351814,59427.317183,60569.38628
20210624,0,60787.869063,61502.903628,60340.97246,60499.86903
20210625,0,60787.869063,61284.420845,60609.110422,60768.006992
20210628,0,60768.006992,60946.765633,60201.937962,60678.627672
20210629,0,60807.731135,60857.386313,59814.627572,60231.731068
20210630,0,60003.317249,60638.903529,59913.937928,60470.075923
20210701,0,60509.708941,61233.011504,60232.277821,60301.635601
20210702,0,60519.617195,60965.488638,59855.764158,60291.727346
20210705,0,60380.901635,61668.974692,60242.186075,61480.717861
20210706,0,61193.378487,62045.488355,61124.020706,61906.772795
20210707,0,61659.066438,61678.882947,59974.663209,61044.754672
20210708,0,61034.846418,61480.717861,60638.516246,60757.415298
20210709,0,60380.901635,61173.561978,60232.277821,60856.497841
20210712,0,61520.350878,61877.048032,60886.222604,61005.121655
20210713,0,60806.956569,61391.543572,60767.323552,61163.653724
20210714,0,60440.351161,60955.580384,60281.819092,60777.231806
20210715,0,60579.066721,61034.846418,59984.571463,60757.415298
20210716,0,60618.699738,61411.360081,60618.699738,61223.103249
20210719,0,61213.194995,61332.094047,60569.158466,60668.241009
20210720,0,60123.287023,60321.452109,59399.98446,60083.654006
20210721,0,59915.213683,60569.158466,59776.498123,59915.213683
20210722,0,60192.644803,60915.947366,60103.470515,60886.222604
20210723,0,60925.855621,61817.598507,60797.048315,61550.075641
20210726,0,61708.60771,62877.781716,61490.626115,62570.625833
20210727,0,62877.781716,64552.27669,62768.790918,63700.166822
20210728,0,64096.743736,64285.11777,63561.364902,63690.252399
20210729,0,63690.252399,63729.91009,63035.90049,63422.562982
20210730,0,63422.562982,63809.225473,63085.472605,63551.450479
20210802,0,63729.91009,64126.487004,62678.981268,63343.247599
20210803,0,63442.391827,63630.765862,62272.489931,62272.489931
20210804,0,61538.82264,62242.746662,61380.191874,62024.62936
20210805,0,61429.763989,61796.597634,61181.903417,61191.81784
20210806,0,61201.732263,62222.917817,61191.81784,62183.260125
20210809,0,62014.714937,62292.318777,60924.128423,61320.705337
20210810,0,60180.546709,61548.737063,60180.546709,61360.363029
20210811,0,61181.903417,62133.688011,61181.903417,61588.394754
20210812,0,61756.939943,62411.291851,61657.795714,62213.003394
20210813,0,62084.115897,62084.115897,61390.106297,61737.111097
20210816,0,61756.939943,62560.008194,61380.191874,61400.02072
20210817,0,61499.164948,61707.367828,61181.903417,61390.106297
20210818,0,60388.749589,60914.214,60240.033246,60428.407281
20210819,0,59853.370755,59972.343829,57315.278505,58514.92367
20210820,0,57662.283305,59149.446733,57662.283305,58782.613087
20210823,0,58435.608287,59833.541909,58435.608287,59337.820767
20210824,0,60140.889018,60448.236126,59893.028447,60130.974595
20210825,0,60676.267852,61211.646686,60448.236126,60745.668812
20210826,0,61221.561109,61261.2188,60359.006321,60418.492858
20210827,0,60656.439006,60924.128423,60359.006321,60854.727463
20210830,0,61073.200701,62006.677265,61003.686489,61937.163053
20210831,0,62393.970733,62443.623742,61609.453195,61927.232451
20210901,0,61996.746663,62096.052681,60884.519268,60944.102879
20210902,0,60864.658065,61132.784312,60497.2258,60954.033481
20210903,0,60487.295199,61410.841161,60487.295199,61073.200701
20210906,0,61321.465745,61619.383797,60954.033481,61331.396347
20210907,0,61371.118754,61569.730788,60824.935658,61073.200701
20210908,0,60954.033481,61152.645515,60586.601216,60586.601216
20210909,0,60408.17209,61280.492264,60100.877483,61052.499491
20210910,0,60913.721282,61825.692373,60675.815779,61716.652351
20210913,0,62351.067024,63500.943618,61934.732395,63094.521718
20210914,0,63094.521718,63629.809098,61558.048683,61567.961413
20210915,0,61518.397766,61924.819666,61082.237679,61478.746849
20210916,0,61478.746849,62479.932504,61310.230452,61359.794098
20210917,0,61240.841347,61458.921391,60804.68126,60943.459469
20210922,0,59575.502832,60646.077592,59060.040911,60180.179317
20210923,0,60477.561194,60725.379426,59952.186544,60071.139295
20210924,0,60229.742963,60844.332177,60001.75019,60576.688487
20210927,0,60427.997548,61260.666806,60318.957526,60854.244906
20210928,0,60606.426675,61102.063137,60596.513945,60814.593989
20210929,0,60665.90305,60814.593989,60021.575649,60160.353858
20210930,0,60249.568421,60388.346631,59506.113727,59545.764644
20211008,0,60408.17209,61201.19043,60130.61567,60467.648465
20211011,0,60517.212111,61607.61233,60477.561194,61518.397766
20211012,0,61647.263247,62380.805212,60943.459469,61221.015889
20211013,0,61904.994207,62271.76519,61141.714055,61696.826893
20211014,0,62212.288814,65027.503923,62093.336063,64105.620102
20211015,0,64442.652897,65889.911368,64442.652897,65572.704032
20211018,0,66692.842438,70429.941368,66276.507809,67604.81353
20211019,0,67198.39163,67495.773508,65969.213202,67138.915255
20211020,0,66861.358836,66901.009753,64274.1365,65086.980299
20211021,0,65196.02032,66534.23877,64383.176521,64680.558399
20211022,0,64829.249338,64938.28936,63530.681805,64333.612875
20211025,0,63600.07091,64204.747395,62777.314382,63857.801871
20211026,0,63441.467242,64046.143727,63203.56174,63629.809098
20211027,0,63749.152285,63888.386003,61929.168686,61929.168686
20211028,0,61929.168686,63152.436351,61501.522267,62873.968915
20211029,0,62416.486699,62943.585774,61839.661296,62018.676076
20211101,0,61760.099171,62386.650902,61392.124345,61799.880234
20211102,0,61799.880234,62555.720417,61133.547441,61352.343283
20211103,0,61620.865453,62893.859446,61352.343283,62893.859446
20211104,0,62456.267761,62595.501479,61252.890627,61750.153906
20211105,0,62038.566607,62307.088777,60526.886241,61163.383237
20211108,0,60984.368457,62008.73081,60795.408411,61630.810719
20211109,0,61670.591781,62277.252981,61451.795939,62227.526653
20211110,0,62535.829886,62545.775151,61382.17908,61859.551827
20211111,0,61829.71603,62326.979309,61203.1643,61978.895014
20211112,0,62227.526653,62714.844666,62028.621342,62098.238201
20211115,0,61839.661296,63023.147898,61839.661296,62426.431964
20211116,0,62605.446745,62804.352056,61849.606561,61959.004483
20211117,0,62098.238201,62287.198246,61412.014876,61710.372843
20211118,0,61372.233814,61620.865453,60248.418805,60407.543054
20211119,0,60765.572615,62585.556213,60218.583008,62585.556213
20211122,0,62068.402404,62854.078384,61988.840279,62157.909794
20211123,0,62406.541433,63420.958521,62147.964528,62774.516259
20211124,0,63231.998475,63599.973301,62913.749977,63241.943741
20211125,0,63560.192239,64345.868219,63560.192239,64047.510252
20211126,0,64325.977688,64325.977688,62555.720417,62685.008869
20211129,0,62046.282461,62495.386967,61467.436654,62245.884464
20211130,0,62305.765064,62834.710371,61367.635653,61607.158056
20211201,0,61916.54116,62036.302361,61187.993851,61696.978957
20211202,0,61577.217755,61716.939157,60259.844539,60708.949045
20211203,0,60798.769946,61846.680459,60698.968945,61497.376954
20211206,0,61417.536153,61746.879458,60888.590847,61098.17295
20211207,0,61098.17295,61726.919257,61098.17295,61497.376954
20211208,0,62076.222762,62195.983963,61407.556053,61557.257555
20211209,0,61397.575953,62096.182962,61307.755052,61706.959057
20211210,0,61427.516254,61617.138156,61197.973951,61527.317255
20211213,0,61517.337155,61756.859558,61267.834652,61597.177956
20211214,0,61397.575953,61397.575953,60509.347042,60898.570947
20211215,0,61267.834652,61267.834652,60000.361936,60060.242537
20211216,0,59481.39673,60728.909245,59092.172825,60529.307243
20211217,0,61098.17295,61577.217755,61018.332149,61377.615753
20211220,0,61447.476454,61477.416754,60579.207743,60698.968945
20211221,0,61068.232649,61467.436654,60788.789846,61347.675453
20211222,0,61547.831001,62188.328754,61517.807668,62078.243203
20211223,0,62538.600963,62668.702069,62058.227648,62618.663182
20211224,0,62268.390973,62528.593186,61868.079877,62208.344309
20211227,0,62118.274312,62428.515412,61928.126542,62058.227648
20211228,0,62268.390973,63299.192045,62198.336532,63018.974278
20211229,0,63259.160936,63409.277597,62378.476525,62688.717624
20211230,0,62528.593186,62928.904282,62418.507634,62678.709847
20211231,0,62868.857617,63028.982056,62368.468747,62928.904282
20220104,0,63159.083162,63159.083162,62148.297645,62278.398751
20220105,0,62428.515412,63369.246487,62218.352086,62748.764288
20220106,0,62748.764288,63059.005388,62018.196538,62068.235425
20220107,0,61988.173206,62248.375418,61507.799891,62008.188761
20220110,0,61958.149874,62498.569853,61878.087655,62328.437638
20220111,0,62268.390973,62478.554299,61617.885442,62278.398751
20220112,0,62408.499857,63639.456477,62148.297645,63479.332039
20220113,0,64279.95423,64900.436429,63749.542028,63879.643134
20220114,0,64420.063114,64500.125333,63529.370925,63899.658689
20220117,0,63579.409812,63729.526473,62248.375418,62528.593186
20220118,0,61928.126542,62588.63985,61928.126542,62378.476525
20220119,0,62188.328754,62528.593186,61998.180984,62288.406528
20220120,0,62678.709847,63499.347593,62648.686514,63429.293152
20220121,0,63449.308706,64039.767573,63079.020943,63529.370925
20220124,0,63469.324261,64249.930898,62698.725401,62808.810953
20220125,0,62328.437638,62548.60874,61808.033213,61888.095432
20220126,0,61888.095432,62918.896504,61707.955439,62808.810953
20220127,0,62808.810953,63387.602029,62050.39506,62100.290842
20220128,0,62699.040231,63197.998056,62389.68638,62569.311197
20220207,0,63227.935525,63357.66456,62599.248667,62758.91517
20220208,0,62938.539987,63008.394083,62479.498789,62818.790109
20220209,0,62449.561319,62808.810953,62100.290842,62679.081918
20220210,0,62679.081918,65034.16285,62679.081918,64984.267068
20220211,0,65383.433327,67439.139565,63377.622873,63676.997568
20220214,0,63966.393106,64066.184671,62908.602518,63497.372751
20220215,0,63397.581186,63517.331064,62748.936014,63227.935525
20220216,0,63647.060098,63736.872506,63188.018899,63736.872506
20220217,0,63916.497323,63916.497323,63257.872995,63387.602029
20220218,0,63387.602029,64146.017923,63307.768777,63996.330575
20220221,0,63736.872506,63996.330575,63337.706247,63537.289377
20220222,0,63158.08143,63387.602029,63068.269022,63088.227335
20220223,0,63387.602029,63547.268533,63138.123117,63327.72709
20220224,0,63267.852151,63317.747934,62479.498789,62848.727579
20220225,0,63287.044905,63536.088841,62569.798371,62928.421638
20220228,0,62729.18649,63028.039212,62519.989584,62848.727579
20220301,0,62868.651094,63087.809757,62589.721886,63028.039212
20220302,0,63177.465574,63775.171019,63087.809757,63526.127084
20220303,0,64940.696638,65618.096142,64103.909014,65478.631538
20220304,0,65438.784509,66943.009879,64990.505425,66594.34837
20220307,0,66175.954558,68138.42077,63326.891935,67859.491562
20220308,0,67690.141686,68795.89676,63944.520895,66763.698246
20220309,0,63745.285747,65428.822751,63745.285747,64960.620152
20220310,0,64074.023742,64562.149855,63466.356539,64044.138469
20220311,0,64761.385004,64761.385004,63854.865078,64173.641316
20220314,0,64303.144162,64532.264583,63785.132776,63894.712108
20220315,0,63316.930178,63765.209262,63018.077455,63287.044905
20220316,0,62918.459881,64153.717801,62788.957034,63944.520895
20220317,0,64462.532281,64671.729187,63984.367925,64333.029435
20220318,0,64671.729187,65568.287355,64532.264583,65080.161241
20220321,0,64990.505425,66046.451711,64831.117306,65040.314212
20220322,0,65050.275969,65608.134385,65020.390697,65309.281662
20220323,0,66225.763345,66225.763345,65060.237727,65508.516811
20220324,0,65707.751959,66634.195399,65707.751959,66265.610375
20220325,0,66215.801588,66803.545276,65857.17832,65956.795895
20220328,0,65737.86869,65797.57611,65051.233368,65190.55068
20220329,0,65339.819228,66275.235464,65339.819228,65847.332292
20220330,0,65668.210034,66802.651002,65508.99025,66683.236163
20220331,0,66275.235464,66414.552776,65479.13654,65518.941486
20220401,0,65658.258798,66096.113206,63767.523852,65260.209336
20220406,0,66076.210733,66245.381755,65767.7224,65986.649604
20220407,0,66195.625572,66265.284228,65230.355626,65608.502615
20220408,0,65409.477884,66076.210733,65329.867992,65946.844658
20220411,0,65857.283529,65936.893421,65290.063045,65399.526647
20220412,0,65270.160572,65499.039013,64911.916056,65389.575411
20220413,0,65300.014282,66374.74783,65290.063045,66076.210733
20220414,0,65588.600142,66235.430518,65588.600142,66026.45455
20220415,0,65737.86869,66852.407185,65628.405088,66723.041109
20220418,0,66991.724496,67021.578206,66384.699067,66444.406486
20220419,0,66563.821325,67320.115303,66533.967615,66862.358421
20220420,0,66524.016378,66524.016378,66076.210733,66245.381755
20220421,0,65877.186002,66474.260196,65877.186002,66175.723099
20220422,0,66663.33369,67011.62697,66454.357722,66792.699765
20220425,0,66921.892608,67160.402472,65302.013117,65411.330138
20220426,0,65083.379075,65520.647159,64367.849484,65023.751609
20220427,0,64536.793971,65202.634007,64536.793971,64815.055478
20220428,0,64675.924724,65272.199384,64397.663217,64834.9313
20220429,0,64656.048902,65351.702672,64427.47695,65192.696096
20220505,0,64447.352772,64844.869211,64208.842908,64258.532463
20220506,0,63821.264379,64129.33962,61634.923961,63364.120474
20220509,0,63105.734788,63413.810029,62757.907903,62777.783725
20220510,0,62141.757422,63264.741364,62141.757422,63105.734788
20220511,0,62936.790301,63155.424343,62032.440401,62847.349102
20220512,0,62757.907903,63234.927631,62062.254134,62092.067867
20220513,0,61654.799783,62439.894752,61287.097077,62370.329375
20220516,0,61982.750846,63006.355678,61684.613516,62608.839238
20220517,0,62867.224924,63205.113898,62628.71506,63056.045233
20220518,0,63354.182563,63453.561673,62738.032081,62767.845814
20220519,0,62708.218348,62996.417767,62340.515642,62847.349102
20220520,0,63026.2315,63513.189139,62956.666123,63364.120474
20220523,0,63413.810029,63702.009447,63115.672699,63513.189139
20220524,0,63572.816604,63801.388557,63195.175987,63304.493008
20220525,0,63234.927631,63622.506159,62877.162835,63374.058385
20220526,0,62966.604034,63274.679275,62877.162835,62986.479856
20220527,0,63115.652318,64029.795897,63095.779632,63721.769257
20220530,0,63821.132689,64029.795897,63642.278511,63850.941719
20220531,0,63890.687092,64188.777389,63701.89657,64019.859554
20220601,0,63910.559778,63920.496121,63234.888437,63413.742616
20220602,0,63821.132689,64149.032016,63582.660451,64039.73224
20220606,0,64874.385073,65003.557536,64576.294776,64685.594552
20220607,0,64884.321417,64963.812163,64516.676716,64566.358433
20220608,0,64566.358433,64953.875819,64407.376941,64775.021641
20220609,0,64854.512387,65142.666341,64735.276268,64804.830671
20220610,0,64586.231119,64625.976492,64258.331792,64437.18597
20220613,0,64437.18597,64437.18597,63344.188213,63453.487989
20220614,0,63016.288886,63373.997243,62807.625678,63244.824781
20220615,0,62906.98911,62996.416199,62191.572396,62201.508739
20220616,0,62141.89068,62618.835156,61953.100158,62002.781874
20220617,0,61197.938071,61416.537623,60720.993595,61227.747101
20220620,0,60949.52949,60949.52949,59498.823376,59568.377778
20220621,0,59558.441435,60234.112776,59260.351138,59687.613897
20220622,0,59945.958822,60532.203074,58723.788602,58763.533975
20220623,0,58544.934424,59002.006213,57491.682039,58217.035096
20220624,0,57720.217934,57750.026964,55772.694657,55822.376373
20220627,0,55653.398382,56895.883611,54241.935162,56080.813301
20220628,0,56090.753183,57025.102075,55822.376373,57005.222312
20220629,0,56905.823493,57035.041957,55315.4424,55752.797201
20220630,0,56080.813301,56796.484793,55991.354365,56140.452592
20220701,0,55613.638855,55653.398382,54013.31788,54152.476226
20220704,0,53933.798825,54381.093508,53337.405915,53337.405915
20220705,0,53615.722607,54222.055398,52959.690406,52979.570169
20220706,0,52313.598086,52343.417732,49132.8359,50892.194984
20220707,0,51319.609903,52552.15525,50474.719947,51756.964704
20220708,0,53277.766624,53426.864852,51935.882577,52084.980804
20220711,0,52393.117141,52830.471942,51160.571794,51677.445649
20220712,0,51916.002813,51916.002813,50305.741956,50504.539593
20220713,0,50017.485383,50146.703847,48705.420981,49291.874009
20220714,0,48794.879918,49808.747865,48178.607244,48884.338854
20220715,0,48874.398972,48884.338854,47144.859533,47174.679179
20220718,0,47661.733389,49689.469283,47592.154216,49669.589519
20220719,0,49987.665738,50574.118766,49013.557318,49262.054364
20220720,0,49172.595427,50484.659829,48755.12039,50017.485383
20220721,0,50226.222902,50474.719947,49202.415073,49421.092473
20220722,0,49242.1746,50246.102665,49003.617436,50166.583611
20220725,0,49947.90621,51031.35333,49888.266919,50335.561602
20220726,0,50713.277111,52084.980804,50584.058648,51975.642104
20220727,0,51846.42364,51975.642104,50971.714039,51717.205176
20220728,0,51349.429549,53098.848751,51299.73014,53049.149342
20220729,0,52709.282925,53209.08648,52339.428294,53139.113982
20220801,0,53279.058977,54108.732879,52939.19256,53758.87039
20220802,0,54038.760381,54088.740737,52239.467583,53279.058977
20220803,0,53389.01576,53628.921466,52589.330071,52889.212204
20220804,0,53169.102195,53249.070764,51899.601165,51909.597236
20220805,0,52399.40472,53648.913608,51769.652241,53448.992186
20220808,0,53558.948968,54238.681803,52949.188631,54178.705377
20220809,0,54118.72895,54728.489287,53768.866461,54348.638585
20220810,0,54508.575723,54898.422496,53908.811457,54178.705377
20220811,0,55138.328203,55688.112113,54658.51679,55558.163189
20220812,0,55778.076753,55948.009962,55398.226051,55878.037464
20220815,0,55628.135687,55628.135687,54328.646443,54528.567865
20220816,0,54078.744666,55478.19462,53938.79967,55078.351776
20220817,0,55098.343918,55378.233909,54778.469643,54988.387136
20220818,0,54688.505003,54908.418567,54238.681803,54248.677874
20220819,0,55358.241767,55658.1239,55018.375349,55088.347847
20220822,0,55638.131758,56277.880308,55458.202478,55688.112113
20220823,0,55618.139615,56147.931384,55318.257482,55908.025677
20220824,0,56087.954957,56617.746726,55997.990317,56467.805659
20220825,0,56217.903882,56217.903882,55698.108184,56107.9471
20220826,0,56317.864593,56997.597428,56207.907811,56987.601357
20220829,0,57377.44813,57747.30276,55518.178904,55768.080682
20220830,0,55989.462453,56049.8393,55385.693987,55597.01295
20220831,0,55194.500639,55637.264181,55013.370099,55395.756794
20220901,0,54147.96863,54922.804829,53805.833166,54117.780207
20220902,0,53876.272821,53916.524052,52769.363965,53000.808544
20220905,0,53121.562238,53956.775283,52930.36889,53815.895974
20220906,0,53634.765434,54842.302367,53634.765434,54812.113944
20220907,0,54600.79498,54751.737097,53745.45632,53886.335628
20220908,0,54037.277745,54630.983404,53815.895974,54319.036363
20220909,0,54651.109019,56472.477226,54520.292518,56190.718609
20220913,0,56442.288803,56724.047421,56160.530185,56442.288803
20220914,0,56381.911956,56381.911956,55415.88241,55617.138565
20220915,0,55647.326989,55939.148414,55184.437831,55335.379948
20220916,0,54993.244483,55496.384872,54922.804829,55013.370099
20220919,0,55184.437831,56251.095455,55073.746946,55476.259257
20220920,0,55244.814678,56150.467377,55134.123792,55818.394721
20220921,0,55707.703835,56210.844224,55546.698911,56080.027723
20220922,0,55768.080682,56150.467377,55083.809753,55727.829451
20220923,0,56160.530185,56331.597917,55345.442756,55345.442756
20220926,0,54459.915671,54691.36025,53644.828242,53815.895974
20220927,0,54091.299536,54754.30811,53866.896633,54376.903229
20220928,0,54570.705735,54662.506923,53785.295578,53887.296897
20220929,0,54438.104021,55121.512859,54254.501646,54723.707714
20220930,0,55488.717608,55488.717608,54621.706395,55223.514178
20221010,0,54927.710352,55468.317344,54866.509561,55050.111935
20221011,0,55774.321301,56478.130403,55692.720246,56223.127105
20221012,0,56335.328556,56498.530667,55743.720906,56406.72948
20221013,0,56059.924995,56365.928952,55886.522752,56019.124467
20221014,0,55672.319982,57375.742012,55600.919059,57283.940824
20221017,0,57436.942803,57436.942803,56488.330535,56712.733437
20221018,0,57090.138318,57090.138318,56233.327237,56457.730139
20221019,0,56294.528029,56345.528688,55621.319323,55825.321961
20221020,0,55835.522093,56151.726182,55549.918399,55733.520774
20221021,0,56202.726842,57120.738714,56110.925654,56631.132382
20221024,0,56569.93159,58089.751246,56518.930931,57661.345705
20221025,0,57434.169916,57878.195322,57413.517572,57712.976566
20221026,0,57341.234366,58249.937522,57093.406233,57547.757811
20221027,0,58311.894555,58466.787139,57898.847666,58384.177761
20221028,0,58456.460967,59024.400439,57692.324222,57764.607427
20221031,0,57485.800777,57960.8047,56773.294894,56907.535133
20221101,0,56649.380827,58322.220728,56618.40231,58198.306661
20221102,0,58590.701205,58828.203167,57991.783216,58549.396517
20221103,0,58095.044939,58559.722689,58084.718766,58311.894555
20221104,0,57692.324222,59344.511778,57681.99805,59158.640678
20221107,0,60666.261823,61275.505984,59850.494217,60583.652445
20221108,0,60470.06455,60624.957134,59798.863356,60511.369239
20221109,0,60717.892684,61667.900529,60614.630962,61492.355601
20221110,0,61172.244262,62215.187656,61038.004023,61750.509906
20221111,0,61533.66029,63516.285357,61482.029428,62793.453301
20221114,0,62731.496268,63382.045118,61616.269667,61967.359523
20221115,0,61554.312634,62256.492345,61461.377084,62111.925934
20221116,0,61833.119284,62111.925934,61275.505984,61595.617323
20221117,0,61420.072395,61626.59584,60810.828234,61347.78919
20221118,0,61120.613401,61213.548951,60542.347756,60593.978617
20221121,0,60387.455173,60511.369239,59551.035222,59850.494217
20221122,0,59406.468811,59685.275461,59096.683644,59148.314506
20221123,0,59540.70905,60149.953211,59365.164122,59654.296945
20221124,0,59406.468811,60046.691489,59396.142639,59891.798906
20221125,0,59767.884839,60046.691489,59602.666084,59922.777422
20221128,0,60139.552328,60325.35939,58735.67675,58931.806426
20221129,0,59365.356237,60304.714161,59282.775321,59984.71311
20221130,0,59902.132193,60056.971412,59427.291924,59592.453757
20221201,0,60315.036775,60975.684106,59964.067881,60944.716262
20221202,0,60748.586586,61398.911302,60500.843837,61378.266073
20221205,0,61202.781626,61873.751571,60635.037826,61295.685157
20221206,0,61367.943459,61367.943459,60480.198608,60614.392597
20221207,0,60542.134295,61378.266073,60263.423702,60418.262921
20221208,0,60614.392597,61564.073135,60511.166451,61388.588688
20221209,0,61667.29928,62204.075237,61481.492219,62193.752622
20221212,0,61626.008822,61760.202811,60831.167502,60882.780575
20221213,0,60934.393648,61089.232866,60418.262921,61016.974564
20221214,0,61192.459011,62038.913404,61192.459011,61481.492219
20221215,0,61089.232866,61357.620844,60676.328284,60800.199659
20221216,0,60851.812731,61006.65195,58333.094783,60211.81063
20221219,0,59891.809579,60851.812731,59767.938204,59984.71311
20221220,0,60242.778473,60531.811681,59355.033623,59860.841735
20221221,0,59891.809579,60717.618742,59891.809579,60583.424753
20221222,0,60604.069982,61171.813782,60428.585535,60707.296128
20221223,0,60676.328284,60696.973513,60036.326182,60139.552328
20221226,0,60180.722653,60962.958829,60067.504259,60787.984948
20221227,0,60787.984948,61426.124986,60767.399785,61282.028848
20221228,0,61724.609843,61745.195005,60932.081085,61137.932711
20221229,0,61137.932711,61302.614011,60890.91076,61096.762385
20221230,0,60726.22946,60983.543992,60623.303647,60942.373667
20230103,0,60983.543992,60983.543992,59871.945215,60345.403953
20230104,0,60046.919097,60376.281697,59130.879364,59182.34227
20230105,0,58554.494813,59069.123876,58472.154163,58719.176113
20230106,0,59347.023571,60005.748771,59347.023571,59882.237796
20230109,0,59439.656802,61240.858523,59295.560664,60787.984948
20230110,0,60962.958829,61529.050799,60962.958829,61292.32143
20230111,0,61312.906592,62877.378944,61312.906592,62795.038294
20230112,0,63175.863801,63824.296421,62825.916038,63422.885751
20230113,0,63474.348658,64133.073858,63237.619288,63381.715426
20230116,0,63289.082195,63659.61512,62856.793782,63453.763495
20230117,0,63494.93382,63628.737377,62990.597338,62990.597338
20230118,0,63515.518983,65038.82101,63443.470914,64915.310035
20230119,0,65368.18361,65944.568161,63855.174164,64184.536765
20230120,0,64019.855465,65152.039404,63916.929652,64884.432291
20230130,0,64740.336153,64740.336153,63628.737377,63721.370608
20230131,0,64121.811061,64162.881877,63546.819641,63598.158161
20230201,0,63207.985411,64399.039067,63207.985411,64121.811061
20230202,0,63947.260094,63957.527798,63125.84378,63362.00097
20230203,0,63300.394747,63752.17372,62735.67103,63207.985411
20230206,0,63043.702148,63310.662451,62427.639912,62622.726287
20230207,0,62427.639912,62643.261695,61903.987012,62612.458583
20230208,0,62314.695169,63064.237556,62006.664051,62961.560517
20230209,0,63146.379188,63249.056227,62283.892057,63043.702148
20230210,0,63115.576076,63300.394747,62458.443024,62787.00955
20230213,0,62735.67103,62848.615774,62078.537979,62396.836801
20230214,0,62612.458583,63074.50526,62478.978432,62982.095925
20230215,0,63146.379188,63536.551937,62622.726287,62930.757405
20230216,0,62345.498281,62941.025109,62058.002571,62787.00955
20230217,0,62961.560517,63690.567496,62787.00955,63197.717707
20230220,0,63064.237556,63639.228976,62879.418885,63608.425865
20230221,0,63926.724687,64357.968252,63875.386167,64337.432844
20230222,0,64429.842179,64932.959672,64286.094324,64357.968252
20230223,0,64399.039067,64594.125442,64008.866318,64111.543357
20230224,0,64316.897436,64368.235956,63136.111484,63639.228976
20230227,0,62953.505538,63352.657987,62278.016777,62318.95549
20230228,0,62513.414376,63096.791032,62492.945019,63086.556354
20230301,0,63444.770091,64202.136277,63188.903136,64171.432242
20230302,0,64017.912069,64273.779024,63782.514471,63823.453184
20230303,0,63199.137814,63864.391897,63004.678929,63864.391897
20230306,0,63792.749149,63843.92254,63209.372493,63311.719274
20230307,0,63045.617642,64427.299197,62789.750687,63608.524942
20230308,0,63291.249918,63291.249918,62636.230514,62779.516009
20230309,0,62902.332147,63659.698333,62840.924078,63168.43378
20230310,0,63291.249918,63567.586229,62666.934549,62687.403905
20230313,0,62707.873261,63229.841849,62390.598237,63076.321676
20230314,0,61428.538488,62840.924078,61275.018315,62370.128881
20230315,0,62636.230514,62892.097469,62308.720812,62472.475663
20230316,0,61172.671533,61479.711879,60159.438392,60251.550496
20230317,0,60272.019852,61060.090073,59903.571438,60886.100544
20230320,0,60845.161831,61408.069131,60405.070669,60507.417451
20230321,0,61244.31428,61592.293339,61008.916682,61326.191706
20230322,0,62278.016777,62278.016777,61663.936086,61878.864328
20230323,0,62278.016777,62615.761158,62124.496605,62257.547421
20230324,0,62257.547421,63682.275622,62257.547421,63579.77719
20230327,0,62595.792246,63190.28315,62595.792246,62985.286286
20230328,0,62985.286286,63559.277504,62759.789736,63200.532993
20230329,0,62944.286913,63467.028915,62872.538011,63128.784091
20230330,0,63661.775935,63836.023269,63251.782209,63456.779072
20230331,0,63641.276249,63641.276249,62923.787227,63528.527974
20230403,0,62985.286286,63590.027033,62852.038325,63005.785972
20230404,0,63231.282522,63374.780327,62667.541148,62841.788482
20230406,0,62349.79601,62534.293187,62175.548676,62380.545539
20230407,0,62124.29946,62872.538011,61909.052753,62872.538011
20230410,0,62790.539266,62821.288795,62329.296323,62513.7935
20230411,0,62103.799773,62759.789736,61878.303224,62626.541775
20230412,0,62677.790991,63046.785345,62472.794128,62554.792873
20230413,0,62575.292559,63169.783463,62524.043343,62903.287541
20230414,0,63661.775935,64112.769035,63579.77719,63805.27374
20230417,0,64071.769662,64430.514173,63405.529856,63877.022642
20230418,0,63538.777817,63672.025779,63159.53362,63569.527347
20230419,0,63467.028915,63692.525465,63067.285032,63231.282522
20230420,0,63077.534875,63477.278758,62985.286286,63149.283777
20230421,0,62995.536129,63149.283777,62401.045225,62606.042089
20230424,0,62606.042089,62626.541775,61991.051499,61991.051499
20230425,0,61970.551812,62462.544284,61827.054008,61960.301969
20230426,0,60802.069691,61683.556203,60556.073455,61683.556203
20230427,0,60976.317025,61078.815456,60064.080982,60371.576278
20230428,0,60228.078473,61304.312006,59961.582551,61150.564359
20230504,0,60679.071573,61027.56624,60484.324552,60720.070945
20230505,0,60535.573768,60914.817966,60053.831139,60638.0722
20230508,0,60279.327689,61273.562477,60279.327689,61263.312633
20230509,0,61376.060908,61550.308242,60904.568122,60914.817966
20230510,0,61078.815456,61376.060908,60894.318279,61119.814829
20230511,0,60966.067181,60966.067181,59203.094156,59223.593842
20230512,0,58793.100429,58844.349645,57983.362819,58588.103566
20230515,0,58834.099802,59192.844313,58362.607016,58875.099175
20230516,0,59090.345881,59326.092274,58178.109839,58331.857486
20230517,0,57962.863132,58598.353409,57932.113603,58475.355291
20230518,0,58936.598234,59869.333962,58936.598234,59654.087256
20230519,0,59315.842431,59572.08851,58885.349018,59572.08851
20230522,0,59838.584433,59961.582551,58649.602625,58905.848704
20230523,0,58895.598861,59295.342745,58342.10733,58403.606389
20230524,0,58352.357173,58639.352782,57798.865642,57983.362819
20230525,0,57870.614544,57973.112975,56937.878815,57655.367837
20230526,0,57921.86376,58752.101056,57593.868778,58670.102311
20230529,0,58670.102311,59347.894496,58598.215261,59214.389975
20230530,0,59245.19871,59409.511967,58536.59779,58926.841775
20230531,0,59101.424611,59132.233346,58639.293575,59008.998404
20230601,0,58772.798097,59902.451738,58690.641468,59820.29511
20230602,0,59707.329746,60487.817716,59573.825224,60344.043616
20230605,0,60600.78308,60693.209287,59614.903539,59871.643003
20230606,0,60282.426145,61001.296644,60200.269517,60590.513502
20230607,0,60734.287602,61186.149058,59460.85986,60765.096337
20230608,0,60949.948751,61360.731894,60611.052659,60826.713809
20230609,0,60898.600859,61329.923158,60826.713809,61319.65358
20230612,0,61587.424993,61824.299704,60938.594261,61010.686564
20230613,0,60979.789863,61711.011799,60804.708554,61546.229391
20230614,0,62019.978814,62328.945829,61865.495306,61978.783212
20230615,0,62267.152426,62504.027137,61958.185411,62061.174416
20230616,0,62431.934834,62915.983157,62370.141431,62782.097451
20230619,0,62782.097451,62946.879859,62370.141431,62607.016142
20230620,0,62668.809545,62854.189754,62421.635933,62689.407346
20230621,0,62926.282058,63358.835879,62761.49965,62895.385356
20230626,0,62349.54363,62771.79855,62102.370018,62493.728237
20230627,0,62359.84253,62751.200749,62071.473316,62545.222739
20230628,0,62215.657923,62308.348028,61927.288709,62030.277714
20230629,0,61721.310699,61783.104102,61484.435988,61546.229391
20230630,0,61268.159077,61844.897505,61051.882166,61587.424993
20230703,0,61659.517296,62730.602948,61659.517296,62483.429336
20230704,0,62493.728237,62689.407346,62215.657923,62380.440331
20230705,0,62195.060122,62339.244729,62009.679913,62030.277714
20230706,0,61968.484311,62452.532635,61855.196406,62112.668918
20230707,0,61999.381013,62256.853525,61752.207401,61803.701903
20230710,0,61906.914498,62392.013695,61834.665682,61917.235758
20230711,0,61906.914498,62546.832587,61865.62946,62422.977473
20230712,0,62072.05465,62144.303467,61762.416865,61968.842055
20230713,0,62299.122359,62949.361708,62257.837321,62825.506594
20230714,0,63093.859341,63940.20262,63093.859341,63496.388461
20230717,0,63630.564835,63754.419949,62970.004227,62990.646746
20230718,0,62608.760144,62866.791632,62371.371176,62742.936518
20230719,0,62443.619992,62980.325486,62412.656214,62928.719189
20230720,0,62711.972739,62939.040448,62546.832587,62722.293999
20230721,0,63145.465638,63207.393195,62598.438885,62980.325486
20230724,0,62856.470372,62856.470372,62412.656214,62453.941252
20230725,0,62257.837321,63434.460904,62144.303467,63331.248309
20230726,0,63589.279797,63816.347506,63362.212088,63517.03098
20230727,0,63351.890828,63867.953804,63217.714455,63434.460904
20230728,0,63310.60579,63455.103423,63021.610524,63444.782164
20230731,0,63640.886095,64156.94907,63578.958538,63847.311285
20230801,0,64528.514412,65178.75376,64301.446703,64848.473456
20230802,0,64507.871893,64507.871893,63671.849873,63733.77743
20230803,0,63465.424683,63547.994759,63083.538081,63135.144379
20230804,0,63135.144379,63950.52388,63083.538081,63578.958538
20230807,0,63331.248309,63444.782164,63062.895562,63362.212088
20230808,0,63558.316019,63609.922316,62980.325486,62980.325486
20230809,0,61834.665682,62990.646746,61834.665682,62897.75541
20230810,0,62650.045182,63011.289265,62536.511328,62784.221556
20230811,0,63124.823119,63124.823119,62278.47984,62278.47984
20230814,0,62010.127093,62319.764878,61927.557017,62041.090872
20230815,0,62164.945986,62753.257777,62072.05465,62588.117625
20230816,0,62082.37591,62247.516062,61566.312934,61566.312934
20230817,0,61638.561751,62103.018429,61535.349156,61968.842055
20230818,0,62299.122359,62526.190068,61948.199536,61979.163315
20230821,0,62133.982207,62794.542815,62010.127093,62557.153847
20230822,0,62629.402663,62928.719189,62422.977473,62742.936518
20230823,0,62908.07667,63455.103423,62908.07667,63341.569569
20230824,0,63372.578823,63682.671363,63258.878225,63300.223897
20230825,0,63279.551061,63393.251659,62990.131357,63258.878225
20230828,0,63393.251659,63724.017035,62948.785685,63227.868971
20230829,0,63310.560315,63641.325691,63238.205389,63517.288675
20230830,0,63424.260913,63858.390469,63320.896733,63693.007781
20230831,0,64034.109576,64034.109576,63630.989273,63765.362707
20230901,0,63734.353453,64085.791666,63465.606585,64034.109576
20230904,0,64437.229878,64581.93973,63052.149865,63599.980019
20230905,0,63413.924495,63858.390469,63393.251659,63434.597331
20230906,0,63775.699125,64116.80092,63703.344199,63848.054051
20230907,0,63589.643601,63734.353453,63217.532553,63527.625093
20230908,0,63145.177627,63331.233151,62969.458521,63072.822701
20230911,0,62897.103594,63382.915241,62742.057324,63382.915241
20230912,0,63455.270167,63848.054051,63455.270167,63589.643601
20230913,0,63599.980019,63630.989273,63320.896733,63434.597331
20230914,0,63568.970765,63879.063306,63341.569569,63868.726887
20230915,0,63879.063306,64333.865698,63755.026289,64158.146592
20230918,0,63879.063306,63879.063306,63537.961511,63827.381215
20230919,0,63630.989273,63744.689871,63103.831955,63134.841209
20230920,0,62897.103594,63269.214643,62897.103594,63072.822701
20230921,0,63269.214643,63506.952257,62711.04807,62804.075832
20230922,0,61687.742687,62628.356726,61594.714925,62493.983292
20230925,0,62669.702398,62669.702398,62008.171646,62070.190154
20230926,0,62266.582096,62266.582096,61522.359999,61563.705671
20230927,0,61553.374457,61749.667527,61295.094101,61357.081386
20230928,0,61305.425315,61708.342671,61274.431672,61522.380814
20231009,0,61212.444387,61749.667527,61212.444387,61646.355385
20231010,0,61429.399886,61532.712028,60695.883675,60747.539746
20231011,0,60592.571532,61202.113173,60499.590604,61140.125887
20231012,0,60902.50796,61202.113173,60716.546103,61181.450744
20231013,0,60892.176745,60995.488888,60354.953605,60799.195817
20231016,0,60757.87096,60912.839174,60261.972677,60902.50796
20231017,0,60840.520674,60912.839174,60158.660534,60210.316605
20231018,0,60158.660534,61264.100458,60158.660534,61098.80103
20231019,0,61016.151316,61119.463459,60602.902747,60892.176745
20231020,0,61253.769244,61253.769244,60416.94089,60478.928176
20231023,0,60551.246675,60819.858246,60065.679606,60086.342034
20231024,0,60365.284819,61016.151316,60282.635105,60954.164031
20231025,0,60902.50796,61625.692957,60871.514317,61450.062314
20231026,0,61533.004865,61533.004865,61056.085198,61211.602481
20231027,0,61325.648488,61574.476141,61035.349561,61564.108322
20231030,0,61750.729061,62134.338358,61740.361242,61999.556713
20231031,0,62486.844199,62538.683294,61750.729061,61968.453257
20231101,0,61968.453257,62123.97054,61761.09688,61958.085438
20231102,0,62020.292351,62403.901649,61989.188895,62175.809634
20231103,0,62383.166011,62663.09712,62155.073996,62528.315475
20231106,0,62393.53383,62424.637286,62020.292351,62352.062554
20231107,0,62476.47638,62673.464939,62196.545272,62238.016547
20231108,0,62051.395808,62258.752185,61854.40725,62217.280909
20231109,0,61947.717619,62269.120003,61512.269228,61647.050873
20231110,0,61657.418691,62009.924532,61553.740503,61698.889967
20231113,0,61522.637046,61636.683054,61128.65993,61564.108322
20231114,0,61698.889967,62082.499264,61667.78651,61999.556713
20231115,0,62051.395808,62435.005105,62030.66017,62217.280909
20231116,0,62414.269467,62538.683294,62186.177453,62393.53383
20231117,0,62590.587876,62590.587876,62020.168268,62331.306236
20231120,0,62331.306236,62466.132689,62092.767127,62320.93497
20231121,0,62341.677502,63015.809765,62269.078643,62746.15686
20231122,0,62694.300532,62922.468375,62507.617751,62663.186735
20231123,0,62642.444204,62683.929266,62206.851049,62466.132689
20231124,0,62528.360282,62829.126985,62517.989017,62756.528126
20231127,0,62715.043063,62891.354578,62414.276361,62798.013188
20231128,0,62663.186735,62673.558001,62269.078643,62331.306236
20231129,0,62559.474079,63067.666093,62476.503954,62756.528126
20231130,0,62849.869516,63078.037359,62569.845345,62922.468375
20231201,0,62735.785594,63254.348874,62652.81547,63078.037359
20231204,0,63368.432796,63907.738607,63337.318999,63368.432796
20231205,0,63140.264953,63316.576468,62497.246486,62652.81547
20231206,0,62372.791298,62642.444204,62123.880924,62611.330407
20231207,0,62486.87522,62746.15686,61646.802707,61843.856753
20231208,0,61906.084347,62559.474079,61812.742956,62445.390158
20231211,0,62766.899391,63389.175327,62766.899391,62912.097109
20231212,0,62559.474079,62735.785594,62320.93497,62694.300532
20231213,0,62569.845345,62642.444204,62175.737252,62237.964846
20231214,0,62196.479783,62818.755719,62051.282065,62704.671798
20231215,0,63295.833937,63472.145452,63078.037359,63202.492546
20231218,0,63212.863812,63389.175327,62880.983313,63337.318999
20231219,0,63316.576468,63326.947733,62943.210906,63161.007484
20231220,0,63420.289124,64001.079997,63378.804061,63772.912154
20231221,0,63627.714436,64001.079997,63503.259249,63907.738607
20231222,0,63648.456967,64260.361637,63648.456967,63938.852404
20231225,0,63721.055826,64187.762778,63721.055826,63949.223669
20231226,0,64384.04112,64384.04112,63835.342908,64156.279598
20231227,0,64021.693244,64280.513156,63773.22613,64083.810023
20231228,0,64042.398837,64736.036199,64042.398837,64156.279598
20231229,0,63814.637315,63938.870873,63586.875793,63711.109351
20240102,0,63493.700625,63793.931722,63400.525457,63700.756554
20240103,0,63452.28944,63607.581386,63203.822325,63338.408679
20240104,0,63100.29436,63462.642236,62903.591228,63079.588767
20240105,0,62924.296821,63286.644696,62789.710467,63017.471989
20240108,0,62748.299281,63224.527918,62613.712927,62769.004874
20240109,0,62520.537759,62913.944024,62448.068184,62686.182502
20240110,0,62479.126573,62655.124113,62137.48429,62189.248273
20240111,0,62468.773777,62675.829706,62065.014715,62624.065724
20240112,0,62706.888095,62737.946485,62168.54268,62561.948945
20240115,0,62448.068184,62541.243352,61992.54514,62085.720308
20240116,0,62127.131494,62406.656998,62096.073105,62230.659459
20240117,0,62499.832166,62624.065724,62127.131494,62168.54268
20240118,0,62261.717848,62323.834627,61940.781158,62241.012255
20240119,0,61951.133954,62323.834627,61775.136415,62127.131494
20240122,0,62396.304202,62530.890556,62168.54268,62272.070644
20240123,0,62189.248273,62489.47937,62054.661919,62448.068184
20240124,0,62448.068184,62779.35767,62365.245812,62737.946485
20240125,0,63379.819864,63607.581386,63162.411139,63390.172661
20240126,0,63638.639776,63648.992572,63317.703086,63359.114272
20240129,0,63390.172661,63804.284519,63203.822325,63255.586307
20240130,0,63379.819864,63773.22613,63359.114272,63514.406218
20240131,0,63824.990112,64063.10443,63493.700625,63907.812483
20240201,0,64000.987651,64549.685863,63441.936643,63493.700625
20240202,0,63493.700625,63711.109351,62924.296821,63079.588767
20240205,0,63234.880714,63317.703086,62955.35521,63027.824785
20240206,0,62862.180042,62862.180042,62365.245812,62468.773777
20240207,0,62468.773777,62602.849071,62200.623188,62417.206356
20240208,0,62458.460293,62458.460293,61911.84563,62200.623188
20240219,0,62767.864819,62994.761471,62551.28165,62664.729977
20240220,0,62798.805271,62922.567082,62489.400745,62592.535587
20240221,0,62705.983913,63324.792965,62644.103008,63273.225544
20240222,0,63458.86826,63727.018849,63262.91206,63407.300839
20240223,0,63531.062649,63799.213238,63293.852513,63592.943554
20240226,0,63417.614323,63582.63007,63211.344639,63293.852513
20240227,0,63005.074955,63190.717671,62860.686176,63139.15025
20240228,0,63118.523281,63180.404186,62943.19405,62984.447987
20240229,0,62860.686176,63283.539028,62757.551334,63201.031155
20240301,0,63005.074955,63345.419934,63005.074955,63087.582829
20240304,0,63077.269344,63479.495228,62932.880566,63366.046902
20240305,0,63500.122197,63592.943554,63221.658123,63242.285092
20240306,0,63324.792965,63407.300839,63097.896313,63231.971607
20240307,0,63376.360386,63809.526722,63304.165997,63665.137944
20240308,0,64231.004554,64426.485747,63881.196104,64148.696684
20240311,0,64169.273651,64169.273651,63449.079783,63613.695524
20240312,0,63757.734298,64066.388813,63726.868847,64045.811845
20240313,0,64107.542748,64591.101488,63726.868847,64529.370585
20240314,0,65383.314743,66525.336449,65208.410518,65691.969258
20240315,0,65691.969258,67173.51093,65630.238355,67039.76064
20240318,0,66895.721866,67379.280606,66638.509771,66803.125512
20240319,0,67101.491543,67821.685411,66484.182513,66885.433383
20240320,0,66545.913416,66823.70248,66268.124353,66587.067352
20240321,0,66278.412837,67451.299993,66154.951031,67163.222446
20240322,0,66926.587318,66998.606705,66175.527998,66340.14374
20240325,0,66237.258901,66638.509771,66165.239514,66288.70132
20240326,0,66175.527998,66525.336449,65722.83471,65959.469838
20240327,0,66062.354676,66247.547385,65825.719548,66052.066192
20240328,0,65794.854097,66587.067352,65599.372904,66381.297675
20240329,0,66134.374063,66484.182513,65959.469838,66432.740094
20240401,0,66453.317062,67039.76064,66309.278288,66978.029737
20240402,0,66700.240674,67255.818801,66669.375222,67080.914575
20240403,0,67441.011509,67862.839347,67091.203059,67801.108444
20240408,0,69066.591955,69838.228242,68243.513248,69148.899825
20240409,0,69517.912632,70286.689313,69323.155873,69528.162988
20240410,0,70204.686467,70430.194293,69497.411921,70163.685044
20240411,0,69917.676506,70081.682198,69200.151604,69763.92117
20240412,0,69825.423304,70296.939668,69282.15445,70296.939668
20240415,0,70665.952475,71270.723464,69630.666545,70368.692158
20240416,0,70583.949629,71014.46457,70020.180063,70307.190024
20240417,0,70091.932553,70409.693581,69856.174371,70348.191447
20240418,0,70542.948206,72193.25548,70286.689313,72070.251211
20240419,0,72008.749077,73085.03643,71547.483069,72582.768998
20240422,0,72839.027892,74089.571292,72644.271133,72787.776113
20240423,0,72962.032161,72962.032161,71311.724887,71465.480223
20240424,0,71311.724887,72818.52718,71137.468839,72685.272556
20240425,0,72757.025046,73454.049236,72193.25548,73423.298169
20240426,0,73792.310976,74263.82734,73054.285362,74192.07485
20240429,0,73966.567023,74202.325205,73279.793189,74007.568446
20240430,0,74069.070581,75483.619673,74069.070581,75104.356511
20240506,0,73689.807418,74417.582676,73105.537141,74366.330897
20240507,0,74571.338012,74622.589791,73577.053505,73607.804572
20240508,0,73536.052082,73976.817379,72562.268287,72664.771844
20240509,0,72500.766152,73167.039276,72500.766152,72777.525757
20240510,0,72972.282517,74079.320937,72705.773267,74028.069158
20240513,0,73659.056351,74335.57983,73310.544256,74181.824494
20240514,0,74530.336589,75452.868606,74376.581253,75278.612558
20240515,0,75401.616827,75401.616827,73956.316668,74766.094771
20240516,0,74991.602597,75821.881412,74099.821648,75483.619673
20240517,0,75555.090705,77188.714288,75350.887757,77035.562077
20240520,0,77341.866498,81344.244276,77311.236056,80221.128063
20240521,0,79965.874378,81007.309412,78781.497281,79833.142462
20240522,0,80343.649832,80558.062927,78322.040648,78924.439344
20240523,0,77699.221657,77801.323131,75595.931294,75943.076306
20240524,0,76412.743086,77127.453403,75963.4966,76759.888097
20240527,0,76535.264854,76851.779424,76137.069106,76157.489401
20240528,0,76535.264854,77995.315932,76525.054707,77178.50414
20240529,0,77382.707088,78260.779764,76841.569276,78087.207258
20240530,0,77076.402666,77413.33753,75218.155841,75565.300852
20240531,0,74952.692009,75218.155841,74340.083165,75095.634072
20240603,0,74942.481861,75228.365988,73921.467122,74268.612133
20240604,0,74574.916555,75218.155841,74380.923755,74687.228176
20240605,0,73513.061226,73758.104764,72828.981351,72910.66253
20240606,0,73084.235036,74431.974492,72859.611793,73931.677269
20240607,0,74105.249775,75075.213777,74003.148301,74186.930954
20240611,0,73370.119163,73370.119163,72318.473981,72563.517519
20240612,0,72195.952213,72920.872677,71869.227496,72563.517519
20240613,0,73186.33651,73686.633732,71930.48838,72645.198698
20240614,0,72726.879877,72941.292972,71767.126022,72267.423244
20240617,0,72114.70257,72196.153596,70852.211659,70872.574416
20240618,0,70780.942011,71788.898464,70648.584093,71066.020604
20240619,0,70495.863418,71778.717085,70404.231014,71717.628816
20240620,0,71972.163273,72654.31562,71687.084681,72114.70257
20240621,0,72247.060488,72959.756969,71849.986734,71849.986734
20240624,0,71340.917818,71676.903302,70964.206821,71188.197143
20240625,0,71402.006088,71605.633654,71015.113712,71157.653009
20240626,0,70872.574416,70984.569577,70119.152421,70903.118551
20240627,0,70882.755794,70913.299929,69935.887611,70027.520016
20240628,0,70760.579254,70954.025442,70119.152421,70831.848903
20240701,0,71106.746117,71442.731601,70383.868257,70556.951688
20240702,0,71188.197143,71524.182628,71015.113712,71218.741278
20240703,0,71697.266059,72165.609461,71178.015765,72155.428083
20240704,0,72460.869432,73010.663861,72287.786001,72471.050811
20240705,0,72898.6687,73224.472805,72501.594945,73051.389374
20240708,0,73407.737615,73458.644507,72338.692892,72532.13908
20240709,0,73000.482483,73285.561075,72633.952863,73092.114887
20240710,0,72776.49216,72919.031456,72033.251543,72175.79084
20240711,0,72511.776324,72939.394213,72379.418406,72501.594945
20240712,0,72379.418406,72460.869432,71351.099196,71483.457114
20240715,0,72196.153596,72837.58043,71870.34949,72114.70257
20240716,0,72226.697731,72369.237027,71575.089519,71839.805355
20240717,0,71330.73644,71391.82471,70811.486146,70974.388199
20240718,0,70791.123389,71015.113712,70526.407553,70984.569577
20240719,0,70018.585605,70018.585605,68961.087362,69245.798427
20240722,0,69022.096876,69093.274642,68239.141446,68371.328726
20240723,0,67964.598633,68584.862025,67446.017763,67456.186016
20240724,0,67507.027277,67873.084362,67242.652717,67690.055819
20240725,0,67537.532034,67598.541548,65666.573604,65900.443408
20240726,0,66246.163987,67385.008249,66225.827483,66886.763885
20240729,0,66968.109903,67547.700287,66835.922623,66866.42738
20240730,0,66622.389324,66774.913109,65910.61166,66307.173501
20240731,0,66012.294184,67262.989221,65615.732342,67191.811455
20240801,0,67323.998735,68147.627175,67293.493978,67547.700287
20240802,0,67130.801941,67507.027277,66032.630688,66459.697286
20240805,0,66459.697286,66713.903595,64995.46895,65025.973707
20240806,0,63846.456435,65117.487978,63561.74537,63876.961192
20240807,0,63876.961192,64914.122931,63856.624688,64405.710314
20240808,0,64283.691286,64426.046819,63683.764398,63744.773912
20240809,0,63571.913622,65158.160987,63571.913622,64710.757884
20240812,0,64812.440408,65168.329239,64283.691286,65076.814968
20240813,0,65300.51652,66083.47195,64985.300697,65249.675258
20240814,0,65117.487978,65554.722828,64649.74837,64893.786426
20240815,0,65188.665744,65727.583118,64822.60866,65727.583118
20240816,0,66042.798941,66856.259128,65971.621174,66693.56709
20240819,0,66144.481464,66947.773399,65849.602146,66663.062333
20240820,0,66785.081361,67018.951165,66449.529034,66703.735343
20240821,0,67079.960679,67079.960679,66042.798941,66724.071847
20240822,0,66764.744857,67171.47495,66388.51952,66724.071847
20240823,0,66449.529034,66591.884567,66093.640202,66297.005249
20240826,0,66530.552671,67881.066027,66276.696778,67840.449084
20240827,0,67586.59319,67881.066027,67322.58306,67647.518605
20240828,0,67749.060962,68226.310043,67251.50341,67332.737296
20240829,0,66977.339045,67221.040703,66479.781493,66875.796687
20240830,0,66571.169614,67129.652581,66276.696778,66906.259394
20240902,0,66855.488216,66906.259394,66154.845948,66307.159485
20240903,0,66114.229005,66540.706907,65596.362982,65616.671453
20240904,0,65281.581673,65281.581673,64448.934342,64560.630935
20240905,0,64865.258008,65159.730844,64388.008927,64428.62587
20240906,0,65037.880015,65900.990055,65037.880015,65860.373112
20240909,0,65799.447697,65870.527347,64489.551285,65220.656259
20240910,0,65616.671453,66215.771363,65332.352852,65941.606998
20240911,0,65626.825689,66093.920534,65108.959666,66012.686648
20240912,0,66083.766298,66753.945858,65484.666389,66571.169614
20240913,0,66825.025508,67139.806817,66439.16455,66591.478086
20240918,0,67292.120353,67363.200003,66794.562801,67028.110223
20240919,0,67403.816946,68206.001571,66946.876337,68175.538864
20240920,0,68337.740889,68601.319181,67922.098199,68327.603263
20240923,0,68246.50225,68378.291396,67658.519907,67739.62092
20240924,0,67922.098199,69219.714403,67871.410066,69138.613391
20240925,0,69473.155068,70415.954342,69412.329309,69544.118454
20240926,0,69645.49472,70182.78893,69321.090669,70101.687917
20240927,0,70638.982127,71439.854628,70253.752316,71085.037697
20240930,0,70720.08314,71612.19428,70497.055355,71216.826843
20241008,0,71673.02004,71673.02004,69655.632347,69696.182853
20241009,0,69716.458107,70375.403835,69574.531334,69929.348265
20241010,0,69290.67779,69868.522506,68945.998485,69158.888644
20241011,0,69361.641176,70020.586905,69300.815416,69574.531334
20241014,0,69838.109626,70446.367222,69523.843201,70000.311651
20241015,0,69310.953043,69746.870986,68834.484593,68935.860859
20241016,0,68702.695447,69148.751017,68652.007314,69067.650004
20241017,0,69351.503549,69736.73336,68347.878516,68388.429022
20241018,0,68631.732061,69604.944214,68479.667662,69341.365923
20241021,0,69473.155068,70132.100797,69158.888644,69990.174025
20241022,0,69817.834373,69959.761145,68864.897472,69493.430321
20241023,0,69351.503549,69533.980828,68804.071713,68875.035099
20241024,0,68388.429022,69169.02627,68297.190383,69108.200511
20241025,0,68864.897472,68925.723232,68256.639877,68479.667662
20241028,0,68600.817007,69075.318612,68479.667662,69075.318612
20241029,0,68752.25369,68853.211478,68358.518316,68530.146556
20241030,0,68701.774796,69065.222833,68388.805652,68701.774796
20241031,0,68287.847864,68762.349468,68267.656307,68499.859219
20241101,0,68641.200123,68711.870574,68096.028067,68520.050777
20241104,0,68802.732584,69660.873782,68388.805652,69438.766649
20241105,0,69004.64816,69882.980916,69004.64816,69660.873782
20241106,0,69741.640013,70135.375386,68580.62545,68762.349468
20241107,0,68146.506961,68600.817007,67500.377117,68439.284547
20241108,0,68883.498814,69620.490667,68762.349468,69004.64816
20241111,0,68388.805652,68721.966353,68257.560528,68499.859219
20241112,0,68096.028067,68136.411182,67167.216417,67268.174205
20241113,0,66823.959937,67116.737523,66177.830093,66187.925872
20241114,0,66208.11743,66369.649891,65117.773318,65249.018443
20241115,0,65218.731106,66157.638536,65097.581761,65784.09472
20241118,0,66490.799236,66611.948582,65339.880452,65763.903162
20241119,0,65531.70025,66470.607679,65511.508692,66278.787881
20241120,0,65945.627181,66753.289485,65854.765171,66591.757024
20241121,0,66601.852803,66743.193707,66268.692103,66420.128785
20241122,0,66107.159642,66198.021651,65319.688895,65693.23271
20241125,0,65420.646683,66369.649891,65370.167789,66198.021651
20241126,0,65946.471181,66127.587519,65493.680335,65654.672636
20241127,0,66006.843294,66208.08367,65533.92841,66047.091369
20241128,0,65815.664937,66006.843294,65594.300523,65654.672636
20241129,0,65523.866392,65966.595219,65433.308223,65725.106768
20241202,0,65564.114467,65815.664937,65322.626016,65533.92841
20241203,0,65715.044749,66228.207707,65574.176486,66198.021651
20241204,0,66419.386064,67043.23123,66218.145689,66670.936534
20241205,0,66449.572121,66600.502403,66137.649538,66399.262027
20241206,0,66419.386064,66781.618741,66117.525501,66600.502403
20241209,0,66741.370666,66922.487004,66429.448083,66580.378365
20241210,0,67365.215831,67536.270151,66882.238929,66962.735079
20241211,0,66922.487004,67707.32447,66922.487004,67314.905737
20241212,0,67133.789399,67455.774,67063.355267,67264.595643
20241213,0,66821.866816,66872.17691,66298.641839,66550.192309
20241216,0,66530.068271,66600.502403,66026.967331,66087.339444
20241217,0,66258.393764,66560.254328,65996.781275,66067.215407
20241218,0,65865.975031,65926.347143,65604.362542,65654.672636
20241219,0,65956.5332,66248.331745,65342.750053,65604.362542
20241220,0,65483.618317,65674.796674,65302.501978,65574.176486
20241223,0,65503.742354,66117.525501,65332.688035,65916.285125
20241224,0,65765.354843,65845.850993,65453.43226,65825.726956
20241225,0,65896.032126,65956.293701,65695.16021,65896.032126
20241226,0,65976.380893,66076.816851,65775.508976,65805.639764
20241227,0,66247.55798,66448.429896,65875.944935,65906.075722
20241230,0,65815.68336,66167.209213,65745.378189,66076.816851
20241231,0,65845.814147,65845.814147,65383.80874,65594.724252
20250102,0,65192.980419,65213.067611,64851.498162,65092.544461
20250103,0,64841.454566,65172.893228,64610.451862,64781.192991
20250106,0,64941.890524,65926.162914,64941.890524,65464.157506
20250107,0,66679.4326,66679.4326,65996.468084,66358.037534
20250108,0,66548.865854,66548.865854,66217.427192,66448.429896
20250109,0,66307.819555,66890.348112,66167.209213,66809.999345
20250110,0,67061.08924,67292.091944,66890.348112,67111.30722
20250113,0,67181.61239,67402.571498,66779.868558,67342.309923
20250114,0,67211.743178,67372.440711,66860.217324,67312.179136
20250115,0,67191.655986,67513.051052,66860.217324,67101.263624
20250116,0,67272.004753,68155.841184,67161.525199,68035.318034
20250117,0,67995.143651,68406.931079,67894.707693,68336.625909
20250120,0,68055.405226,68206.059163,67041.002049,67141.438007
20250121,0,67241.873965,67623.530606,66980.740474,67352.353519
20250122,0,67151.481603,67513.051052,67030.958453,67251.917561
20250123,0,67372.171325,67392.213619,66630.606447,66680.712182
20250124,0,66981.346592,67572.594265,66861.092828,67562.573118
20250127,0,67672.805735,67823.12294,66670.691035,67131.663797
20250205,0,67131.663797,67131.663797,66730.817917,66871.113975
20250206,0,66690.733329,68203.926527,66460.246947,68083.672762
20250207,0,67793.059499,68935.470258,67662.784588,68845.279935
20250210,0,68945.491405,69496.65449,68624.814701,68935.470258
20250211,0,69075.766316,69246.125815,68604.772407,68775.131906
20250212,0,68364.264879,68664.899289,68153.820792,68654.878142
20250213,0,68664.899289,69306.252697,68524.603231,69145.914345
20250214,0,69196.02008,69867.43693,68745.068465,69596.86596
20250217,0,69877.458077,70047.817576,68364.264879,68504.560937
20250218,0,68183.884233,68544.645525,68083.672762,68364.264879
20250219,0,68374.286026,68905.406817,68153.820792,68604.772407
20250220,0,68935.470258,69266.168109,68694.96273,69185.998933
20250221,0,69336.316138,69336.316138,68594.75126,68664.899289
20250224,0,68944.756229,69214.618279,68724.868633,68824.81754
20250225,0,68834.812431,69034.710246,68504.981037,68524.970819
20250226,0,68804.827759,69144.654044,68175.149643,68664.899289
20250227,0,68784.837978,68924.766448,68315.078113,68524.970819
20250228,0,68744.858415,68834.812431,68215.129206,68375.047458
20250303,0,68494.986146,68844.807322,68115.180299,68534.965709
20250304,0,68704.878852,68874.791994,68365.052567,68415.027021
20250305,0,68524.970819,69054.700027,68125.17519,68934.761338
20250306,0,69394.526312,70134.148226,69194.628497,69894.270848
20250307,0,70064.18399,70923.744593,69974.229974,70054.1891
20250310,0,70144.143116,70483.969401,69674.383252,69744.347487
20250311,0,69724.357706,69744.347487,68784.837978,69384.531421
20250312,0,69794.321941,70853.780358,69634.403689,70673.872325
20250313,0,71133.637298,71203.601533,70533.943855,70613.90298
20250314,0,70733.739897,71662.475999,70573.957342,71632.51677
20250317,0,71352.897298,71682.448818,70983.400139,71632.51677
20250318,0,71382.856527,71792.299325,71133.196285,71452.761395
20250319,0,71652.489589,72201.742123,71412.815756,72012.000338
20250320,0,72191.755713,72870.831572,72041.959567,72760.981066
20250321,0,72411.456726,72900.790801,71622.53036,71802.285735
20250324,0,71732.380867,72970.695669,71392.842937,72930.750031
20250325,0,73000.654898,73160.437454,72501.334414,72930.750031
20250326,0,72980.682079,74189.037653,72711.049017,72990.668489
20250327,0,72671.103378,72910.777211,72211.728532,72541.280052
20250328,0,71992.027519,72161.796484,71442.774985,71532.652673
20250331,0,71712.408047,72161.796484,70863.563223,71083.264236
20250401,0,70983.400139,71452.761395,70553.984522,71352.897298
20250402,0,71093.250646,71163.155514,70593.930161,70893.522452
20250403,0,70833.603994,70963.42732,69795.017385,69984.759169
20250407,0,65361.051479,66709.216788,65361.051479,65361.051479
20250408,0,64811.798945,66110.032206,64212.614363,64991.55432
20250409,0,65081.432007,65560.779673,63084.150068,63913.022073
20250410,0,63883.062843,67098.686766,63463.633636,66779.121656
20250411,0,66189.923484,66809.080885,65730.548638,66739.176017
20250414,0,67058.741128,67807.721855,66679.257559,67707.857758
20250415,0,67807.721855,67947.531591,67208.537273,67408.265467
20250416,0,67068.727537,67627.96648,66559.420643,66749.162427
20250417,0,66988.83626,67707.857758,66878.985753,67288.428551
20250418,0,67168.591634,67847.667494,67048.754718,67657.92571
20250421,0,67747.803397,68856.294873,67248.482912,68796.376415
20250422,0,68796.376415,69066.009477,67957.518001,68596.648221
20250423,0,68846.308464,69834.963024,68656.566679,69305.68331
20250424,0,69285.71049,69435.506636,68636.59386,68806.362825
20250425,0,68786.390006,69385.574587,68666.553089,68896.240512
20250428,0,68856.294873,69255.751261,68466.824895,68966.14538
20250429,0,69186.580539,69186.580539,68695.611322,69056.3234
20250430,0,69316.837678,69427.055258,68605.433302,68605.433302
20250506,0,68605.433302,69396.995918,68595.413522,69006.2245
20250507,0,69276.758559,69968.123375,69126.461859,69326.857458
20250508,0,69106.422299,69457.114598,68755.730001,68785.789341
20250509,0,68936.08604,69677.549756,68815.848681,68885.987141
20250512,0,69396.995918,69757.707996,69196.600319,69727.648656
20250513,0,69617.431077,69727.648656,68996.20472,69447.094818
20250514,0,69246.699219,70398.973913,69136.481639,70268.716773
20250515,0,70158.499194,70408.993693,69236.679439,69266.738779
20250516,0,69527.253057,69918.024475,69326.857458,69487.173937
20250519,0,69136.481639,69417.035478,68825.868461,69076.36296
20250520,0,69086.38274,69537.272837,68986.18494,69026.26406
20250521,0,69226.659659,70419.013473,69156.521199,69657.510197
20250522,0,69607.411297,69637.470637,69136.481639,69407.015698
20250523,0,69176.560759,69567.332177,69076.36296,69166.540979
20250526,0,69126.461859,70088.360734,69026.26406,69727.648656
20250527,0,69467.134378,70068.321174,69396.995918,69767.727776
20250528,0,69918.024475,70048.281614,69627.450857,69717.628876
20250529,0,69838.421765,70059.875394,69496.175247,69939.082505
20250530,0,69888.752135,70039.743246,69244.523396,69335.118062
20250603,0,69677.36458,70069.941468,69174.060877,69445.844877
20250604,0,69778.025321,70261.196875,69647.166358,70069.941468
20250605,0,69989.412876,70090.073616,69778.025321,70019.611098
20250606,0,70613.509467,71026.218503,70321.593319,70764.500577
20250609,0,70462.518356,70694.038059,70321.593319,70683.971985
20250610,0,70774.566652,71247.672132,70633.641615,70683.971985
20250611,0,70834.963096,71086.614947,70734.302355,71016.152429
20250612,0,70462.518356,70553.113022,70140.403986,70241.064727
20250613,0,70351.791541,70381.989764,69476.043099,69657.232432
20250616,0,69616.968136,70301.461171,69445.844877,70180.668283
20250617,0,70180.668283,70482.650504,70100.13969,70341.725467
20250618,0,70361.857615,70653.773763,70080.007542,70613.509467
20250619,0,70462.518356,70462.518356,69939.082505,70049.80932
20250620,0,69989.412876,70140.403986,69576.703839,69627.03421
20250623,0,70140.403986,70271.262949,69898.818209,70080.007542
20250624,0,70180.668283,70522.9148,69969.280727,70422.25406
20250625,0,70180.668283,70845.02917,70039.743246,70744.368429
20250626,0,70663.839837,70996.020281,70553.113022,70965.822059
20250627,0,71470.414081,72025.465306,71369.495677,71904.363221
20250630,0,71490.597762,71995.189785,71480.505922,71833.720337
20250701,0,71561.240645,72610.792052,71470.414081,72509.873648
20250702,0,72368.587881,72802.537021,72217.210275,72419.047084
20250703,0,72590.608371,72863.088063,72398.863403,72419.047084
20250704,0,72297.944998,72600.700212,71520.873283,71641.975369
20250707,0,71712.618252,71823.628497,71026.373101,71157.567027
20250708,0,71308.944634,71551.148805,71187.842548,71520.873283
20250709,0,71460.322241,71995.189785,70097.92378,70229.117706
20250710,0,70047.464577,70511.689238,70007.097216,70451.138195
20250711,0,70521.781079,70612.607643,70198.842184,70239.209546
20250714,0,69976.821694,70390.587153,69835.535928,70178.658503
20250715,0,69724.525683,69966.729854,69552.964395,69885.99513
20250716,0,69795.168566,70017.189056,69653.8828,69815.352247
20250717,0,69643.790959,69946.546173,69542.872555,69623.607278
20250718,0,69623.607278,70461.230036,69583.239917,70309.852429
20250721,0,70319.94427,71561.240645,70319.94427,71541.056964
20250722,0,71359.403836,71601.608007,71218.11807,71450.2304
20250723,0,71500.689602,71843.812178,71258.485432,71308.944634
20250724,0,71641.975369,71712.618252,71329.128315,71571.332486
20250725,0,71208.026229,71298.852793,70844.719973,71006.18942
20250728,0,70854.811814,71046.556782,70441.046355,70683.250526
20250729,0,70784.010683,70925.074904,70491.806227,70511.958258
20250730,0,70733.630605,70935.15092,70562.338337,70602.6424
20250731,0,70360.818022,70693.326542,69665.572935,69766.333092
20250801,0,69766.333092,70441.426148,69665.572935,70058.537549
20250804,0,70129.069659,70169.373722,69715.953013,70018.233486
20250805,0,70058.537549,70320.513959,70018.233486,70280.209896
20250806,0,69907.397313,70018.233486,69705.876998,69998.081454
20250807,0,70098.841612,70189.525754,69917.473328,70159.297707
20250808,0,70058.537549,70310.437943,69998.081454,70179.449738
20250811,0,70219.753801,70894.846857,70129.069659,70733.630605
20250812,0,70411.1981,70834.390762,70411.1981,70743.70662
20250813,0,70864.618809,71257.583424,70864.618809,71066.139125
20250814,0,70914.998888,71035.911077,70552.262321,70602.6424
20250815,0,70431.350132,70834.390762,70401.122085,70713.478573
20250818,0,70602.6424,70955.302951,70532.11029,70582.490368
20250819,0,70441.426148,70612.718416,70411.1981,70511.958258
20250820,0,70391.046069,70401.122085,70098.841612,70249.981848
20250821,0,70239.905833,70411.1981,70088.765596,70149.221691
20250822,0,70169.373722,70511.958258,70098.841612,70270.13388
20250825,0,70310.437943,71418.799676,70249.981848,71247.507408
20250826,0,71237.431392,71398.647645,70743.70662,70834.390762
20250827,0,70854.542794,71126.595219,70733.630605,70733.630605
20250828,0,70501.882242,71660.624054,70149.221691,71640.472023
20250829,0,71742.727906,72284.684089,71497.313786,72080.172322
20250901,0,72243.781736,72632.354093,72110.849087,72386.939973
20250902,0,72305.135266,72663.030858,72182.428206,72315.360854
