date,time,open,high,low,close
20190430,0,8900,9020,8720,8840
20190506,0,8820,8900,8620,8665
20190507,0,8710,8720,8545,8615
20190508,0,8620,8710,8595,8635
20190509,0,8635,8690,8580,8620
20190510,0,8655,8750,8620,8670
20190513,0,8690,9115,8670,9115
20190514,0,9125,9575,9125,9505
20190515,0,9505,9865,9385,9660
20190516,0,9680,9890,9620,9715
20190517,0,9750,9795,9625,9755
20190520,0,9790,9915,9655,9755
20190521,0,9775,9905,9700,9840
20190522,0,9835,10305,9790,10305
20190523,0,10335,10415,10255,10350
20190524,0,10280,10730,10230,10720
20190527,0,10600,10935,10480,10560
20190528,0,10605,10690,10295,10405
20190529,0,10460,10645,10395,10550
20190530,0,10555,10745,10370,10530
20190531,0,10520,10590,10340,10485
20190603,0,10435,10560,10000,10095
20190604,0,10145,10190,9955,10150
20190605,0,10175,10210,10015,10100
20190606,0,10030,10030,9625,9750
20190610,0,9655,9890,9605,9815
20190611,0,9850,9995,9810,9960
20190612,0,9915,9925,9740,9815
20190613,0,9850,10305,9850,10305
20190614,0,10340,10550,10140,10230
20190617,0,10260,10445,10130,10440
20190618,0,10390,10450,10075,10120
20190619,0,10180,10310,10110,10225
20190620,0,10285,10370,10180,10270
20190621,0,10360,10515,10285,10475
20190624,0,10485,10580,10360,10440
20190625,0,10430,10475,10310,10395
20190626,0,10410,10445,10320,10415
20190627,0,10415,10675,10365,10505
20190628,0,10535,10610,10300,10335
20190701,0,10380,10380,10185,10285
20190702,0,10270,10365,10155,10340
20190703,0,10305,10440,10230,10330
20190704,0,10365,10430,10310,10380
20190705,0,10395,10415,10220,10315
20190708,0,10325,10565,10325,10555
20190709,0,10625,10645,10425,10490
20190710,0,10510,10510,10255,10405
20190711,0,10430,10460,10285,10415
20190712,0,10430,10535,10335,10485
20190715,0,10485,10615,10405,10470
20190716,0,10420,10545,10365,10540
20190717,0,10550,10695,10430,10470
20190718,0,10435,10480,10335,10360
20190719,0,10330,10385,10220,10345
20190722,0,10380,10380,10185,10315
20190723,0,10265,10315,10170,10215
20190724,0,10150,10215,9995,10135
20190725,0,10130,10150,10065,10100
20190726,0,10080,10235,10025,10230
20190729,0,10225,10265,10150,10205
20190730,0,10230,10325,10180,10280
20190731,0,10290,10340,10240,10275
20190801,0,10235,10285,10120,10130
20190802,0,10065,10210,10055,10185
20190805,0,10225,10270,10030,10125
20190806,0,10195,10660,10165,10660
20190807,0,10750,10825,10545,10695
20190808,0,10755,10945,10635,10780
20190809,0,10805,10870,10580,10785
20190812,0,10840,11000,10705,10730
20190813,0,10770,10770,10610,10645
20190814,0,10625,10645,10505,10570
20190815,0,10550,10660,10525,10650
20190816,0,10755,10850,10695,10745
20190819,0,10840,10840,10735,10750
20190820,0,10750,10810,10600,10635
20190821,0,10635,10750,10545,10745
20190822,0,10760,10775,10655,10715
20190823,0,10700,10750,10635,10705
20190826,0,10700,10840,10565,10595
20190827,0,10555,10700,10525,10695
20190828,0,10690,10725,10595,10630
20190829,0,10655,10820,10645,10760
20190830,0,10750,10880,10700,10730
20190902,0,10735,10760,10615,10695
20190903,0,10715,11220,10690,11220
20190904,0,11310,11555,11300,11475
20190905,0,11490,11520,11105,11215
20190906,0,11170,11255,10820,10820
20190909,0,10800,10850,10665,10725
20190910,0,10695,10815,10690,10725
20190911,0,10680,10780,10335,10430
20190912,0,10450,10480,10305,10370
20190916,0,10400,10530,10230,10420
20190917,0,10425,10505,10365,10490
20190918,0,10475,10575,10400,10505
20190919,0,10510,10520,10250,10505
20190920,0,10495,10495,10355,10425
20190923,0,10400,10415,10060,10255
20190924,0,10280,10330,10190,10290
20190925,0,10305,10320,10170,10290
20190926,0,10280,10450,10250,10335
20190927,0,10275,10340,10150,10320
20190930,0,10350,10395,10155,10250
20191008,0,10255,10545,10180,10385
20191009,0,10390,10430,10320,10385
20191010,0,10405,10450,10340,10385
20191011,0,10385,10420,10260,10400
20191014,0,10415,10525,10340,10490
20191015,0,10455,10580,10400,10500
20191016,0,10505,10525,10410,10460
20191017,0,10465,10490,9930,9930
20191018,0,9925,10070,9770,10010
20191021,0,10000,10100,9895,10000
20191022,0,9985,10030,9940,10000
20191023,0,10025,10485,9955,10485
20191024,0,10600,10670,10515,10625
20191025,0,10645,10685,10525,10665
20191028,0,10720,10750,10450,10680
20191029,0,10660,10780,10595,10665
20191030,0,10650,10690,10585,10670
20191031,0,10680,10730,10580,10650
20191101,0,10655,10760,10580,10730
20191104,0,10805,11185,10755,11000
20191105,0,11015,11075,10870,10955
20191106,0,10965,10975,10760,10765
20191107,0,10785,10890,10720,10855
20191108,0,10889.919577,11054.540441,10845.022978,11019.620864
20191111,0,10984.701287,11024.609375,10845.022978,10964.747243
20191112,0,10954.770221,11004.655331,10879.942555,10954.770221
20191113,0,10934.816176,11089.460018,10864.977022,11019.620864
20191114,0,11024.609375,11234.126838,10989.689798,11094.448529
20191115,0,11049.55193,11169.276195,10994.678309,11159.299173
20191118,0,11134.356618,11149.322151,10984.701287,11079.482996
20191119,0,11084.471507,11084.471507,10765.206801,10904.88511
20191120,0,10904.88511,11054.540441,10825.068934,11039.574908
20191121,0,11024.609375,11024.609375,10884.931066,10934.816176
20191122,0,10904.88511,10929.827665,10740.264246,10859.988511
20191125,0,10835.045956,10889.919577,10740.264246,10889.919577
20191126,0,10850.011489,10899.896599,10800.126379,10845.022978
20191127,0,10845.022978,10939.804688,10730.287224,10780.172335
20191128,0,10775.183824,10864.977022,10770.195313,10850.011489
20191129,0,10859.988511,11084.471507,10785.160846,11044.563419
20191202,0,11019.620864,11064.517463,10899.896599,10904.88511
20191203,0,10889.885268,10934.884794,10879.885374,10899.885163
20191204,0,10889.885268,10959.884531,10799.886217,10884.885321
20191205,0,10854.885637,10874.885426,10784.886375,10794.886269
20191206,0,10779.886427,10869.885479,10579.888534,10839.885795
20191209,0,10849.88569,11044.883635,10769.886533,10854.885637
20191210,0,10889.885268,10909.885058,10804.886164,10804.886164
20191211,0,10799.886217,10919.884952,10779.886427,10809.886111
20191212,0,10809.886111,10889.885268,10804.886164,10874.885426
20191213,0,10869.885479,10894.885216,10769.886533,10869.885479
20191216,0,10909.885058,10979.88432,10834.885848,10894.885216
20191217,0,10889.885268,10929.884847,10859.885584,10859.885584
20191218,0,10859.885584,10879.885374,10739.886849,10834.885848
20191219,0,10854.885637,10869.885479,10789.886322,10859.885584
20191220,0,10864.885532,10924.8849,10839.885795,10904.88511
20191223,0,10909.885058,10949.884636,10809.886111,10809.886111
20191224,0,10809.886111,10829.8859,10719.887059,10774.88648
20191225,0,10784.886375,10824.885953,10709.887165,10799.886217
20191226,0,10829.8859,10874.885426,10774.88648,10834.885848
20191227,0,10829.8859,10889.885268,10799.886217,10874.885426
20191230,0,10874.885426,11014.883951,10799.886217,10899.885163
20191231,0,10879.885374,10959.884531,10839.885795,10914.885005
20200102,0,10939.884742,10959.884531,10879.885374,10929.884847
20200103,0,10929.884847,10969.884425,10859.885584,10904.88511
20200106,0,10879.885374,10934.884794,10744.886796,10799.886217
20200107,0,10814.886058,10829.8859,10419.89022,10479.889588
20200108,0,10489.889483,10529.889061,10334.891116,10439.890009
20200109,0,10434.890062,10489.889483,10369.890747,10404.890378
20200110,0,10299.891484,10489.889483,10114.893433,10474.889641
20200113,0,10514.889219,10584.888482,10359.890852,10424.890167
20200114,0,10424.890167,10554.888798,10354.890905,10479.889588
20200115,0,10519.889166,10544.888903,10404.890378,10509.889272
20200116,0,10519.889166,10584.888482,10439.890009,10509.889272
20200117,0,10509.889272,10574.888587,10469.889693,10574.888587
20200120,0,10584.888482,10664.887639,10469.889693,10469.889693
20200121,0,10494.88943,10544.888903,10449.889904,10514.889219
20200122,0,10514.889219,10639.887902,10424.890167,10599.888324
20200123,0,10574.888587,10619.888113,10519.889166,10609.888218
20200203,0,10149.893065,10359.890852,9909.895593,10104.893539
20200204,0,10084.893749,10259.891906,9889.895804,10239.892116
20200205,0,10224.892274,10319.891274,10189.892643,10234.892169
20200206,0,10239.892116,10289.89159,10204.892485,10279.891695
20200207,0,10289.89159,10334.891116,10259.891906,10329.891168
20200210,0,10259.891906,10359.890852,10229.892222,10324.891221
20200211,0,10349.890958,10399.890431,10309.891379,10384.890589
20200212,0,10379.890641,10484.889535,10369.890747,10434.890062
20200213,0,10434.890062,10459.889799,10389.890536,10449.889904
20200214,0,10429.890115,10459.889799,10349.890958,10419.89022
20200217,0,10439.890009,10554.888798,10399.890431,10534.889008
20200218,0,10494.88943,10559.888745,10489.889483,10509.889272
20200219,0,10489.889483,10549.88885,10489.889483,10499.889377
20200220,0,10534.889008,10664.887639,10474.889641,10579.888534
20200221,0,10574.888587,10594.888376,10529.889061,10554.888798
20200224,0,10579.888534,10584.888482,10439.890009,10464.889746
20200225,0,10424.890167,10619.888113,10424.890167,10564.888692
20200226,0,10544.888903,10569.88864,10464.889746,10509.889272
20200227,0,10519.889166,10534.889008,10274.891748,10384.890589
20200228,0,10339.891063,10494.88943,10319.891274,10429.890115
20200302,0,10404.890378,10709.887165,10344.89101,10579.888534
20200303,0,10554.888798,10599.888324,10459.889799,10519.889166
20200304,0,10534.889008,10564.888692,10469.889693,10524.889114
20200305,0,10529.889061,10544.888903,10469.889693,10479.889588
20200306,0,10449.889904,10464.889746,10349.890958,10394.890483
20200309,0,10344.89101,10534.889008,10244.892064,10414.890273
20200310,0,10414.890273,10464.889746,10384.890589,10399.890431
20200311,0,10389.890536,10449.889904,10269.8918,10314.891326
20200312,0,10304.891432,10389.890536,10199.892538,10374.890694
20200313,0,10329.891168,10389.890536,10249.892011,10359.890852
20200316,0,10354.890905,10409.890325,10289.89159,10299.891484
20200317,0,10274.891748,10359.890852,10229.892222,10334.891116
20200318,0,10309.891379,10339.891063,10259.891906,10294.891537
20200319,0,10264.891853,10289.89159,10019.894434,10214.89238
20200320,0,10239.892116,10579.888534,10199.892538,10264.891853
20200323,0,10219.892327,10219.892327,10099.893591,10124.893328
20200324,0,10119.893381,10204.892485,9809.896647,9979.894856
20200325,0,9964.895014,10064.89396,9714.897648,9789.896857
20200326,0,9749.897279,10019.894434,9669.898122,10009.89454
20200327,0,9999.894645,10214.89238,9984.894803,10189.892643
20200330,0,10194.892591,10299.891484,10029.894329,10094.893644
20200331,0,10084.893749,10174.892801,10069.893907,10119.893381
20200401,0,10149.893065,10234.892169,9964.895014,10069.893907
20200402,0,10069.893907,10139.89317,10029.894329,10124.893328
20200403,0,10144.893117,10179.892749,9929.895382,10009.89454
20200407,0,10009.89454,10073.217473,9936.829616,9956.313596
20200408,0,9897.861657,10019.636529,9790.699769,9970.92658
20200409,0,10005.023545,10005.023545,9878.377677,9956.313596
20200410,0,9912.474641,9941.700611,9722.50584,9771.215789
20200413,0,9761.473799,9868.635687,9693.27987,9839.409718
20200414,0,9839.409718,9888.119667,9800.441758,9858.893697
20200415,0,9834.538723,9878.377677,9732.24783,9751.731809
20200416,0,9741.98982,9805.312753,9673.795891,9800.441758
20200417,0,9810.183748,9888.119667,9795.570764,9878.377677
20200420,0,9854.022702,9917.345636,9776.086784,9790.699769
20200421,0,9785.828774,9810.183748,9703.02186,9737.118825
20200422,0,9746.860814,9878.377677,9688.408876,9863.764692
20200423,0,9829.667728,9873.506682,9810.183748,9834.538723
20200424,0,9844.280713,10121.927422,9829.667728,9849.151708
20200427,0,9883.248672,10194.992346,9854.022702,9922.216631
20200428,0,9936.829616,9975.797575,9873.506682,9922.216631
20200429,0,9936.829616,9941.700611,9741.98982,9756.602804
20200430,0,9810.183748,9834.538723,9766.344794,9790.699769
20200506,0,9766.344794,9902.732652,9746.860814,9849.151708
20200507,0,9854.022702,9902.732652,9844.280713,9892.990662
20200508,0,9883.248672,9956.313596,9810.183748,9858.893697
20200511,0,9878.377677,9931.958621,9863.764692,9912.474641
20200512,0,9897.861657,9956.313596,9878.377677,9892.990662
20200513,0,9907.603646,9995.281555,9844.280713,9990.41056
20200514,0,9966.055585,10014.765534,9931.958621,9941.700611
20200515,0,9956.313596,10000.15255,9931.958621,9951.442601
20200518,0,9990.41056,10029.378519,9931.958621,9966.055585
20200519,0,9975.797575,10000.15255,9927.087626,9936.829616
20200520,0,9931.958621,9956.313596,9888.119667,9927.087626
20200521,0,9931.958621,10009.89454,9917.345636,9961.18459
20200522,0,9941.700611,9970.92658,9780.957779,9790.699769
20200525,0,9810.183748,9849.151708,9790.699769,9805.312753
20200526,0,9800.441758,9854.022702,9776.086784,9849.151708
20200527,0,9849.151708,9868.635687,9819.925738,9844.280713
20200528,0,9844.280713,9868.635687,9727.376835,9761.473799
20200529,0,9780.957779,9795.570764,9625.085942,9629.956937
20200601,0,9610.472957,9717.634845,9590.988977,9698.150865
20200602,0,9693.27987,9732.24783,9625.085942,9664.053901
20200603,0,9693.27987,9712.76385,9673.795891,9703.02186
20200604,0,9703.02186,9727.376835,9620.214947,9722.50584
20200605,0,9722.50584,9776.086784,9703.02186,9737.118825
20200608,0,9741.98982,9805.312753,9732.24783,9756.602804
20200609,0,9771.215789,9776.086784,9654.311911,9673.795891
20200610,0,9688.408876,9785.828774,9644.569921,9785.828774
20200611,0,9790.699769,9907.603646,9766.344794,9810.183748
20200612,0,9751.731809,9810.183748,9751.731809,9800.441758
20200615,0,9795.570764,9819.925738,9761.473799,9785.828774
20200616,0,9805.312753,9834.538723,9693.27987,9776.086784
20200617,0,9780.957779,9790.699769,9732.24783,9776.086784
20200618,0,9776.086784,9810.183748,9727.376835,9780.957779
20200619,0,9790.699769,9819.925738,9756.602804,9776.086784
20200622,0,9771.215789,9819.925738,9629.956937,9634.827932
20200623,0,9659.182906,9698.150865,9595.859972,9639.698926
20200624,0,9625.085942,9649.440916,9347.439232,9410.762166
20200629,0,9391.278186,9430.246145,9308.471273,9420.504155
20200630,0,9435.11714,9488.698084,9371.794206,9401.020176
20200701,0,9405.891171,9469.214105,9386.407191,9420.504155
20200702,0,9420.504155,9542.279028,9386.407191,9513.053059
20200703,0,9513.053059,9600.730967,9513.053059,9552.021018
20200706,0,9571.504998,9581.246988,9532.537038,9556.892013
20200707,0,9547.150023,9590.988977,9517.924054,9556.892013
20200708,0,9566.634003,9576.375993,9474.085099,9547.150023
20200709,0,9552.021018,9581.246988,9527.666044,9542.279028
20200710,0,9517.924054,9532.537038,9337.697242,9396.149181
20200713,0,9401.020176,9449.730125,9386.407191,9420.504155
20200714,0,9405.891171,9464.34311,9371.794206,9425.37515
20200715,0,9430.246145,9581.246988,9420.504155,9532.537038
20200716,0,9508.182064,9556.892013,9483.827089,9503.311069
20200717,0,9513.053059,9527.666044,9060.050532,9118.502471
20200720,0,9152.599435,9152.599435,8933.404665,9016.211578
20200721,0,9001.598593,9089.276502,9001.598593,9035.695558
20200722,0,9040.566553,9094.147497,8865.210736,8904.178695
20200723,0,8918.79168,8982.114614,8782.403822,8909.04969
20200724,0,8894.436705,9040.566553,8748.306858,8948.017649
20200727,0,8943.146654,9084.405507,8909.04969,8943.146654
20200728,0,8943.146654,9021.082573,8899.3077,8933.404665
20200729,0,8938.275659,8991.856603,8816.500787,8933.404665
20200730,0,8928.53367,9040.566553,8904.178695,8986.985609
20200731,0,8991.856603,9123.373466,8991.856603,9021.082573
20200803,0,9011.340583,9035.695558,8884.694715,8952.888644
20200804,0,8948.017649,8977.243619,8894.436705,8923.662675
20200805,0,8918.79168,9108.760481,8889.56571,8952.888644
20200806,0,8948.017649,9055.179537,8650.88696,8665.499944
20200807,0,8694.725914,8723.951883,8529.112087,8660.62895
20200810,0,8646.015965,9079.534512,8626.531985,9060.050532
20200811,0,9050.308542,9284.116298,9040.566553,9108.760481
20200812,0,9074.663517,9133.115456,8913.920685,8943.146654
20200813,0,8982.114614,9089.276502,8967.501629,8991.856603
20200814,0,8991.856603,9025.953568,8748.306858,8772.661832
20200817,0,8781.568088,8799.380599,8705.864915,8732.583682
20200818,0,8728.130554,8772.661832,8701.411787,8728.130554
20200819,0,8745.943065,8750.396193,8683.599276,8750.396193
20200820,0,8750.396193,8763.755577,8567.817952,8630.161742
20200821,0,8603.442975,8652.427381,8478.755395,8505.474162
20200824,0,8505.474162,8665.786764,8478.755395,8643.521125
20200825,0,8616.802358,8710.318043,8607.896103,8647.974253
20200826,0,8630.161742,8665.786764,8576.724208,8621.255486
20200827,0,8652.427381,8665.786764,8603.442975,8616.802358
20200828,0,8607.896103,8665.786764,8550.005441,8612.34923
20200831,0,8634.61487,8759.302449,8616.802358,8728.130554
20200901,0,8714.771171,8826.099366,8714.771171,8723.677426
20200902,0,8728.130554,8750.396193,8661.333637,8732.583682
20200903,0,8745.943065,9026.490119,8737.03681,8919.615051
20200904,0,8888.443156,9071.021397,8883.990028,8968.599457
20200907,0,8968.599457,9146.724571,8959.693202,9128.912059
20200908,0,9128.912059,9128.912059,9026.490119,9093.287037
20200909,0,9075.474525,9204.615232,8852.818133,8910.708795
20200910,0,8937.427562,8955.240074,8835.005622,8843.911878
20200911,0,8852.818133,8959.693202,8839.45875,8883.990028
20200914,0,8892.896284,8995.318224,8852.818133,8928.521307
20200915,0,8932.974435,9004.22448,8852.818133,8910.708795
20200916,0,8928.521307,8964.146329,8875.083773,8901.80254
20200917,0,8906.255668,9075.474525,8906.255668,9008.677608
20200918,0,9022.036991,9079.927653,8950.786946,9039.849503
20200921,0,9062.115142,9115.552676,9017.583863,9026.490119
20200922,0,9017.583863,9026.490119,8888.443156,8941.88069
20200923,0,8959.693202,8990.865096,8861.724389,8901.80254
20200924,0,8906.255668,8950.786946,8714.771171,8750.396193
20200925,0,8772.661832,8861.724389,8710.318043,8808.286855
20200928,0,8826.099366,8857.271261,8732.583682,8759.302449
20200929,0,8759.302449,8781.568088,8643.521125,8647.974253
20200930,0,8630.161742,8750.396193,8621.255486,8665.786764
20201009,0,8728.130554,8950.786946,8688.052404,8861.724389
20201012,0,8843.911878,8937.427562,8786.021216,8817.193111
20201013,0,8821.646239,8901.80254,8763.755577,8870.630645
20201014,0,8857.271261,9128.912059,8817.193111,8990.865096
20201015,0,8995.318224,9124.458931,8955.240074,8981.958841
20201016,0,9013.130736,9066.56827,8906.255668,8973.052585
20201019,0,8990.865096,9075.474525,8981.958841,9030.943247
20201020,0,9026.490119,9053.208886,8959.693202,8990.865096
20201021,0,8995.318224,9048.755758,8946.333818,8959.693202
20201022,0,8950.786946,9008.677608,8910.708795,8959.693202
20201023,0,8968.599457,9008.677608,8924.068179,8955.240074
20201026,0,8906.255668,9093.287037,8861.724389,8955.240074
20201027,0,8973.052585,9017.583863,8932.974435,8946.333818
20201028,0,8964.146329,8986.411969,8719.224298,8732.583682
20201029,0,8701.411787,8759.302449,8652.427381,8705.864915
20201030,0,8728.130554,8919.615051,8714.771171,8786.021216
20201102,0,8817.193111,8901.80254,8794.927472,8817.193111
20201103,0,8826.099366,8870.630645,8777.11496,8821.646239
20201104,0,8821.646239,8910.708795,8799.380599,8812.739983
20201105,0,8826.099366,8843.911878,8701.411787,8759.302449
20201106,0,8759.302449,8821.646239,8728.130554,8745.943065
20201109,0,8759.302449,8857.271261,8670.239892,8817.193111
20201110,0,8835.005622,8906.255668,8790.474344,8839.45875
20201111,0,8843.911878,8932.974435,8830.552494,8888.443156
20201112,0,8897.349412,8928.521307,8839.45875,8879.536901
20201113,0,8892.896284,8932.974435,8830.552494,8866.177517
20201116,0,8843.911878,8857.271261,8701.411787,8705.864915
20201117,0,8714.771171,8723.677426,8545.552313,8581.177336
20201118,0,8581.177336,8661.333637,8567.817952,8661.333637
20201119,0,8665.786764,8812.739983,8661.333637,8745.943065
20201120,0,8754.849321,8888.443156,8696.958659,8879.536901
20201123,0,8897.349412,8973.052585,8861.724389,8915.161923
20201124,0,8906.255668,8924.068179,8741.489938,8781.568088
20201125,0,8799.380599,8870.630645,8786.021216,8857.271261
20201126,0,8866.177517,8906.255668,8826.099366,8830.552494
20201127,0,8848.365006,8888.443156,8772.661832,8883.990028
20201130,0,8892.896284,8919.615051,8625.708614,8630.161742
20201201,0,8630.161742,8674.69302,8474.302268,8505.474162
20201202,0,8532.192929,8634.61487,8487.661651,8576.724208
20201203,0,8594.536719,8723.677426,8581.177336,8656.880509
20201204,0,8674.69302,8683.599276,8603.442975,8621.255486
20201207,0,8643.521125,8665.786764,8567.817952,8594.536719
20201208,0,8603.442975,8656.880509,8590.083591,8639.067997
20201209,0,8656.880509,8670.239892,8514.380418,8550.005441
20201210,0,8563.364824,8594.536719,8162.583319,8229.380237
20201211,0,8247.192748,8705.864915,8207.114598,8630.161742
20201214,0,8679.146148,8897.349412,8679.146148,8830.552494
20201215,0,8861.724389,8901.80254,8790.474344,8861.724389
20201216,0,8879.635909,8879.635909,8790.07831,8830.37923
20201217,0,8830.37923,8866.202269,8673.653432,8745.299511
20201218,0,8758.733151,8812.46771,8718.432231,8749.777391
20201221,0,8749.777391,8915.458948,8749.777391,8839.334989
20201222,0,8843.812869,8848.290749,8691.564952,8812.46771
20201223,0,8821.42347,8915.458948,8704.998591,8731.865871
20201224,0,8754.255271,8830.37923,8700.520712,8799.03407
20201225,0,8821.42347,8875.158029,8785.60043,8866.202269
20201228,0,8866.202269,9099.052026,8812.46771,9063.228986
20201229,0,9049.795346,9116.963545,8933.370468,9045.317466
20201230,0,9045.317466,9152.786585,9031.883827,9085.618386
20201231,0,9085.618386,9197.565384,9085.618386,9108.007786
20210104,0,9125.919305,9130.397185,9000.538667,9090.096266
20210105,0,9099.052026,9143.830825,9031.883827,9085.618386
20210106,0,9112.485665,9130.397185,9031.883827,9049.795346
20210107,0,9067.706866,9121.441425,8964.715628,9116.963545
20210108,0,9134.875065,9354.291182,9099.052026,9237.866304
20210111,0,9215.476904,9336.379662,9108.007786,9237.866304
20210112,0,9260.255703,9296.078743,9184.131744,9228.910544
20210113,0,9206.521144,9246.822063,9134.875065,9219.954784
20210114,0,9228.910544,9242.344184,9108.007786,9134.875065
20210115,0,9143.830825,9210.999024,9103.529906,9184.131744
20210118,0,9202.043264,9331.901782,9197.565384,9269.211463
20210119,0,9255.777823,9305.034503,9179.653864,9184.131744
20210120,0,9210.999024,9246.822063,9166.220225,9179.653864
20210121,0,9170.698105,9197.565384,9134.875065,9139.352945
20210122,0,9157.264465,9260.255703,9125.919305,9251.299943
20210125,0,9246.822063,9251.299943,9134.875065,9184.131744
20210126,0,9179.653864,9219.954784,9139.352945,9179.653864
20210127,0,9206.521144,9287.122983,9188.609624,9237.866304
20210128,0,9219.954784,9273.689343,9202.043264,9233.388424
20210129,0,9233.388424,9269.211463,9175.175985,9210.999024
20210201,0,9188.609624,9193.087504,9040.839587,9090.096266
20210202,0,9099.052026,9148.308705,9067.706866,9134.875065
20210203,0,9139.352945,9179.653864,9108.007786,9170.698105
20210204,0,9175.175985,9224.432664,9139.352945,9184.131744
20210205,0,9184.131744,9215.476904,9054.273226,9067.706866
20210208,0,9076.662626,9090.096266,9000.538667,9076.662626
20210209,0,9076.662626,9090.096266,8910.981068,8933.370468
20210210,0,8933.370468,8991.582907,8879.635909,8964.715628
20210218,0,9013.972307,9040.839587,8924.414708,8969.193508
20210219,0,8991.582907,9090.096266,8969.193508,9067.706866
20210222,0,9085.618386,9313.990262,9072.184746,9309.512383
20210223,0,9282.645103,9412.503621,9251.299943,9296.078743
20210224,0,9305.034503,9358.769062,9260.255703,9282.645103
20210225,0,9313.990262,9381.158461,9291.600863,9358.769062
20210226,0,9305.034503,9811.034935,9273.689343,9502.06122
20210301,0,9546.840019,9730.433096,9546.840019,9676.698537
20210302,0,9681.176417,9681.176417,9408.025741,9475.19394
20210303,0,9493.10546,9573.707299,9421.459381,9421.459381
20210304,0,9412.503621,9434.893021,9327.423902,9390.114221
20210305,0,9390.114221,9390.114221,9278.167223,9300.556623
20210308,0,9327.423902,9331.901782,9215.476904,9228.910544
20210309,0,9251.299943,9251.299943,9045.317466,9063.228986
20210310,0,9081.140506,9125.919305,9018.450187,9112.485665
20210311,0,9121.441425,9197.565384,8964.715628,9009.494427
20210312,0,9022.928067,9112.485665,9005.016547,9058.751106
20210315,0,9063.228986,9143.830825,9022.928067,9063.228986
20210316,0,9094.574146,9112.485665,8816.94559,8839.334989
20210317,0,8843.812869,9013.972307,8803.51195,8946.804108
20210318,0,8969.193508,8987.105027,8857.246509,8902.025309
20210319,0,8910.981068,8996.060787,8749.777391,8758.733151
20210322,0,8763.211031,8915.458948,8700.520712,8727.387991
20210323,0,8749.777391,8821.42347,8722.910111,8790.07831
20210324,0,8767.688911,8933.370468,8758.733151,8928.892588
20210325,0,8933.370468,8991.582907,8816.94559,8879.635909
20210326,0,8875.158029,8924.414708,8709.476471,8722.910111
20210329,0,8740.821631,8812.46771,8713.954351,8749.777391
20210330,0,8749.777391,8839.334989,8749.777391,8807.98983
20210331,0,8861.724389,8861.724389,8633.352513,8669.175552
20210401,0,8687.087072,8731.865871,8664.697672,8691.564952
20210402,0,8669.175552,8754.255271,8615.440993,8731.865871
20210406,0,8642.308272,8866.202269,8642.308272,8843.812869
20210407,0,8835.230809,8908.17832,8796.611539,8830.939779
20210408,0,8826.648749,8873.85008,8813.775659,8822.357719
20210409,0,8822.357719,8848.103899,8693.626819,8706.499909
20210412,0,8715.081969,8723.664029,8599.224158,8646.425489
20210413,0,8642.134459,8762.283299,8637.843429,8727.955059
20210414,0,8732.246089,8770.865359,8702.208879,8749.410209
20210415,0,8745.119179,8818.066689,8727.955059,8818.066689
20210416,0,8835.230809,8860.97699,8770.865359,8779.447419
20210419,0,8779.447419,8835.230809,8685.044759,8796.611539
20210420,0,8796.611539,8878.14111,8779.447419,8826.648749
20210421,0,8805.193599,8852.394929,8693.626819,8697.917849
20210422,0,8697.917849,8715.081969,8650.716519,8676.462699
20210423,0,8680.753729,8740.828149,8659.298579,8663.589609
20210426,0,8676.462699,8710.790939,8547.731798,8594.933128
20210427,0,8607.806218,8629.261368,8298.852057,8303.143087
20210428,0,8298.852057,8333.180297,8204.449397,8303.143087
20210429,0,8285.978967,8303.143087,8187.285277,8191.576307
20210430,0,8195.867337,8247.359697,8084.300556,8131.501886
20210506,0,8148.666006,8170.121156,7985.606866,8015.644076
20210507,0,8007.062016,8140.083946,7964.151716,8032.808196
20210510,0,8049.972316,8114.337766,8011.353046,8037.099226
20210511,0,8002.770986,8007.062016,7663.779614,7663.779614
20210512,0,7590.832104,7625.160344,7380.571633,7427.772963
20210513,0,7444.937083,7586.541074,7397.735753,7474.974293
20210514,0,7474.974293,7616.578284,7474.974293,7496.429443
20210517,0,7517.884594,7689.525794,7509.302533,7629.451374
20210518,0,7650.906524,7655.197554,7479.265323,7543.630774
20210519,0,7552.212834,7638.033434,7423.481933,7432.063993
20210520,0,7367.698543,7599.414164,7281.877942,7595.123134
20210521,0,7603.705194,7835.420815,7599.414164,7835.420815
20210524,0,7852.584935,8127.210856,7749.600215,7959.860685
20210525,0,7959.860685,8058.554376,7826.838755,7938.405535
20210526,0,7942.696565,7977.024806,7646.615494,7762.473305
20210527,0,7792.510515,8024.226136,7766.764335,7998.479956
20210528,0,8024.226136,8097.173646,7882.622145,7899.786265
20210531,0,7891.204205,7916.950385,7801.092575,7848.293905
20210601,0,7865.458025,7934.114505,7813.965665,7844.002875
20210602,0,7852.584935,7874.040085,7530.757684,7586.541074
20210603,0,7595.123134,7625.160344,7500.720473,7573.667984
20210604,0,7569.376954,7783.928455,7569.376954,7577.959014
20210607,0,7603.705194,7650.906524,7436.355023,7535.048714
20210608,0,7535.048714,7620.869314,7483.556353,7513.593564
20210609,0,7530.757684,7590.832104,7509.302533,7582.250044
20210610,0,7582.250044,7646.615494,7414.899873,7432.063993
20210611,0,7432.063993,7466.392233,7376.280603,7432.063993
20210615,0,7449.228113,7543.630774,7423.481933,7483.556353
20210616,0,7496.429443,7517.884594,7341.952363,7440.646053
20210617,0,7440.646053,7479.265323,7393.444723,7410.608843
20210618,0,7363.407513,7462.101203,7333.370303,7389.153693
20210621,0,7389.153693,7427.772963,7058.744381,7135.982922
20210622,0,7174.602192,7316.206183,7170.311162,7307.624123
20210623,0,7320.497213,7371.989573,7273.295882,7329.079273
20210624,0,7329.079273,7371.989573,7256.131762,7294.751033
20210625,0,7299.042063,7346.243393,7269.004852,7281.877942
20210628,0,7281.877942,7371.989573,7191.766312,7307.624123
20210629,0,7329.079273,7462.101203,7311.915153,7393.444723
20210630,0,7380.571633,7432.063993,7299.042063,7299.042063
20210701,0,7299.042063,7350.534423,7243.258672,7251.840732
20210702,0,7251.840732,7277.586912,7191.766312,7221.803522
20210705,0,7213.221462,7329.079273,7213.221462,7277.586912
20210706,0,7277.586912,7367.698543,7269.004852,7329.079273
20210707,0,7311.915153,7376.280603,7226.094552,7346.243393
20210708,0,7341.952363,7363.407513,7230.385582,7251.840732
20210709,0,7277.586912,7354.825453,7243.258672,7316.206183
20210712,0,7354.825453,7397.735753,7303.333093,7346.243393
20210713,0,7354.825453,7376.280603,7264.713822,7346.243393
20210714,0,7367.698543,7646.615494,7346.243393,7500.720473
20210715,0,7492.138413,7590.832104,7423.481933,7457.810173
20210716,0,7453.519143,7659.488584,7449.228113,7616.578284
20210719,0,7921.241415,7942.696565,7762.473305,7942.696565
20210720,0,7938.405535,8273.105877,7706.689914,7723.854034
20210721,0,7792.510515,7874.040085,7680.943734,7706.689914
20210722,0,7685.234764,7775.346395,7483.556353,7535.048714
20210723,0,7552.212834,7706.689914,7526.466654,7625.160344
20210726,0,7640.313683,7846.399098,7619.099008,7846.399098
20210727,0,7864.583105,8085.821859,7764.571066,8055.515181
20210728,0,8094.913863,8104.005866,7940.349802,8061.576516
20210729,0,8088.852527,8125.220541,7825.184423,7885.79778
20210730,0,7940.349802,7958.533809,7773.663069,7900.95112
20210802,0,7849.429766,8104.005866,7770.632401,8088.852527
20210803,0,8125.220541,8149.465884,7855.491102,7894.889784
20210804,0,7922.165795,7988.840488,7849.429766,7955.503141
20210805,0,7955.503141,7997.932491,7719.111048,7822.153755
20210806,0,7831.245759,7925.196462,7813.061752,7879.736445
20210809,0,7822.153755,7867.613773,7649.405687,7819.123087
20210810,0,7710.019044,7994.901823,7710.019044,7928.22713
20210811,0,7952.472473,8058.545848,7913.073791,8052.484513
20210812,0,8058.545848,8376.765974,8022.177834,8304.029945
20210813,0,8304.029945,8473.747346,8249.477924,8467.68601
20210816,0,8467.68601,8598.004728,8449.502003,8540.422039
20210817,0,8558.606046,8740.446118,8488.900685,8691.955432
20210818,0,8643.464746,8676.802093,8552.54471,8613.158067
20210819,0,8485.870017,8767.722128,8364.643303,8570.728717
20210820,0,8537.391371,8594.97406,8376.765974,8476.778014
20210823,0,8443.440667,8634.372742,8331.305956,8558.606046
20210824,0,8540.422039,8564.667382,8364.643303,8401.011317
20210825,0,8316.152617,8952.592868,8310.091281,8940.470197
20210826,0,8979.868879,9095.034258,8858.642164,8988.960882
20210827,0,8970.776875,8970.776875,8525.268699,8567.698049
20210830,0,8588.912725,8691.955432,8482.839349,8649.526082
20210831,0,8610.1274,8831.366154,8576.790053,8691.955432
20210901,0,8667.710089,8767.722128,8634.372742,8698.016768
20210902,0,8722.262111,8837.427489,8576.790053,8667.710089
20210903,0,8658.618085,8691.955432,8382.82731,8537.391371
20210906,0,8455.563339,8643.464746,8185.833899,8240.38592
20210907,0,8276.753935,8428.287328,8134.312545,8419.195324
20210908,0,8422.225992,8576.790053,8316.152617,8404.041985
20210909,0,8388.888646,8516.176696,8240.38592,8343.428628
20210910,0,8316.152617,8367.673971,8100.975199,8258.569927
20210913,0,8237.355252,8401.011317,8070.66852,8385.857978
20210914,0,8367.673971,8440.409999,8307.060613,8397.980649
20210915,0,8401.011317,8516.176696,8373.735306,8491.931353
20210916,0,8522.238032,8531.330035,8358.581967,8410.103321
20210917,0,8407.072653,8443.440667,8216.140577,8340.39796
20210922,0,8443.440667,8443.440667,8249.477924,8364.643303
20210923,0,8346.459295,8479.808681,8294.937942,8388.888646
20210924,0,8394.949981,8425.25666,8310.091281,8325.24462
20210927,0,8367.673971,8937.439529,8334.336624,8937.439529
20210928,0,8910.163518,9292.027669,8837.427489,9195.046297
20210929,0,9182.923626,9555.695773,9140.494276,9452.653066
20210930,0,9546.603769,9737.535845,9422.346387,9737.535845
20211008,0,9698.137162,9698.137162,8876.826172,9152.616947
20211011,0,9085.942254,9489.02108,8885.918175,9085.942254
20211012,0,9031.390233,9282.935665,8837.427489,8879.856839
20211013,0,8849.550161,8952.592868,8222.201913,8634.372742
20211014,0,8634.372742,8764.691461,8358.581967,8452.532671
20211015,0,8485.870017,8510.11536,8261.600595,8361.612635
20211018,0,8352.520631,9219.29164,8319.183285,9219.29164
20211019,0,9122.310268,9979.989274,9104.126261,9425.377055
20211020,0,9007.14489,9567.818444,8776.814132,9361.73303
20211021,0,9282.935665,9673.89182,9113.218265,9340.518355
20211022,0,9273.843662,9510.235755,9001.083554,9337.487687
20211025,0,9349.610358,9658.73848,9140.494276,9255.659654
20211026,0,9243.536983,9285.966333,8449.502003,8449.502003
20211027,0,8176.741895,8473.747346,7888.828448,8316.152617
20211028,0,8297.96861,8846.519493,7770.632401,8494.962021
20211029,0,8449.502003,8719.231443,8352.520631,8691.955432
20211101,0,8646.495414,8782.875468,8346.459295,8491.931353
20211102,0,8122.189874,8731.354114,8119.159206,8598.004728
20211103,0,8594.97406,8782.875468,8558.606046,8737.41545
20211104,0,8704.078103,8810.151479,8485.870017,8561.636714
20211105,0,8546.483374,8691.955432,8394.949981,8625.280739
20211108,0,8895.010179,9389.00904,8791.967471,9367.794365
20211109,0,9431.438391,9558.726441,9267.782326,9395.070376
20211110,0,9395.070376,9592.063787,9222.322308,9576.910448
20211111,0,9646.615809,9649.646477,9313.242344,9479.929076
20211112,0,9461.745069,9543.573101,9249.598319,9522.358426
20211115,0,9704.198498,9943.621259,9625.401134,9773.903859
20211116,0,9758.75052,9873.915899,9613.278462,9867.854563
20211117,0,9710.259834,9758.75052,9395.070376,9485.990412
20211118,0,9388.559412,9705.210162,9266.770662,9688.971662
20211119,0,9797.228329,9840.530995,9688.971662,9791.815495
20211122,0,9732.274329,9734.980745,9504.935329,9564.476495
20211123,0,9553.650829,9556.357245,9093.559996,9334.431079
20211124,0,9250.532162,9375.027329,9134.156246,9201.816662
20211125,0,9201.816662,9288.421995,8985.303329,9020.486746
20211126,0,9031.312412,9342.550329,8893.285162,9320.898995
20211129,0,9310.073329,9361.495245,9220.761579,9264.064245
20211130,0,9283.009162,9320.898995,9115.211329,9209.935912
20211201,0,9147.688329,9264.064245,9101.679246,9226.174412
20211202,0,9199.110246,9218.055162,9098.972829,9180.165329
20211203,0,9155.807579,9356.082412,9150.394746,9350.669579
20211206,0,9310.073329,9453.513412,9215.348746,9234.293662
20211207,0,9315.486162,9345.256745,9123.330579,9226.174412
20211208,0,9201.816662,9237.000079,9069.202246,9104.385662
20211209,0,9112.504912,9120.624162,8665.946162,8676.771829
20211210,0,8649.707662,8676.771829,8086.772996,8370.946746
20211213,0,8330.350496,8444.019996,8200.442496,8338.469746
20211214,0,8357.414663,8384.478829,8043.470329,8303.286329
20211215,0,8211.268163,8270.809329,8132.782079,8140.901329
20211216,0,8119.249996,8241.038746,8024.525413,8157.139829
20211217,0,8200.442496,8362.827496,8132.782079,8324.937663
20211220,0,8381.772413,8387.185246,8189.616829,8208.561746
20211221,0,8203.148913,8224.800246,7740.351663,7762.002996
20211222,0,7751.17733,7864.84683,7613.15008,7637.50783
20211223,0,7618.562913,7710.58108,7599.617996,7637.50783
20211224,0,7648.333496,7924.387996,7605.03083,7623.975746
20211227,0,7686.22333,7794.479996,7648.333496,7778.241496
20211228,0,7797.186413,7902.736663,7748.470913,7859.433996
20211229,0,7870.259663,7870.259663,7697.048996,7762.002996
20211230,0,7794.479996,7832.36983,7661.86558,7740.351663
20211231,0,7740.351663,7767.41583,7615.856496,7675.397663
20220104,0,7683.516913,7683.516913,6904.068913,6904.068913
20220105,0,6847.234163,7104.343747,6684.849163,7050.215413
20220106,0,7050.215413,7204.481163,7015.031997,7074.573163
20220107,0,7063.747497,7215.30683,6944.665163,7090.811663
20220110,0,7079.985997,7190.94908,6977.142163,7071.866747
20220111,0,7047.508997,7117.87583,6933.839497,7001.499913
20220112,0,6955.49083,7015.031997,6933.839497,6941.958747
20220113,0,6928.426663,7015.031997,6841.82133,6960.903663
20220114,0,6971.72933,7320.85708,6944.665163,7296.49933
20220117,0,7304.61858,7415.581663,7177.416997,7255.90308
20220118,0,7209.893996,7331.682746,7209.893996,7266.728746
20220119,0,7266.728746,7334.389163,7201.774746,7301.912163
20220120,0,7334.389163,7488.654913,7242.370996,7469.709996
20220121,0,7496.774163,7507.59983,7304.61858,7342.508413
20220124,0,7345.21483,7356.040496,7096.224497,7161.178497
20220125,0,7166.59133,7201.774746,7039.389747,7134.11433
20220126,0,7155.765663,7253.196663,7128.701497,7158.47208
20220127,0,7188.242663,7196.361913,7066.453913,7109.75658
20220128,0,7139.527163,7150.35283,6887.830413,6998.793497
20220207,0,6987.96783,7174.71058,6960.903663,7161.178497
20220208,0,7177.416997,7594.205163,7153.059247,7513.012663
20220209,0,7526.544746,7534.663996,7364.159746,7450.76508
20220210,0,7450.76508,7491.36133,7377.69183,7445.352246
20220211,0,7439.939413,7756.590163,7404.755996,7629.38858
20220214,0,7640.214246,7780.947913,7594.205163,7642.920663
20220215,0,7605.03083,7732.232413,7480.535663,7702.46183
20220216,0,7642.920663,7810.718496,7491.36133,7502.186996
20220217,0,7513.012663,7523.83833,7242.370996,7342.508413
20220218,0,7339.801996,7431.820163,7337.09558,7429.113746
20220221,0,7469.709996,7559.021746,7415.581663,7502.186996
20220222,0,7453.471496,7577.966663,7361.45333,7415.581663
20220223,0,7448.058663,7469.709996,7339.801996,7442.64583
20220224,0,7437.232996,7502.186996,7318.150663,7467.00358
20220225,0,7469.709996,7480.535663,7150.35283,7247.78383
20220228,0,7199.06833,7323.563496,7134.11433,7209.893996
20220301,0,7177.416997,7272.14158,7142.23358,7172.004163
20220302,0,7242.370996,7253.196663,7047.508997,7047.508997
20220303,0,7052.92183,7163.884913,6971.72933,7104.343747
20220304,0,7120.582247,7242.370996,7117.87583,7128.701497
20220307,0,7139.527163,7226.132496,6901.362497,6904.068913
20220308,0,6858.05983,6904.068913,6473.748664,6498.106414
20220309,0,6495.399997,6703.79408,6389.849747,6579.298913
20220310,0,6630.72083,6806.637913,6533.28983,6614.48233
20220311,0,6614.48233,6703.79408,6506.225663,6614.48233
20220314,0,6584.711747,6676.729913,6443.97808,6552.234747
20220315,0,6546.821913,6625.307997,6468.33583,6484.57433
20220316,0,6441.271664,6560.353997,6278.886664,6414.207497
20220317,0,6387.14333,6489.987164,6262.648164,6322.18933
20220318,0,6357.372747,6549.52833,6357.372747,6508.93208
20220321,0,6511.638497,6744.39033,6465.629414,6619.895163
20220322,0,6576.592497,6598.24383,6430.445997,6443.97808
20220323,0,6419.62033,6452.09733,6349.253497,6368.198414
20220324,0,6373.611247,6468.33583,6232.87758,6254.528914
20220325,0,6251.822497,6362.78558,6181.455664,6311.363664
20220328,0,6311.363664,6397.968997,6227.464747,6257.23533
20220329,0,6235.583997,6327.602164,6235.583997,6287.005914
20220330,0,6292.418747,6373.611247,6197.694164,6205.813414
20220331,0,6189.574914,6303.244414,6143.56583,6300.537997
20220401,0,6335.721414,6365.491997,6211.226247,6273.47383
20220406,0,6349.253497,6365.491997,6192.28133,6213.932664
20220407,0,6151.68508,6235.583997,5943.290997,5975.767997
20220408,0,6075.905414,6113.795247,5940.58458,5967.648747
20220411,0,5959.951866,5975.345629,5736.742304,5772.661084
20220412,0,5757.267321,5962.517493,5680.298506,5898.376814
20220413,0,5875.28617,5941.992476,5752.136067,5777.792338
20220414,0,5752.136067,5890.679933,5752.136067,5818.842372
20220415,0,5808.579864,5888.114305,5741.873558,5862.458034
20220418,0,5898.376814,6285.786513,5880.417424,6272.958378
20220419,0,6160.070783,6290.917768,6116.455122,6134.414512
20220420,0,6085.667596,6188.292682,6008.698781,6054.88007
20220421,0,6083.101969,6411.502244,6060.011324,6347.361565
20220422,0,6360.189701,6444.855397,6270.392751,6303.745904
20220425,0,6280.655259,6444.855397,6144.67702,6208.817699
20220426,0,6226.777089,6421.764752,6226.777089,6367.886582
20220427,0,6373.017837,6465.380414,6162.63641,6244.736479
20220428,0,6275.524005,6337.099056,6085.667596,6188.292682
20220429,0,6124.152003,6260.130242,6093.364477,6201.120818
20220505,0,6239.605225,6532.08672,6211.383326,6460.24916
20220506,0,6478.20855,6491.036685,6355.058446,6378.149091
20220509,0,6375.583464,6511.561703,6316.574039,6347.361565
20220510,0,6360.189701,6393.542854,6183.161428,6301.180276
20220511,0,6337.099056,6437.158515,6260.130242,6262.695869
20220512,0,6285.786513,6367.886582,6247.302106,6311.442785
20220513,0,6357.624074,6398.674108,6270.392751,6314.008412
20220516,0,6393.542854,6516.692957,6326.836548,6478.20855
20220517,0,6503.864821,6696.286857,6388.411599,6447.421024
20220518,0,6485.905431,6514.12733,6403.805362,6426.896007
20220519,0,6414.067871,6529.521093,6393.542854,6506.430448
20220520,0,6606.489907,6606.489907,6473.077295,6516.692957
20220523,0,6529.521093,6568.0055,6316.574039,6339.664684
20220524,0,6342.230311,6365.320955,6142.111393,6147.242647
20220525,0,6170.333292,6188.292682,6095.930105,6106.192613
20220526,0,6080.536342,6129.283257,5995.870646,6077.970714
20220527,0,6126.71763,6144.67702,5954.820611,6003.567527
20220530,0,6008.698781,6070.273833,5929.16434,6021.526917
20220531,0,6003.567527,6131.848885,6003.567527,6106.192613
20220601,0,6113.889495,6121.586376,5952.254984,5957.386239
20220602,0,5941.992476,5993.305019,5890.679933,5962.517493
20220606,0,5965.08312,6011.264409,5916.336204,5936.861221
20220607,0,5916.336204,6001.0019,5826.539254,5854.761153
20220608,0,5854.761153,5893.24556,5780.357965,5803.44861
20220609,0,5777.792338,5880.417424,5777.792338,5870.154915
20220610,0,5885.548678,5941.992476,5829.104881,5859.892407
20220613,0,5875.28617,5918.901831,5747.004812,5772.661084
20220614,0,5754.701694,5895.811187,5695.692269,5844.498644
20220615,0,5829.104881,5875.28617,5654.642235,5662.339116
20220616,0,5672.601625,5695.692269,5439.129555,5480.179589
20220617,0,5516.098369,5521.229623,5398.07952,5449.392063
20220620,0,5469.91708,5608.460946,5251.838773,5598.198438
20220621,0,5580.239048,5616.157828,5480.179589,5498.138979
20220622,0,5546.885895,5580.239048,5387.817012,5392.948266
20220623,0,5449.392063,5493.007725,5336.504469,5464.785826
20220624,0,5490.442097,5652.076608,5413.473283,5575.107793
20220627,0,5639.248472,5903.508068,5575.107793,5903.508068
20220628,0,5952.254984,5977.911256,5703.389151,5785.48922
20220629,0,5752.136067,5903.508068,5752.136067,5836.801763
20220630,0,5836.801763,5862.458034,5777.792338,5816.276745
20220701,0,5808.579864,5813.711118,5472.482707,5498.138979
20220704,0,5531.492132,5721.348541,5439.129555,5675.167252
20220705,0,5677.732879,5800.882982,5428.867046,5462.220199
20220706,0,5439.129555,5536.623386,5264.666908,5387.817012
20220707,0,5459.654572,5480.179589,5331.373214,5336.504469
20220708,0,5398.07952,5572.542166,5354.463859,5441.695182
20220711,0,5449.392063,5585.370302,5362.16074,5500.704606
20220712,0,5526.360878,5577.673421,5482.745216,5516.098369
20220713,0,5439.129555,5513.532742,5305.716943,5436.563927
20220714,0,5508.401488,5534.057759,5387.817012,5439.129555
20220715,0,5451.95769,5464.785826,5131.254297,5264.666908
20220718,0,5395.513893,5526.360878,5341.635723,5457.088945
20220719,0,5457.088945,5490.442097,5369.857622,5433.9983
20220720,0,5474.167487,5512.105052,5391.597492,5447.388029
20220721,0,5467.472622,5599.13829,5467.472622,5547.810996
20220722,0,5561.200725,5619.222883,5474.167487,5550.042617
20220725,0,5567.895589,5614.75964,5295.637769,5373.74452
20220726,0,5398.292357,5413.913707,5291.174526,5326.880469
20220727,0,5324.648848,5413.913707,5239.847232,5396.060735
20220728,0,5422.840193,5431.766679,5295.637769,5311.259119
20220729,0,5322.417226,5380.439385,5302.332633,5338.038577
20220801,0,5324.648848,5480.862351,5324.648848,5396.060735
20220802,0,5400.523978,5418.37695,5266.626689,5329.112091
20220803,0,5346.965063,5353.659927,5277.784797,5346.965063
20220804,0,5349.196684,5480.862351,5329.112091,5469.704244
20220805,0,5445.156408,5467.472622,5409.450464,5451.851272
20220808,0,5409.450464,5438.461543,5271.089932,5273.321554
20220809,0,5253.23696,5322.417226,5224.225881,5295.637769
20220810,0,5262.163446,5315.722362,5248.773718,5277.784797
20220811,0,5295.637769,5324.648848,5262.163446,5291.174526
20220812,0,5317.953983,5355.891548,5255.468582,5293.406147
20220815,0,5291.174526,5387.134249,5268.858311,5349.196684
20220816,0,5346.965063,5364.818034,5273.321554,5311.259119
20220817,0,5333.575334,5333.575334,5268.858311,5277.784797
20220818,0,5248.773718,5306.795876,5204.141288,5204.141288
20220819,0,5213.067774,5346.965063,5192.983181,5338.038577
20220822,0,5324.648848,5422.840193,5284.479661,5335.806955
20220823,0,5338.038577,5353.659927,5311.259119,5342.50182
20220824,0,5349.196684,5400.523978,5329.112091,5351.428306
20220825,0,5360.354791,5445.156408,5331.343712,5442.924786
20220826,0,5436.229922,5505.410188,5418.37695,5440.693165
20220829,0,5440.693165,5538.88451,5427.303436,5536.652888
20220830,0,5536.652888,5543.347753,5451.851272,5485.325594
20220831,0,5494.25208,5523.263159,5454.082894,5489.788837
20220901,0,5494.25208,5512.105052,5364.818034,5413.913707
20220902,0,5422.840193,5476.399108,5382.671006,5433.9983
20220905,0,5384.902628,5447.388029,5384.902628,5427.303436
20220906,0,5438.461543,5467.472622,5378.207763,5416.145328
20220907,0,5402.7556,5492.020459,5391.597492,5485.325594
20220908,0,5483.093973,5505.410188,5445.156408,5476.399108
20220909,0,5449.619651,5487.557216,5447.388029,5480.862351
20220913,0,5512.105052,5583.516939,5471.935865,5572.358832
20220914,0,5543.347753,5610.296397,5496.483702,5579.053696
20220915,0,5621.454504,5621.454504,5538.88451,5558.969103
20220916,0,5579.053696,5596.906668,5188.519938,5429.535057
20220919,0,5411.682085,5456.314515,5389.365871,5393.829114
20220920,0,5400.523978,5451.851272,5367.049656,5420.608571
20220921,0,5404.987221,5427.303436,5360.354791,5362.586413
20220922,0,5358.12317,5400.523978,5324.648848,5349.196684
20220923,0,5329.112091,5364.818034,5288.942904,5309.027497
20220926,0,5302.332633,5342.50182,5206.372909,5221.99426
20220927,0,5248.773718,5280.016418,5215.299395,5235.383989
20220928,0,5230.920746,5304.564254,5226.457503,5244.310475
20220929,0,5266.626689,5282.24804,5246.542096,5268.858311
20220930,0,5244.310475,5293.406147,5230.920746,5253.23696
20221010,0,5311.259119,5311.259119,5157.277237,5166.203723
20221011,0,5148.350751,5186.288316,5130.497779,5168.435344
20221012,0,5137.192644,5197.446424,5134.961022,5148.350751
20221013,0,5161.74048,5253.23696,5150.582372,5186.288316
20221014,0,5177.36183,5208.604531,5105.949943,5134.961022
20221017,0,5126.034536,5126.034536,5047.927784,5076.938864
20221018,0,5050.159406,5110.413186,5050.159406,5076.938864
20221019,0,5056.85427,5150.582372,5018.916705,5141.655887
20221020,0,5155.045615,5309.027497,5155.045615,5221.99426
20221021,0,5213.067774,5235.383989,5090.328593,5146.11913
20221024,0,5166.203723,5190.751559,5097.023457,5097.023457
20221025,0,5101.4867,5157.277237,5061.317513,5157.277237
20221026,0,5146.11913,5170.666966,5097.023457,5130.497779
20221027,0,5152.813994,5152.813994,5063.549135,5079.170485
20221028,0,5079.170485,5101.4867,4965.35779,4983.210762
20221031,0,5036.769677,5036.769677,4911.798874,4940.809953
20221101,0,4927.420225,4938.578332,4804.681043,4918.493739
20221102,0,4893.945902,4949.736439,4856.008337,4911.798874
20221103,0,4940.809953,5021.148327,4918.493739,4969.821033
20221104,0,4963.126168,5126.034536,4963.126168,5047.927784
20221107,0,4985.442383,5065.780756,4985.442383,5016.685084
20221108,0,5043.464541,5059.085892,4940.809953,4976.515897
20221109,0,4976.515897,5025.61157,4876.092931,5018.916705
20221110,0,5007.758598,5065.780756,4996.60049,5025.61157
20221111,0,5023.379948,5054.622649,4945.273196,5009.990219
20221114,0,5043.464541,5090.328593,4967.589411,4987.674005
20221115,0,4976.515897,5034.538056,4949.736439,5025.61157
20221116,0,5014.453462,5081.402107,5014.453462,5052.391027
20221117,0,5032.306434,5056.85427,4954.199682,4969.821033
20221118,0,4963.126168,5007.758598,4927.420225,4965.35779
20221121,0,4965.35779,4969.821033,4885.019417,4891.714281
20221122,0,4900.640767,4905.10401,4853.776716,4893.945902
20221123,0,4905.10401,4905.10401,4782.364829,4789.059693
20221124,0,4786.828071,4804.681043,4728.805913,4782.364829
20221125,0,4809.144286,4862.703202,4791.291314,4815.839151
20221128,0,4811.375908,4818.070772,4760.048614,4775.669964
20221129,0,4780.133207,4869.398066,4780.133207,4844.85023
20221130,0,4851.545094,4862.703202,4806.912665,4835.923744
20221201,0,4847.081851,4918.493739,4822.534015,4885.019417
20221202,0,4864.934823,4898.409145,4842.618608,4844.85023
20221205,0,4867.166445,4900.640767,4840.386987,4844.85023
20221206,0,4829.22888,4840.386987,4748.890506,4820.302394
20221207,0,4829.22888,4829.22888,4782.364829,4802.449422
20221208,0,4822.534015,4824.765637,4717.647806,4753.353749
20221209,0,4742.195642,4766.743478,4715.416184,4744.427263
20221212,0,4773.438343,4940.809953,4735.500777,4918.493739
20221213,0,4929.879141,5005.022795,4886.614613,4975.42075
20221214,0,5000.468634,5030.07068,4954.927026,4954.927026
20221215,0,4986.806152,5023.239439,4925.32498,4948.095784
20221216,0,4934.433302,5009.576956,4927.60206,4993.637393
20221219,0,4964.035347,4995.914473,4677.123213,4695.339856
20221220,0,4695.339856,4722.664821,4595.148317,4622.473282
20221221,0,4624.750363,4663.46073,4601.979558,4620.196202
20221222,0,4624.750363,4654.352408,4563.269191,4599.702478
20221223,0,4599.702478,4668.014891,4583.762915,4622.473282
20221226,0,4599.702478,4697.616937,4520.004663,4640.689926
20221227,0,4654.352408,4709.002339,4645.244087,4683.954454
20221228,0,4658.906569,4695.339856,4622.473282,4672.569052
20221229,0,4661.18365,4702.171097,4624.750363,4638.412845
20221230,0,4638.412845,4670.291971,4613.36496,4640.689926
20230103,0,4665.73781,4756.821028,4661.18365,4727.218982
20230104,0,4734.050223,4788.700154,4699.894017,4724.941902
20230105,0,4724.941902,4770.48351,4677.123213,4718.11066
20230106,0,4720.387741,4724.941902,4627.027443,4668.014891
20230109,0,4661.18365,4702.171097,4652.075328,4690.785695
20230110,0,4704.448178,4740.881465,4683.954454,4715.83358
20230111,0,4715.83358,4734.050223,4649.798247,4652.075328
20230112,0,4658.906569,4756.821028,4652.075328,4736.327304
20230113,0,4738.604384,4772.760591,4699.894017,4720.387741
20230116,0,4738.604384,4754.543947,4668.014891,4704.448178
20230117,0,4722.664821,4804.639717,4706.725258,4736.327304
20230118,0,4738.604384,4786.423073,4724.941902,4745.435626
20230119,0,4745.435626,4777.314752,4706.725258,4711.279419
20230120,0,4713.5565,4777.314752,4706.725258,4770.48351
20230130,0,4827.410521,4859.289647,4752.266867,4820.57928
20230131,0,4804.639717,4977.69783,4781.868913,4945.818704
20230201,0,4950.372865,5011.854037,4932.156221,4952.649945
20230202,0,4948.095784,4991.360313,4836.518843,4854.735487
20230203,0,4850.181326,4923.0479,4797.808476,4872.95213
20230206,0,4861.566728,4923.0479,4852.458406,4886.614613
20230207,0,4877.506291,4882.060452,4800.085556,4868.397969
20230208,0,4872.95213,4893.445854,4788.700154,4804.639717
20230209,0,4804.639717,4829.687602,4697.616937,4699.894017
20230210,0,4709.002339,4711.279419,4640.689926,4674.846132
20230213,0,4690.785695,4747.712706,4672.569052,4715.83358
20230214,0,4731.773143,4754.543947,4686.231534,4740.881465
20230215,0,4747.712706,4747.712706,4697.616937,4722.664821
20230216,0,4734.050223,4768.20643,4720.387741,4743.158545
20230217,0,4756.821028,4756.821028,4645.244087,4695.339856
20230220,0,4695.339856,4720.387741,4674.846132,4681.677373
20230221,0,4699.894017,4779.591832,4695.339856,4747.712706
20230222,0,4749.989787,4786.423073,4736.327304,4738.604384
20230223,0,4747.712706,4770.48351,4713.5565,4754.543947
20230224,0,4754.543947,4868.397969,4740.881465,4868.397969
20230227,0,4859.289647,4868.397969,4802.362637,4813.748039
20230228,0,4813.748039,4834.241763,4645.244087,4683.954454
20230301,0,4688.508615,4718.11066,4656.629489,4702.171097
20230302,0,4704.448178,4724.941902,4681.677373,4711.279419
20230303,0,4711.279419,4731.773143,4649.798247,4663.46073
20230306,0,4636.135765,4697.616937,4565.546271,4670.291971
20230307,0,4670.291971,4695.339856,4656.629489,4688.508615
20230308,0,4677.123213,4683.954454,4638.412845,4654.352408
20230309,0,4654.352408,4663.46073,4574.654593,4579.208754
20230310,0,4576.931674,4604.256639,4451.69225,4472.185974
20230313,0,4481.294295,4508.61926,4433.475606,4494.956778
20230314,0,4501.788019,4540.498387,4483.571376,4497.233858
20230315,0,4497.233858,4531.390065,4472.185974,4501.788019
20230316,0,4501.788019,4515.450502,4367.440274,4460.800571
20230317,0,4460.800571,4481.294295,4424.367284,4442.583928
20230320,0,4442.583928,4479.017215,4408.427721,4415.258963
20230321,0,4415.258963,4431.198526,4360.609032,4378.825676
20230322,0,4392.488158,4435.752687,4369.717354,4394.765239
20230323,0,4394.765239,4412.981882,4310.513263,4312.790343
20230324,0,4303.682021,4342.392389,4242.20085,4331.006987
20230327,0,4317.344504,4360.609032,4310.513263,4351.50071
20230328,0,4362.886113,4394.765239,4349.22363,4376.548595
20230329,0,4387.933997,4399.3194,4310.513263,4326.452826
20230330,0,4333.284067,4340.115308,4267.248734,4269.525815
20230331,0,4278.634137,4383.379837,4269.525815,4333.284067
20230403,0,4344.669469,4371.994434,4308.236182,4369.717354
20230404,0,4369.717354,4417.536043,4335.561147,4356.054871
20230406,0,4356.054871,4381.102756,4305.959102,4362.886113
20230407,0,4349.22363,4444.861008,4349.22363,4415.258963
20230410,0,4406.150641,4456.24641,4392.488158,4426.644365
20230411,0,4428.921445,4440.306847,4321.898665,4331.006987
20230412,0,4346.94655,4346.94655,4287.742458,4296.85078
20230413,0,4299.12786,4342.392389,4299.12786,4335.561147
20230414,0,4339.892377,4417.854516,4339.892377,4370.210987
20230417,0,4368.045372,4424.351361,4368.045372,4424.351361
20230418,0,4428.682591,4450.33874,4398.363981,4417.854516
20230419,0,4424.351361,4502.313499,4400.529596,4465.498045
20230420,0,4454.66997,4504.479114,4430.848206,4495.816654
20230421,0,4495.816654,4508.810344,4331.229918,4357.217297
20230424,0,4365.879757,4456.835585,4348.554837,4441.67628
20230425,0,4461.166815,4491.485424,4437.345051,4461.166815
20230426,0,4461.166815,4519.638419,4441.67628,4474.160505
20230427,0,4474.160505,4500.147884,4402.695211,4420.020131
20230428,0,4428.682591,4623.587937,4426.516976,4610.594247
20230504,0,4597.600557,4675.562696,4569.447563,4623.587937
20230505,0,4625.753552,4677.728311,4584.606868,4623.587937
20230508,0,4677.728311,4742.69676,4636.581627,4662.569006
20230509,0,4684.225156,4686.390771,4595.434942,4640.912857
20230510,0,4651.740931,4686.390771,4612.759862,4653.906546
20230511,0,4662.569006,4669.065851,4558.619488,4575.944408
20230512,0,4584.606868,4619.256707,4539.128954,4593.269328
20230515,0,4601.931787,4699.384461,4584.606868,4675.562696
20230516,0,4666.900236,4688.556386,4591.103713,4623.587937
20230517,0,4612.759862,4625.753552,4571.613178,4617.091092
20230518,0,4623.587937,4660.403391,4552.122643,4573.778793
20230519,0,4571.613178,4575.944408,4467.66366,4476.32612
20230522,0,4463.33243,4519.638419,4411.357671,4510.975959
20230523,0,4521.804034,4530.466494,4448.173125,4500.147884
20230524,0,4491.485424,4491.485424,4370.210987,4370.210987
20230525,0,4374.542217,4391.867136,4300.911308,4374.542217
20230526,0,4376.707832,4383.204677,4318.236228,4355.051682
20230529,0,4365.879757,4389.701521,4324.733073,4363.714142
20230530,0,4348.554837,4378.873447,4333.395532,4365.879757
20230531,0,4355.051682,4363.714142,4303.076923,4322.567458
20230601,0,4331.229918,4409.192056,4303.076923,4389.701521
20230602,0,4370.210987,4387.535906,4346.389222,4370.210987
20230605,0,4376.707832,4398.363981,4324.733073,4361.548527
20230606,0,4357.217297,4400.529596,4352.886067,4398.363981
20230607,0,4400.529596,4428.682591,4376.707832,4381.039062
20230608,0,4378.873447,4396.198366,4352.886067,4374.542217
20230609,0,4383.204677,4409.192056,4365.879757,4398.363981
20230612,0,4385.370291,4484.98858,4363.714142,4454.66997
20230613,0,4433.013821,4456.835585,4413.523286,4422.185746
20230614,0,4417.854516,4482.822965,4417.854516,4439.510665
20230615,0,4439.510665,4448.173125,4389.701521,4413.523286
20230616,0,4428.682591,4502.313499,4415.688901,4446.00751
20230619,0,4439.510665,4461.166815,4420.020131,4424.351361
20230620,0,4417.854516,4437.345051,4374.542217,4387.535906
20230621,0,4396.198366,4476.32612,4383.204677,4448.173125
20230626,0,4446.00751,4446.00751,4385.370291,4391.867136
20230627,0,4385.370291,4391.867136,4335.561147,4372.376602
20230628,0,4391.867136,4391.867136,4339.892377,4363.714142
20230629,0,4374.542217,4428.682591,4365.879757,4381.039062
20230630,0,4374.542217,4415.688901,4368.045372,4385.370291
20230703,0,4402.695211,4513.141574,4398.363981,4513.141574
20230704,0,4515.307189,4528.300879,4463.33243,4510.975959
20230705,0,4515.307189,4608.428632,4495.816654,4578.110023
20230706,0,4582.441253,4625.753552,4556.453873,4588.938098
20230707,0,4599.766172,4604.097402,4506.644729,4560.785103
20230710,0,4582.441253,4643.078472,4569.447563,4586.772483
20230711,0,4612.759862,4617.091092,4556.453873,4580.275638
20230712,0,4565.116333,4586.772483,4521.804034,4541.294569
20230713,0,4562.950718,4621.422322,4547.791413,4552.122643
20230714,0,4534.797724,4580.275638,4526.135264,4565.116333
20230717,0,4595.434942,4993.908095,4571.613178,4913.780341
20230718,0,4937.602106,5035.054779,4840.149433,4894.289807
20230719,0,4911.614726,4963.589485,4872.633657,4885.627347
20230720,0,4896.455422,4970.08633,4844.480663,4874.799272
20230721,0,4889.958577,4907.283497,4708.04692,4734.0343
20230724,0,4764.352909,4799.002749,4747.02799,4770.849754
20230725,0,4799.002749,4859.639967,4721.04061,4837.983818
20230726,0,4840.149433,4920.277186,4770.849754,4837.983818
20230727,0,4844.480663,4928.939646,4835.818203,4863.971197
20230728,0,4892.124192,4894.289807,4792.505904,4840.149433
20230731,0,4885.627347,5128.176222,4857.474353,4948.430181
20230801,0,4948.430181,5043.717239,4948.430181,5006.901785
20230802,0,4985.304796,5044.696514,4985.304796,5014.100781
20230803,0,5003.302287,5006.901785,4895.317345,4938.511322
20230804,0,4938.511322,4958.308561,4895.317345,4924.11333
20230807,0,4911.515086,4916.914333,4796.331149,4812.52889
20230808,0,4819.727886,4920.513832,4808.929392,4902.516341
20230809,0,4909.715337,4913.314835,4828.726631,4841.324874
20230810,0,4830.52638,4900.716592,4819.727886,4844.924373
20230811,0,4835.925627,4898.916843,4812.52889,4886.3186
20230814,0,4835.925627,4857.522616,4695.545204,4753.137172
20230815,0,4744.138427,4763.935666,4664.94947,4679.347462
20230816,0,4666.749219,4690.145956,4607.357501,4610.956999
20230817,0,4619.955745,4758.536419,4596.559007,4738.73918
20230818,0,4751.337423,4767.535164,4700.944451,4702.7442
20230821,0,4697.344953,4762.135917,4695.545204,4751.337423
20230822,0,4745.938176,4868.32111,4744.138427,4756.73667
20230823,0,4749.537674,4812.52889,4718.941941,4785.532655
20230824,0,4798.130898,4828.726631,4753.137172,4787.332404
20230825,0,4805.329894,4832.326129,4735.139682,4763.935666
20230828,0,4781.933157,4859.322365,4690.145956,4713.542694
20230829,0,4715.342443,4816.128388,4625.354992,4772.934412
20230830,0,4772.934412,4798.130898,4708.143447,4749.537674
20230831,0,4772.934412,4805.329894,4699.144702,4731.540184
20230901,0,4747.737925,4841.324874,4729.740435,4790.931902
20230904,0,4805.329894,4949.309816,4790.931902,4864.721612
20230905,0,4891.717847,4931.312326,4873.720357,4911.515086
20230906,0,4927.712828,4945.710318,4864.721612,4882.719102
20230907,0,4886.3186,4906.115839,4754.936921,4798.130898
20230908,0,4769.334913,4816.128388,4747.737925,4790.931902
20230911,0,4805.329894,4852.123369,4796.331149,4835.925627
20230912,0,4826.926882,4879.119604,4767.535164,4781.933157
20230913,0,4778.333659,4787.332404,4686.546458,4724.341188
20230914,0,4736.939431,4751.337423,4695.545204,4709.943196
20230915,0,4724.341188,4844.924373,4724.341188,4819.727886
20230918,0,4825.127133,4843.124623,4774.734161,4819.727886
20230919,0,4839.525125,4877.319855,4805.329894,4825.127133
20230920,0,4816.128388,4884.518851,4807.129643,4868.32111
20230921,0,4875.520106,4983.505047,4817.928137,4825.127133
20230922,0,4826.926882,4886.3186,4807.129643,4880.919353
20230925,0,4931.312326,4979.905549,4884.518851,4911.515086
20230926,0,4889.918098,4925.913079,4862.921863,4911.515086
20230927,0,4906.115839,4918.714082,4839.525125,4855.722867
20230928,0,4866.521361,4916.914333,4852.123369,4895.317345
20231009,0,4898.916843,4913.314835,4751.337423,4816.128388
20231010,0,4787.332404,4816.128388,4529.968293,4546.166035
20231011,0,4571.362521,4618.155995,4542.566536,4573.16227
20231012,0,4585.760513,4798.130898,4578.561517,4749.537674
20231013,0,4753.137172,4924.11333,4718.941941,4918.714082
20231016,0,4911.515086,4990.704043,4882.719102,4949.309816
20231017,0,4949.309816,4974.506302,4909.715337,4936.711573
20231018,0,4925.913079,4934.911824,4864.721612,4916.914333
20231019,0,4898.916843,5044.696514,4868.32111,4933.112075
20231020,0,4933.112075,4951.109565,4900.716592,4942.11082
20231023,0,4902.516341,4920.513832,4726.140937,4738.73918
20231024,0,4731.540184,4769.334913,4690.145956,4756.73667
20231025,0,4783.732906,4886.3186,4780.133408,4850.32362
20231026,0,4839.525125,4839.525125,4780.133408,4817.928137
20231027,0,4826.926882,4848.523871,4774.734161,4812.52889
20231030,0,4832.326129,4853.923118,4717.142192,4736.939431
20231031,0,4718.941941,4821.527635,4718.941941,4783.732906
20231101,0,4783.732906,4787.332404,4639.752984,4726.140937
20231102,0,4751.337423,4765.735415,4704.543949,4747.737925
20231103,0,4781.933157,5039.297267,4780.133408,5035.697769
20231106,0,5086.090742,5192.275934,5010.501283,5037.497518
20231107,0,5042.896765,5107.68773,4978.1058,5015.90053
20231108,0,5010.501283,5091.489989,4997.90304,5028.498773
20231109,0,5048.296012,5055.495008,4942.11082,5024.899275
20231110,0,4978.1058,5017.700279,4868.32111,5017.700279
20231113,0,5050.095761,5141.882961,4974.506302,4988.904294
20231114,0,4994.303541,5089.69024,4967.307306,5069.893
20231115,0,5071.69275,5104.088232,5023.099526,5046.496263
20231116,0,5037.497518,5062.694004,5005.102036,5041.097016
20231117,0,5017.700279,5150.881707,4981.705298,5105.887981
20231120,0,5296.661378,5572.022978,5235.469911,5563.024233
20231121,0,5523.429755,5622.415951,5480.235778,5545.026743
20231122,0,5555.825237,5573.822727,5474.836531,5561.224484
20231123,0,5577.422225,5577.422225,5381.249582,5469.437284
20231124,0,5449.640045,5518.030507,5384.84908,5505.432264
20231127,0,5471.237033,5482.035527,5406.446068,5442.441048
20231128,0,5437.292098,5543.703749,5420.128928,5437.292098
20231129,0,5423.561562,5449.306316,5378.937321,5385.802589
20231130,0,5361.774152,5423.561562,5272.52567,5384.086272
20231201,0,5423.561562,5463.036852,5332.596764,5373.78837
20231204,0,5365.206786,5389.235223,5286.256206,5308.568326
20231205,0,5282.823572,5324.015179,5245.064599,5253.646184
20231206,0,5222.752479,5272.52567,5178.128238,5253.646184
20231207,0,5246.780916,5361.774152,5245.064599,5361.774152
20231208,0,5368.63942,5399.533125,5281.107255,5313.717277
20231211,0,5342.894665,5373.78837,5269.093037,5298.270425
20231212,0,5293.121474,5342.894665,5260.511452,5327.447813
20231213,0,5312.00096,5324.015179,5222.752479,5246.780916
20231214,0,5248.497233,5289.68884,5193.575091,5200.440359
20231215,0,5234.766698,5270.809353,5148.95085,5262.227769
20231218,0,5246.780916,5262.227769,5188.42614,5227.90143
20231219,0,5212.454577,5286.256206,5202.156675,5234.766698
20231220,0,5250.21355,5299.986742,5209.021943,5255.362501
20231221,0,5245.064599,5270.809353,5217.603528,5246.780916
20231222,0,5246.780916,5354.908884,5224.468796,5351.47625
20231225,0,5358.341518,5380.653638,5277.674621,5286.256206
20231226,0,5282.823572,5282.823572,5179.844555,5193.575091
20231227,0,5167.830336,5179.844555,5080.298172,5140.369265
20231228,0,5136.936631,5219.319845,5109.47556,5209.021943
20231229,0,5183.277189,5233.050381,5171.26297,5198.724042
20240102,0,5183.277189,5251.929867,5157.532435,5190.142457
20240103,0,5181.560872,5207.305626,5160.965069,5181.560872
20240104,0,5162.681386,5178.128238,4960.155986,4977.319155
20240105,0,5006.496543,5011.645494,4942.992816,4942.992816
20240108,0,4941.276499,4941.276499,4821.134313,4845.16275
20240109,0,4855.460652,4891.503308,4755.914268,4869.191187
20240110,0,4865.758553,4898.368575,4833.148531,4833.148531
20240111,0,4798.822192,4867.47487,4764.495853,4852.028018
20240112,0,4824.566946,4853.744335,4673.531055,4687.26159
20240115,0,4702.708443,4781.659023,4675.247372,4719.871613
20240116,0,4728.453197,4750.765318,4551.672551,4616.892596
20240117,0,4625.47418,4652.935251,4565.403087,4567.119404
20240118,0,4531.076748,4627.190497,4474.438289,4610.027328
20240119,0,4589.431524,4685.545274,4577.417306,4663.233153
20240122,0,4680.396323,4680.396323,4541.37465,4556.821502
20240123,0,4592.864158,4622.041546,4537.942016,4575.700989
20240124,0,4563.68677,4608.311011,4549.956234,4580.84994
20240125,0,4565.403087,4606.594694,4561.970453,4582.566257
20240126,0,4551.672551,4601.445743,4397.204026,4398.920343
20240129,0,4422.94878,4450.409851,4342.281884,4404.069294
20240130,0,4416.083512,4462.42407,4354.296102,4433.246682
20240131,0,4450.409851,4458.991436,4397.204026,4421.232463
20240201,0,4428.097731,4453.842485,4400.63666,4434.962999
20240202,0,4453.842485,4479.58724,4371.459272,4386.906124
20240205,0,4342.281884,4383.47349,4301.090277,4321.68608
20240206,0,4273.629206,4302.806594,4170.650189,4180.94809
20240207,0,4187.813358,4220.42338,4086.550658,4095.132243
20240208,0,4180.94809,4520.778846,4170.650189,4421.232463
20240219,0,4417.799829,4417.799829,4290.792375,4393.771392
20240220,0,4440.11195,4441.828267,4361.16137,4378.324539
20240221,0,4393.771392,4393.771392,4301.090277,4337.132933
20240222,0,4330.267665,4357.728736,4294.225009,4345.714517
20240223,0,4323.402397,4373.175589,4313.104495,4319.969763
20240226,0,4304.522911,4304.522911,4218.707063,4232.437599
20240227,0,4241.019183,4294.225009,4223.856014,4266.763938
20240228,0,4290.792375,4340.565567,4242.7355,4285.643424
20240229,0,4285.643424,4369.742955,4265.047621,4350.863468
20240301,0,4357.728736,4489.885141,4342.281884,4465.856704
20240304,0,4465.856704,4522.495163,4434.962999,4481.303556
20240305,0,4465.856704,4503.615677,4373.175589,4388.622441
20240306,0,4378.324539,4467.573021,4378.324539,4457.275119
20240307,0,4460.707753,4488.168824,4388.622441,4416.083512
20240308,0,4431.530365,4453.842485,4368.026638,4402.352977
20240311,0,4392.055075,4402.352977,4278.778156,4290.792375
20240312,0,4295.941326,4376.608223,4294.225009,4357.728736
20240313,0,4359.445053,4457.275119,4331.983982,4405.785611
20240314,0,4414.367195,4448.693534,4222.139697,4256.466036
20240315,0,4242.7355,4301.090277,4187.813358,4266.763938
20240318,0,4280.494473,4287.359741,4204.976528,4222.139697
20240319,0,4206.692844,4280.494473,4165.501238,4277.061839
20240320,0,4282.21079,4364.594004,4222.139697,4225.572331
20240321,0,4225.572331,4282.21079,4225.572331,4239.302867
20240322,0,4283.927107,4283.927107,4187.813358,4191.245992
20240325,0,4199.827577,4242.7355,4132.891216,4230.721282
20240326,0,4225.572331,4289.076058,4192.962309,4289.076058
20240327,0,4299.37396,4306.239228,4174.082822,4198.11126
20240328,0,4189.529675,4235.870233,4184.380724,4222.139697
20240329,0,4235.870233,4256.466036,4168.933872,4191.245992
20240401,0,4160.352287,4211.841795,4036.777466,4055.656953
20240402,0,4074.536439,4074.536439,4002.451127,4047.075368
20240403,0,4048.753956,4107.504532,4023.575138,4073.932774
20240408,0,4077.28995,4127.647586,4040.361017,4105.825944
20240409,0,4110.861707,4149.469229,4072.254186,4120.933235
20240410,0,4136.040526,4261.934616,4114.218883,4241.791562
20240411,0,4238.434386,4307.256489,4188.07675,4277.041907
20240412,0,4280.399083,4307.256489,4226.684271,4248.505913
20240415,0,4263.613204,4263.613204,4156.18358,4188.07675
20240416,0,4179.68381,4245.148737,4122.611823,4146.112053
20240417,0,4156.18358,4184.719574,4100.79018,4132.68335
20240418,0,4139.397701,4278.720495,4139.397701,4211.57698
20240419,0,4219.969919,4266.97038,4162.897932,4169.612283
20240422,0,4169.612283,4369.36424,4169.612283,4364.328477
20240423,0,4381.114355,4436.507755,4193.112513,4231.720034
20240424,0,4241.791562,4297.184962,4231.720034,4245.148737
20240425,0,4290.47061,4290.47061,4186.398162,4189.755338
20240426,0,4181.362398,4243.47015,4131.004762,4216.612744
20240429,0,4231.720034,4317.328016,4191.433925,4216.612744
20240430,0,4230.041447,4253.541677,4167.933695,4198.148277
20240506,0,4209.898392,4272.006143,4196.469689,4236.755798
20240507,0,4240.112974,4330.756719,4240.112974,4327.399543
20240508,0,4344.185422,4372.721416,4280.399083,4303.899313
20240509,0,4310.613665,4359.292713,4292.149198,4322.36378
20240510,0,4322.36378,4355.935537,4241.791562,4285.434846
20240513,0,4287.113434,4372.721416,4285.434846,4352.578361
20240514,0,4374.400004,4397.900234,4255.220265,4295.506374
20240515,0,4297.184962,4310.613665,4256.898853,4293.827786
20240516,0,4313.97084,4315.649428,4270.327556,4290.47061
20240517,0,4290.47061,4344.185422,4273.684731,4302.220725
20240520,0,4312.292252,4354.256949,4287.113434,4290.47061
20240521,0,4287.113434,4298.863549,4057.146895,4063.861247
20240522,0,4077.28995,4102.468768,4033.646665,4037.003841
20240523,0,4026.932314,4090.718653,3916.145514,4082.325713
20240524,0,4065.539835,4100.79018,3988.324792,3996.717732
20240527,0,4015.182198,4052.111132,3968.181738,3986.646205
20240528,0,3995.039144,4023.575138,3983.289029,3988.324792
20240529,0,3969.860326,4038.682429,3961.467386,4008.467847
20240530,0,4008.467847,4057.146895,3979.931853,4001.753495
20240531,0,3981.610441,4026.932314,3929.574217,3929.574217
20240603,0,3919.50269,3921.181277,3813.751653,3865.787878
20240604,0,3860.752114,3894.323871,3847.323411,3865.787878
20240605,0,3877.537993,3948.038683,3828.858944,3902.716811
20240606,0,3921.181277,3937.967156,3880.895168,3914.466926
20240607,0,3929.574217,3944.681508,3820.466005,3859.073526
20240611,0,3843.966235,3892.645284,3835.573296,3859.073526
20240612,0,3860.752114,3892.645284,3840.609059,3859.073526
20240613,0,3850.680587,3865.787878,3751.643902,3788.572835
20240614,0,3786.894247,3838.930472,3786.894247,3832.21612
20240617,0,3845.644823,3854.037762,3726.465084,3739.893787
20240618,0,3726.465084,3761.715429,3696.250502,3704.643441
20240619,0,3724.786496,3746.608138,3682.821799,3716.393557
20240620,0,3713.036381,3734.858023,3702.964854,3713.036381
20240621,0,3713.036381,3849.001999,3708.000617,3822.144593
20240624,0,3827.180356,3906.073987,3770.108369,3795.287187
20240625,0,3795.287187,3835.573296,3771.786957,3833.894708
20240626,0,3833.894708,3859.073526,3803.680126,3857.394938
20240627,0,3857.394938,3887.60952,3716.393557,3723.107908
20240628,0,3702.964854,3751.643902,3686.178975,3734.858023
20240701,0,3721.42932,3758.358253,3610.64252,3657.642981
20240702,0,3657.642981,3704.643441,3657.642981,3677.786035
20240703,0,3681.143211,3716.393557,3649.250042,3667.714508
20240704,0,3672.750272,3726.465084,3625.749811,3637.499926
20240705,0,3619.03546,3640.857102,3541.820418,3555.249121
20240708,0,3583.785114,3613.999696,3530.070302,3560.284884
20240709,0,3558.606296,3572.034999,3501.534309,3511.605836
20240710,0,3496.498545,3518.320187,3400.819036,3498.177133
20240711,0,3499.855721,3536.784654,3471.319727,3516.641599
20240712,0,3530.070302,3545.177593,3483.069842,3526.713127
20240715,0,3516.641599,3516.641599,3431.033618,3459.569612
20240716,0,3451.176672,3506.570072,3436.069381,3442.783733
20240717,0,3456.212436,3494.819957,3417.604915,3491.462781
20240718,0,3508.24866,3548.534769,3476.35549,3541.820418
20240719,0,3548.534769,3565.320648,3503.212896,3504.891484
20240722,0,3499.855721,3535.106066,3469.641139,3513.284424
20240723,0,3516.641599,3561.963472,3469.641139,3481.391254
20240724,0,3474.676903,3541.820418,3444.462321,3535.106066
20240725,0,3535.106066,3541.820418,3471.319727,3518.320187
20240726,0,3534.488938,3568.443315,3458.495809,3464.963309
20240729,0,3464.963309,3474.66456,3405.138931,3427.775182
20240730,0,3421.307682,3487.599561,3395.437681,3411.606432
20240731,0,3411.606432,3477.89831,3405.138931,3473.047685
20240801,0,3479.515185,3484.36581,3411.606432,3431.008933
20240802,0,3427.775182,3463.346434,3414.840182,3447.177683
20240805,0,3437.476433,3515.086437,3422.924557,3498.917686
20240806,0,3498.917686,3508.618937,3440.710183,3455.262059
20240807,0,3466.580185,3524.787688,3452.028309,3519.937062
20240808,0,3519.937062,3523.170813,3429.392058,3431.008933
20240809,0,3442.327058,3507.002062,3431.008933,3456.878934
20240812,0,3460.112684,3463.346434,3304.892676,3319.444552
20240813,0,3324.295177,3325.912052,3259.620174,3279.022675
20240814,0,3267.704549,3283.8733,3235.367047,3254.769548
20240815,0,3262.853924,3270.938299,3212.730796,3245.068298
20240816,0,3256.386423,3290.3408,3235.367047,3262.853924
20240819,0,3246.685173,3303.275801,3241.834548,3295.191425
20240820,0,3295.191425,3311.360176,3259.620174,3285.490175
20240821,0,3282.256425,3324.295177,3249.918923,3298.425176
20240822,0,3298.425176,3317.827677,3261.237049,3272.555174
20240823,0,3272.555174,3288.723925,3190.094545,3204.646421
20240826,0,3224.048922,3317.827677,3224.048922,3298.425176
20240827,0,3325.912052,3346.931428,3300.042051,3332.379552
20240828,0,3327.528927,3364.717054,3303.275801,3322.678302
20240829,0,3335.613303,3356.632679,3304.892676,3350.165178
20240830,0,3353.398929,3359.866429,3314.593926,3314.593926
20240902,0,3256.386423,3279.022675,3235.367047,3254.769548
20240903,0,3256.386423,3264.470799,3214.347671,3232.133297
20240904,0,3224.048922,3232.133297,3128.653292,3131.887042
20240905,0,3120.568916,3141.588292,3088.231414,3106.01704
20240906,0,3115.718291,3117.335166,3059.127663,3065.595163
20240909,0,3059.127663,3062.361413,3009.004535,3046.192662
20240910,0,3046.192662,3068.828913,3000.92016,3007.38766
20240911,0,3005.770785,3046.192662,2996.069534,3034.874537
20240912,0,3023.556411,3063.978288,3013.85516,3036.491412
20240913,0,3051.043287,3070.445788,3018.705786,3026.790161
20240918,0,3013.85516,3020.322661,2924.927031,2986.368284
20240919,0,2976.667033,3059.127663,2950.797032,3055.893913
20240920,0,3049.426412,3094.698915,3013.85516,3051.043287
20240923,0,3039.725162,3039.725162,2975.050158,2975.050158
20240924,0,2968.582658,3076.913289,2968.582658,3072.062664
20240925,0,3088.231414,3143.205167,3052.660162,3080.147039
20240926,0,3081.763914,3128.653292,3078.530164,3120.568916
20240927,0,3144.822042,3319.444552,3128.653292,3235.367047
20240930,0,3282.256425,3345.314553,3219.198296,3287.10705
20241008,0,3330.762677,3363.100179,3175.542669,3211.113921
20241009,0,3173.925794,3207.880171,3143.205167,3159.373918
20241010,0,3169.075169,3217.581421,3154.523293,3162.607668
20241011,0,3178.776419,3198.17892,3075.296414,3104.400165
20241014,0,3125.419541,3167.458294,3112.484541,3165.841419
20241015,0,3157.757043,3243.451423,3122.185791,3203.029546
20241016,0,3209.497046,3248.302048,3135.120792,3186.860795
20241017,0,3191.71142,3222.432047,3117.335166,3128.653292
20241018,0,3141.588292,3196.562045,3122.185791,3185.24392
20241021,0,3201.41267,3217.581421,3159.373918,3215.964546
20241022,0,3214.347671,3228.899547,3183.627044,3199.795795
20241023,0,3212.730796,3225.665797,3144.822042,3173.925794
20241024,0,3182.010169,3193.328295,3154.523293,3164.224543
20241025,0,3164.224543,3165.841419,3097.932665,3102.78329
20241028,0,3093.08204,3159.373918,3084.997664,3152.906418
20241029,0,3151.289543,3157.757043,3097.932665,3130.270167
20241030,0,3133.503917,3379.26893,3123.802666,3309.743301
20241031,0,3311.360176,3327.528927,3204.646421,3233.750172
20241101,0,3227.282672,3479.515185,3225.665797,3418.073932
20241104,0,3421.307682,3466.580185,3366.333929,3408.372681
20241105,0,3388.97018,3406.755806,3303.275801,3317.827677
20241106,0,3329.145802,3387.353305,3279.022675,3306.509551
20241107,0,3321.061427,3371.184554,3308.126426,3358.249554
20241108,0,3372.80143,3377.652055,3253.152673,3272.555174
20241111,0,3272.555174,3304.892676,3241.834548,3279.022675
20241112,0,3267.704549,3342.080803,3214.347671,3235.367047
20241113,0,3232.133297,3264.470799,3215.964546,3258.003298
20241114,0,3249.918923,3259.620174,3152.906418,3170.692044
20241115,0,3170.692044,3177.159544,3080.147039,3102.78329
20241118,0,3104.400165,3104.400165,3036.491412,3104.400165
20241119,0,3110.867666,3118.952041,3073.679539,3110.867666
20241120,0,3112.484541,3120.568916,3083.380789,3099.54954
20241121,0,3088.231414,3104.400165,3052.660162,3078.530164
20241122,0,3068.828913,3101.166415,3009.004535,3010.62141
20241125,0,3000.92016,3051.043287,2984.751409,3015.472036
20241126,0,3023.556411,3078.530164,3018.705786,3036.491412
20241127,0,3039.725162,3072.062664,3030.023911,3065.595163
20241128,0,3070.445788,3073.679539,3039.725162,3059.127663
20241129,0,3067.212038,3117.335166,3055.893913,3070.445788
20241202,0,3068.835696,3117.138462,3051.124682,3088.156802
20241203,0,3080.106342,3105.867816,3036.633853,3052.734774
20241204,0,3068.835696,3070.445788,3017.312746,3055.954959
20241205,0,3067.225604,3104.257724,3043.074221,3091.376987
20241206,0,3091.376987,3096.207263,3035.02376,3036.633853
20241209,0,3039.854037,3088.156802,3025.363207,3075.276065
20241210,0,3107.477909,3133.239383,3057.565051,3070.445788
20241211,0,3052.734774,3083.326526,3044.684314,3051.124682
20241212,0,3059.175143,3091.376987,3049.51459,3078.496249
20241213,0,3075.276065,3094.597171,3036.633853,3044.684314
20241216,0,3033.413668,3076.886157,3017.312746,3070.445788
20241217,0,3072.055881,3072.055881,3006.042101,3065.615512
20241218,0,3065.615512,3067.225604,3026.9733,3046.294406
20241219,0,3033.413668,3039.854037,2996.381548,2999.601732
20241220,0,2993.161364,3012.48247,2954.519151,3002.821917
20241223,0,3002.821917,3059.175143,2996.381548,3043.074221
20241224,0,3041.464129,3047.904498,3015.702654,3030.193484
20241225,0,3025.363207,3041.464129,3006.042101,3020.532931
20241226,0,3023.753115,3023.753115,2973.840258,2977.060442
20241227,0,2964.179705,2993.161364,2962.569612,2973.840258
20241230,0,2969.009981,2994.771456,2923.9274,2989.941179
20241231,0,2981.890719,3002.821917,2956.129244,2965.789797
20250102,0,2972.230165,2994.771456,2949.688875,2969.009981
20250103,0,2973.840258,2973.840258,2901.386109,2930.367769
20250106,0,2935.198045,2954.519151,2920.707216,2930.367769
20250107,0,2940.028322,2940.028322,2906.216386,2928.757677
20250108,0,2920.707216,2936.808137,2912.656755,2925.537492
20250109,0,2920.707216,2933.587953,2898.165925,2923.9274
20250110,0,2923.9274,2943.248506,2878.844819,2933.587953
20250113,0,2946.468691,2980.280626,2944.858598,2951.298967
20250114,0,2952.909059,2988.331087,2943.248506,2983.500811
20250115,0,2983.500811,3020.532931,2956.129244,2965.789797
20250116,0,2969.009981,3015.702654,2965.789797,3012.48247
20250117,0,3002.821917,3026.9733,2991.551272,2997.99164
20250120,0,2988.331087,3006.042101,2954.519151,2989.941179
20250121,0,2983.500811,2997.99164,2973.840258,2985.110903
20250122,0,2985.110903,2988.331087,2967.399889,2975.45035
20250123,0,2975.45035,2994.771456,2943.248506,2969.009981
20250124,0,2972.230165,3001.211825,2957.739336,2975.45035
20250127,0,2977.060442,3014.092562,2965.789797,2986.720995
20250205,0,2983.500811,3041.464129,2930.367769,2993.161364
20250206,0,2994.771456,3065.615512,2986.720995,3062.395328
20250207,0,3065.615512,3084.936618,3043.074221,3062.395328
20250210,0,3062.395328,3064.00542,3002.821917,3035.02376
20250211,0,3026.9733,3049.51459,3009.262286,3009.262286
20250212,0,3001.211825,3033.413668,2981.890719,3028.583392
20250213,0,3026.9733,3031.803576,2954.519151,2967.399889
20250214,0,2964.179705,3001.211825,2964.179705,2988.331087
20250217,0,2993.161364,3036.633853,2973.840258,3018.922839
20250218,0,3022.143023,3043.074221,3009.262286,3038.243945
20250219,0,3038.243945,3041.464129,3006.042101,3015.702654
20250220,0,3017.312746,3028.583392,2996.381548,3018.922839
20250221,0,3023.753115,3068.835696,3010.872378,3015.702654
20250224,0,3023.753115,3054.344867,3014.092562,3036.633853
20250225,0,3036.633853,3049.51459,3004.432009,3017.312746
20250226,0,3022.143023,3031.803576,2991.551272,3017.312746
20250227,0,3018.922839,3036.633853,3007.652193,3025.363207
20250228,0,3017.312746,3041.464129,2986.720995,3002.821917
20250303,0,2999.601732,3017.312746,2985.110903,3010.872378
20250304,0,3004.432009,3004.432009,2964.179705,2969.009981
20250305,0,2962.569612,2972.230165,2931.977861,2948.078783
20250306,0,2948.078783,2964.179705,2946.468691,2952.909059
20250307,0,2959.349428,2962.569612,2940.028322,2954.519151
20250310,0,2949.688875,2975.45035,2944.858598,2952.909059
20250311,0,2954.519151,2962.569612,2915.876939,2959.349428
20250312,0,2951.298967,2967.399889,2946.468691,2951.298967
20250313,0,2952.909059,2959.349428,2928.757677,2944.858598
20250314,0,2952.909059,2956.129244,2933.587953,2948.078783
20250317,0,2936.808137,2962.569612,2933.587953,2943.248506
20250318,0,2940.028322,2946.468691,2917.487031,2928.757677
20250319,0,2930.367769,2930.367769,2891.725556,2904.606294
20250320,0,2894.945741,2915.876939,2890.115464,2902.996202
20250321,0,2909.43657,2912.656755,2886.89528,2890.115464
20250324,0,2893.335649,2957.739336,2875.624635,2943.248506
20250325,0,2933.587953,2944.858598,2920.707216,2928.757677
20250326,0,2931.977861,2967.399889,2931.977861,2944.858598
20250327,0,2944.858598,2948.078783,2931.977861,2941.638414
20250328,0,2935.198045,2956.129244,2915.876939,2936.808137
20250331,0,2930.367769,2944.858598,2907.826478,2917.487031
20250401,0,2927.147584,2938.41823,2906.216386,2931.977861
20250402,0,2928.757677,2941.638414,2922.317308,2936.808137
20250403,0,2933.587953,2933.587953,2896.555833,2907.826478
20250407,0,2875.624635,2923.9274,2861.133805,2902.996202
20250408,0,2911.046663,2914.266847,2893.335649,2906.216386
20250409,0,2898.165925,2906.216386,2843.422791,2880.454911
20250410,0,2885.285188,2917.487031,2885.285188,2898.165925
20250411,0,2891.725556,2919.097123,2886.89528,2904.606294
20250414,0,2911.046663,2965.789797,2911.046663,2940.028322
20250415,0,2946.244027,2946.244027,2915.165503,2918.273355
20250416,0,2915.165503,2966.445067,2910.503725,2947.797953
20250417,0,2946.244027,2961.783288,2935.366543,2946.244027
20250418,0,2943.136174,2969.552919,2926.042986,2936.920469
20250421,0,2936.920469,2944.6901,2926.042986,2933.812617
20250422,0,2935.366543,2938.474396,2834.361342,2840.577047
20250423,0,2845.238825,2874.763422,2843.684899,2853.008456
20250424,0,2846.792751,2859.224161,2811.052449,2815.714228
20250425,0,2818.82208,2834.361342,2812.606376,2821.929933
20250428,0,2832.807416,2846.792751,2817.268154,2818.82208
20250429,0,2807.944597,2820.376006,2783.081778,2786.189631
20250430,0,2792.405335,2826.591711,2776.866074,2817.268154
20250506,0,2823.483859,2826.591711,2801.728892,2811.052449
20250507,0,2812.606376,2837.469194,2803.282818,2812.606376
20250508,0,2803.282818,2809.498523,2750.449329,2801.728892
20250509,0,2797.067114,2817.268154,2784.635704,2800.174966
20250512,0,2806.390671,2834.361342,2790.851409,2811.052449
20250513,0,2817.268154,2818.82208,2803.282818,2809.498523
20250514,0,2812.606376,2829.699563,2811.052449,2826.591711
20250515,0,2834.361342,2870.101644,2828.145637,2842.130973
20250516,0,2832.807416,2840.577047,2818.82208,2825.037785
20250519,0,2828.145637,2828.145637,2797.067114,2804.836745
20250520,0,2804.836745,2843.684899,2800.174966,2834.361342
20250521,0,2834.361342,2839.02312,2809.498523,2825.037785
20250522,0,2817.268154,2837.469194,2811.052449,2825.037785
20250523,0,2826.591711,2831.25349,2776.866074,2790.851409
20250526,0,2784.635704,2815.714228,2784.635704,2797.067114
20250527,0,2793.959261,2793.959261,2755.111107,2767.542516
20250528,0,2765.98859,2773.758221,2694.507986,2696.061912
20250529,0,2697.615839,2713.1551,2672.75302,2699.169765
20250530,0,2694.507986,2705.385469,2660.32161,2694.507986
20250603,0,2691.400134,2697.615839,2677.414798,2680.522651
20250604,0,2691.400134,2747.341476,2682.076577,2738.017919
20250605,0,2728.694362,2734.910067,2713.1551,2733.356141
20250606,0,2741.125772,2762.880738,2722.478657,2741.125772
20250609,0,2736.463993,2770.650369,2733.356141,2769.096443
20250610,0,2765.98859,2815.714228,2755.111107,2795.513188
20250611,0,2800.174966,2804.836745,2767.542516,2773.758221
20250612,0,2784.635704,2793.959261,2753.557181,2770.650369
20250613,0,2775.312147,2790.851409,2744.233624,2769.096443
20250616,0,2772.204295,2797.067114,2752.003255,2776.866074
20250617,0,2761.326812,2781.527852,2759.772886,2764.434664
20250618,0,2767.542516,2814.160302,2765.98859,2800.174966
20250619,0,2806.390671,2944.6901,2806.390671,2933.812617
20250620,0,2941.582248,2995.969664,2879.425201,2901.180167
20250623,0,2930.704765,2958.675436,2907.395872,2941.582248
20250624,0,2919.827282,2985.092181,2901.180167,2961.783288
20250625,0,2974.214698,3016.170704,2946.244027,3011.508926
20250626,0,3011.508926,3039.479597,2986.646107,2992.861812
20250627,0,2983.538255,3014.616778,2954.013657,2989.753959
20250630,0,3008.401073,3011.508926,2963.337214,2981.984329
20250701,0,2967.998993,3036.371745,2967.998993,3017.724631
20250702,0,3045.695302,3062.78849,2986.646107,3006.847147
20250703,0,3008.207096,3024.526484,2921.170363,2990.52776
20250704,0,2979.648168,2989.167811,2813.734395,2832.773681
20250707,0,2861.332609,2880.371894,2817.814242,2842.293323
20250708,0,2843.653272,2870.852251,2828.693834,2838.213476
20250709,0,2828.693834,2840.933374,2787.895365,2835.493579
20250710,0,2854.532864,2888.531588,2830.053783,2877.651996
20250711,0,2872.2122,2914.370618,2846.37317,2883.091792
20250714,0,2870.852251,2884.451741,2806.93465,2825.973936
20250715,0,2842.293323,2842.293323,2767.496131,2796.055059
20250716,0,2794.69511,2836.853527,2791.975212,2819.174191
20250717,0,2815.094344,2839.573425,2794.69511,2823.254038
20250718,0,2830.053783,2853.172915,2811.014497,2815.094344
20250721,0,2820.53414,2864.052507,2796.055059,2809.654548
20250722,0,2820.53414,2873.572149,2812.374446,2853.172915
20250723,0,2862.692558,2904.850975,2842.293323,2881.731843
20250724,0,2877.651996,2883.091792,2817.814242,2859.97266
20250725,0,2858.612711,2866.772405,2831.413732,2840.933374
20250728,0,2869.492302,3066.684901,2868.132354,2908.930822
20250729,0,2923.890261,2944.289495,2889.891537,2934.769853
20250730,0,2942.929546,2959.248934,2913.010669,2938.849699
20250731,0,2951.08924,2982.368066,2872.2122,2908.930822
20250801,0,2908.930822,2998.687454,2904.850975,2970.128525
20250804,0,3000.047403,3028.606331,2941.569597,2953.809138
20250805,0,2952.449189,2956.529036,2917.090516,2956.529036
20250806,0,2955.169087,2987.807862,2938.849699,2986.447913
20250807,0,2987.807862,3085.724187,2975.568321,3023.166535
20250808,0,3013.646892,3140.122145,3013.646892,3138.762196
20250811,0,3138.762196,3216.279287,3108.843319,3178.200716
20250812,0,3165.961175,3167.321124,3112.923166,3141.482094
20250813,0,3146.92189,3194.520104,3093.883881,3103.403523
20250814,0,3100.683625,3136.042298,3093.883881,3117.003013
20250815,0,3111.563217,3151.001737,3084.364238,3140.122145
20250818,0,3148.281839,3168.681073,3112.923166,3133.3224
20250819,0,3129.242554,3216.279287,3107.48337,3141.482094
20250820,0,3117.003013,3144.201992,3062.605055,3136.042298
20250821,0,3144.201992,3153.721635,3110.203268,3119.722911
20250822,0,3112.923166,3141.482094,3046.285667,3055.80531
20250825,0,3066.684901,3126.522656,3059.885157,3103.403523
20250826,0,3096.603779,3114.283115,3078.924442,3103.403523
20250827,0,3095.24383,3110.203268,3085.724187,3089.804034
20250828,0,3085.724187,3140.122145,3057.165259,3119.722911
20250829,0,3133.3224,3140.122145,3095.24383,3130.602503
20250901,0,3127.882605,3146.92189,3077.564493,3084.364238
20250902,0,3073.484646,3118.362962,3069.404799,3095.24383
