date,time,open,high,low,close
20190926,0,8100,8216,8051,8125
20190927,0,8088.691658,8137.102781,7968.672418,8008.006455
20190930,0,7972.706678,8067.511792,7972.706678,8044.314796
20191008,0,8018.092105,8066.503227,7987.835154,8036.246276
20191009,0,8039.271971,8086.674528,8008.006455,8020.109235
20191010,0,8018.092105,8036.246276,7902.107125,7910.175645
20191011,0,7899.08143,7947.492552,7860.755958,7893.03004
20191014,0,7895.04717,7917.235601,7822.430487,7836.550397
20191015,0,7826.464747,7826.464747,7657.025819,7714.514027
20191016,0,7740.736718,7741.745283,7554.152185,7590.460526
20191017,0,7574.323486,7582.392006,7488.595457,7542.049404
20191018,0,7554.152185,7638.871648,7530.955189,7610.631827
20191021,0,7624.751738,7649.965864,7529.946624,7558.186445
20191022,0,7567.26353,7573.314921,7472.458416,7532.972319
20191023,0,7566.254965,7579.366311,7505.741063,7510.783888
20191024,0,7493.638282,7608.614697,7463.381331,7573.314921
20191025,0,7584.409136,7594.494786,7518.852408,7519.860973
20191028,0,7513.809583,7566.254965,7474.475546,7493.638282
20191029,0,7493.638282,7519.860973,7433.124379,7446.235725
20191030,0,7433.124379,7462.372766,7387.738952,7398.833168
20191031,0,7382.696127,7416.987339,7378.661867,7387.738952
20191101,0,7378.661867,7412.953078,7306.045184,7310.079444
20191104,0,7313.105139,7383.704692,7312.096574,7374.627607
20191105,0,7375.636172,7435.141509,7367.567651,7393.790343
20191106,0,7419.004469,7425.055859,7386.730387,7392.781778
20191107,0,7389.756082,7398.833168,7289.908143,7320.165094
20191108,0,7355.464871,7356.473436,7130.554866,7147.700472
20191111,0,7148.709037,7157.786122,7012.552756,7022.638406
20191112,0,7017.595581,7041.801142,6964.141634,7010.535626
20191113,0,7009.527061,7128.537736,7000.449975,7023.646971
20191114,0,7035.749752,7041.801142,6930.858987,6999.44141
20191115,0,6999.44141,7051.886792,6984.312934,7008.518496
20191118,0,7009.527061,7079.118049,6994.398585,7063.989573
20191119,0,7056.929618,7080.126614,6970.193024,7013.561321
20191120,0,7006.501365,7009.527061,6946.996028,6989.35576
20191121,0,6991.37289,7051.886792,6971.201589,7033.732622
20191122,0,7035.749752,7106.349305,7021.629841,7045.835402
20191125,0,7045.835402,7147.700472,7045.835402,7146.691907
20191126,0,7145.683342,7217.29146,7096.263654,7211.24007
20191127,0,7214.265765,7296.968098,7187.034508,7202.162984
20191128,0,7221.32572,7255.616931,7166.863208,7213.2572
20191129,0,7225.35998,7225.35998,7130.554866,7186.025943
20191202,0,7174.931728,7205.188679,7070.040963,7116.434955
20191203,0,7115.42639,7252.591236,7113.40926,7228.385675
20191204,0,7231.41137,7326.216485,7217.29146,7237.462761
20191205,0,7261.668322,7386.730387,7261.668322,7364.541956
20191206,0,7392.781778,7405.893123,7343.36209,7389.756082
20191209,0,7388.747517,7558.186445,7330.250745,7338.319265
20191210,0,7332.267875,7444.218595,7328.233615,7439.17577
20191211,0,7459.347071,7506.749628,7308.062314,7330.250745
20191212,0,7332.267875,7393.790343,7281.839623,7388.747517
20191213,0,7395.807473,7451.27855,7323.190789,7385.721822
20191216,0,7392.781778,7446.235725,7364.541956,7408.918818
20191217,0,7392.781778,7510.783888,7392.781778,7493.638282
20191218,0,7513.809583,7544.066534,7405.893123,7427.072989
20191219,0,7439.17577,7505.741063,7406.901688,7497.672542
20191220,0,7493.638282,7529.946624,7457.32994,7467.415591
20191223,0,7483.552632,7487.586892,7377.653302,7412.953078
20191224,0,7419.004469,7443.21003,7385.721822,7422.030164
20191225,0,7433.124379,7455.31281,7408.918818,7413.961643
20191226,0,7410.935948,7438.167205,7382.696127,7429.090119
20191227,0,7430.098684,7482.544067,7414.970209,7471.449851
20191230,0,7471.449851,7489.604022,7436.150074,7438.167205
20191231,0,7445.22716,7460.355636,7298.985228,7338.319265
20200102,0,7350.422046,7398.833168,7323.190789,7353.447741
20200103,0,7356.473436,7407.910253,7333.27644,7383.704692
20200106,0,7392.781778,7473.466981,7378.661867,7450.269985
20200107,0,7453.29568,7453.29568,7343.36209,7380.678997
20200108,0,7370.593347,7501.706802,7365.550521,7437.15864
20200109,0,7406.901688,7448.252855,7328.233615,7367.567651
20200110,0,7373.619042,7491.621152,7321.173659,7491.621152
20200113,0,7501.706802,7630.803128,7485.569762,7605.589002
20200114,0,7605.589002,7651.982994,7542.049404,7605.589002
20200115,0,7615.674652,7640.888779,7544.066534,7595.503352
20200116,0,7594.494786,7614.666087,7452.287115,7530.955189
20200117,0,7522.886668,7562.220705,7503.723932,7522.886668
20200120,0,7533.980884,7594.494786,7519.860973,7579.366311
20200121,0,7574.323486,7602.563307,7484.561197,7497.672542
20200122,0,7483.552632,7501.706802,7372.610477,7457.32994
20200123,0,7458.338505,7473.466981,7328.233615,7344.370655
20200203,0,6949.013158,6989.35576,6949.013158,6949.013158
20200204,0,6757.385799,6934.893247,6552.647095,6923.799032
20200205,0,6868.327954,7073.066658,6868.327954,7004.484235
20200206,0,7039.784012,7082.143744,6984.312934,7050.878227
20200207,0,7032.724057,7044.826837,7002.467105,7030.706927
20200210,0,7009.527061,7048.861097,6982.295804,7025.664101
20200211,0,7002.467105,7039.784012,6972.210154,6997.42428
20200212,0,6979.270109,7007.50993,6874.379345,6926.824727
20200213,0,6949.013158,6957.081678,6889.50782,6937.918942
20200214,0,6941.953203,6974.227284,6899.593471,6944.978898
20200217,0,6958.090243,7049.869662,6928.841857,7015.578451
20200218,0,7015.578451,7068.023833,6989.35576,6997.42428
20200219,0,7015.578451,7090.212264,6994.398585,7059.955313
20200220,0,7080.126614,7128.537736,7042.809707,7087.186569
20200221,0,7087.186569,7138.623386,7072.058093,7104.332175
20200224,0,7067.015268,7090.212264,7010.535626,7084.160874
20200225,0,7025.664101,7080.126614,7013.561321,7069.032398
20200226,0,7039.784012,7104.332175,6966.158764,6970.193024
20200227,0,6941.953203,6949.013158,6878.413605,6898.584906
20200228,0,6858.242304,6887.49069,6738.223064,6754.360104
20200302,0,6737.214499,6846.139523,6702.923287,6816.891137
20200303,0,6866.310824,6908.670556,6757.385799,6758.394364
20200304,0,6809.831182,6843.113828,6771.50571,6816.891137
20200305,0,6817.899702,6835.045308,6779.57423,6808.822617
20200306,0,6787.642751,6805.796922,6717.043198,6771.50571
20200309,0,6489.107498,6489.107498,6489.107498,6489.107498
20200310,0,6051.390268,6386.233863,6051.390268,6329.75422
20200311,0,6353.959782,6404.388034,6228.897716,6242.009062
20200312,0,6202.675025,6248.060452,6062.484484,6172.418073
20200313,0,6081.647219,6150.229643,5973.73076,6135.101167
20200316,0,6116.946996,6127.032646,5989.8678,5993.902061
20200317,0,5950.533764,5995.919191,5825.471698,5825.471698
20200318,0,5740.752234,5743.777929,5446.251241,5446.251241
20200319,0,5153.767378,5323.206306,5104.347691,5104.347691
20200320,0,5333.291956,5358.506082,5026.688183,5221.341236
20200323,0,4763.452706,5042.825223,4697.895978,4873.386296
20200324,0,4941.968719,4958.10576,4612.167949,4823.966609
20200325,0,4702.938803,4786.649702,4543.585526,4600.065169
20200326,0,4572.833913,4746.3071,4504.25149,4651.501986
20200327,0,4690.836023,4738.23858,4558.714002,4684.784633
20200330,0,4588.970953,4636.37351,4375.155164,4378.180859
20200331,0,4415.497766,4638.390641,4403.394985,4462.900323
20200401,0,4433.651936,4523.414225,4417.514896,4461.891758
20200402,0,4417.514896,4817.915218,4417.514896,4705.964499
20200403,0,4796.735353,4962.14002,4659.570506,4925.831678
20200407,0,4996.255083,5029.56345,4887.764973,4966.753387
20200408,0,4885.861638,5052.403474,4815.438233,4985.786739
20200409,0,5041.93513,5355.033782,4997.206751,5305.547065
20200410,0,5196.105287,5346.468773,5132.343555,5228.461986
20200413,0,5282.707041,5533.947297,5238.93033,5276.045368
20200414,0,5298.885391,5334.097094,5047.645136,5139.005228
20200415,0,5057.161812,5222.75198,4983.883404,5152.328575
20200416,0,5091.421847,5232.268657,5091.421847,5163.748587
20200417,0,5234.171992,5375.018802,5192.298616,5258.91535
20200420,0,5139.956896,5286.513712,5119.971876,5279.852038
20200421,0,5224.655316,5277.948703,4820.196571,4948.671701
20200422,0,4710.754793,4799.259883,4586.086333,4586.086333
20200423,0,4682.204764,5061.92015,4681.253096,5048.596803
20200424,0,5091.421847,5136.150226,4951.526704,5044.790133
20200427,0,5034.321789,5167.555258,4975.318395,5068.581823
20200428,0,5032.418453,5157.086914,5007.675095,5095.228517
20200429,0,5139.005228,5226.558651,5139.005228,5192.298616
20200430,0,5316.967076,5317.918744,5197.056954,5262.722021
20200506,0,5519.672282,5529.188959,5387.390481,5448.29721
20200507,0,5424.505519,5453.055548,5250.350342,5260.818686
20200508,0,5331.242091,5346.468773,5177.071934,5267.480359
20200511,0,5248.447006,5307.4504,5161.845252,5182.78194
20200512,0,5221.800313,5229.413654,5131.391887,5188.491945
20200513,0,5210.380301,5294.127053,5097.131853,5218.94531
20200514,0,5243.688668,5275.0937,5172.313596,5241.785333
20200515,0,5234.171992,5355.033782,5210.380301,5317.918744
20200518,0,5329.338755,5520.62395,5283.658709,5454.007216
20200519,0,5481.605577,5604.370702,5407.375502,5462.572224
20200520,0,5472.088901,5536.8023,5434.973863,5500.63893
20200521,0,5500.63893,5543.463973,5455.910551,5492.073921
20200522,0,5500.63893,5562.497326,5316.015409,5336.000429
20200525,0,5338.855432,5452.10388,5300.788726,5426.408854
20200526,0,5445.442207,5467.330563,5395.95549,5414.037175
20200527,0,5453.055548,5488.26725,5373.115467,5453.055548
20200528,0,5443.538872,5467.330563,5334.097094,5396.907158
20200529,0,5411.182172,5466.378895,5376.922137,5395.95549
20200601,0,5395.95549,5525.382288,5370.260464,5513.962277
20200602,0,5510.155606,5567.255664,5472.088901,5523.478953
20200603,0,5529.188959,5698.585798,5520.62395,5663.374095
20200604,0,5633.872399,5648.147413,5508.252271,5530.140626
20200605,0,5530.140626,5605.32237,5508.252271,5591.999023
20200608,0,5662.422428,5696.682463,5579.627343,5618.645716
20200609,0,5603.419034,5631.017396,5540.60897,5564.400661
20200610,0,5557.738988,5610.080708,5533.947297,5567.255664
20200611,0,5567.255664,5586.289017,5485.412248,5500.63893
20200612,0,5473.040568,5480.653909,5310.305403,5405.472166
20200615,0,5431.167192,5500.63893,5350.275443,5392.148819
20200616,0,5397.858825,5517.768947,5382.632143,5513.010609
20200617,0,5543.463973,5575.820673,5463.523892,5489.218918
20200618,0,5489.218918,5536.8023,5466.378895,5518.720615
20200619,0,5547.270644,5595.805693,5506.348936,5558.690655
20200622,0,5576.772341,5581.530679,5458.765554,5478.750574
20200623,0,5489.218918,5524.430621,5442.587204,5493.977256
20200624,0,5500.63893,5513.962277,5457.813886,5478.750574
20200629,0,5379.77714,5442.587204,5349.323776,5365.502126
20200630,0,5385.487146,5422.602184,5373.115467,5386.438814
20200701,0,5376.922137,5405.472166,5283.658709,5386.438814
20200702,0,5376.922137,5424.505519,5333.145426,5411.182172
20200703,0,5405.472166,5472.088901,5386.438814,5438.780533
20200706,0,5426.408854,5493.025589,5362.647123,5466.378895
20200707,0,5466.378895,5510.155606,5405.472166,5423.553851
20200708,0,5435.925531,5470.185565,5400.713828,5437.828866
20200709,0,5437.828866,5461.620557,5383.583811,5407.375502
20200710,0,5406.423834,5414.988843,5234.171992,5235.12366
20200713,0,5267.480359,5364.550458,5261.770353,5316.967076
20200714,0,5306.498732,5353.130446,5201.815292,5328.387088
20200715,0,5327.43542,5411.182172,5314.112073,5394.052155
20200716,0,5395.95549,5423.553851,5346.468773,5358.840452
20200717,0,5332.193758,5381.680475,5258.91535,5291.27205
20200720,0,5310.305403,5355.985449,5264.625356,5327.43542
20200721,0,5300.788726,5353.130446,5281.755374,5302.692062
20200722,0,5347.420441,5376.922137,5308.402067,5321.725414
20200723,0,5322.677082,5440.683869,5253.205345,5425.457187
20200724,0,5411.182172,5481.605577,5359.79212,5403.568831
20200727,0,5417.843845,5456.862219,5386.438814,5452.10388
20200728,0,5448.29721,5464.47556,5368.357128,5397.858825
20200729,0,5395.95549,5438.780533,5383.583811,5418.795513
20200730,0,5424.505519,5437.828866,5312.208738,5358.840452
20200731,0,5358.840452,5370.260464,5284.610377,5291.27205
20200803,0,5281.755374,5300.788726,5244.640336,5253.205345
20200804,0,5273.190365,5337.903764,5256.060348,5276.045368
20200805,0,5267.480359,5325.532085,5249.398674,5282.707041
20200806,0,5327.43542,5334.097094,5258.91535,5300.788726
20200807,0,5310.305403,5319.822079,5159.941916,5169.458593
20200810,0,5186.58861,5186.58861,5064.775153,5170.41026
20200811,0,5170.41026,5251.302009,5144.715234,5181.830272
20200812,0,5181.830272,5196.105287,5124.730214,5174.216931
20200813,0,5177.071934,5200.863625,5139.005228,5180.878604
20200814,0,5180.878604,5206.573631,5110.455199,5115.213538
20200817,0,5119.971876,5127.585217,5051.451806,5065.726821
20200818,0,5056.210144,5087.615176,4991.496745,4999.110086
20200819,0,5001.965089,5017.191771,4845.891597,4861.118279
20200820,0,4824.954909,4987.690075,4824.954909,4908.701661
20200821,0,4905.152988,5025.807863,4860.794578,5012.50034
20200824,0,5003.628658,5074.602115,4982.336622,5074.602115
20200825,0,5074.602115,5095.006983,5043.551228,5071.053442
20200826,0,5074.602115,5083.473797,4985.885294,5005.402995
20200827,0,5007.177331,5101.217161,4996.531313,5093.232647
20200828,0,5093.232647,5127.832207,5040.889723,5081.69946
20200831,0,5077.263619,5152.672916,5076.376451,5129.606543
20200901,0,5133.155216,5144.688403,5070.166274,5131.380879
20200902,0,5150.011412,5216.549027,5142.026898,5175.73929
20200903,0,5176.626458,5185.49814,5105.653002,5122.509197
20200904,0,5107.427338,5129.606543,5053.310078,5088.796806
20200907,0,5096.78132,5151.785748,5026.695032,5040.889723
20200908,0,5048.874237,5069.279105,4990.321135,4999.192817
20200909,0,4968.14193,5017.82335,4894.50697,4972.577771
20200910,0,4978.787949,5098.555656,4952.172903,5069.279105
20200911,0,5090.571142,5090.571142,5016.936181,5051.535741
20200914,0,5083.473797,5113.637515,5000.079986,5094.119815
20200915,0,5096.78132,5127.832207,5056.858751,5065.730433
20200916,0,5107.427338,5131.380879,5059.520255,5127.832207
20200917,0,5134.929552,5150.011412,5075.489283,5094.119815
20200918,0,5083.473797,5195.25699,5083.473797,5156.221589
20200921,0,5146.462739,5154.447253,5084.360965,5097.668488
20200922,0,5092.345479,5092.345479,4941.526884,4993.869808
20200923,0,4993.869808,5037.34105,4969.916267,5030.243704
20200924,0,5030.243704,5051.535741,4944.188389,4959.270248
20200925,0,4954.834407,5017.82335,4927.332193,4987.659631
20200928,0,5008.064499,5079.037956,4973.46494,5008.064499
20200929,0,5040.889723,5074.602115,5006.290163,5025.807863
20200930,0,5018.710518,5028.469368,4913.137502,4964.593258
20201009,0,5028.469368,5100.329992,5003.628658,5010.726004
20201012,0,5014.274677,5096.78132,4993.869808,5092.345479
20201013,0,5106.54017,5296.394165,5101.217161,5271.553455
20201014,0,5287.522483,5598.031354,5265.343278,5474.714974
20201015,0,5500.442851,5543.026925,5418.823377,5495.119842
20201016,0,5468.504796,5558.108785,5425.920723,5476.48931
20201019,0,5491.571169,5871.27916,5491.571169,5610.451708
20201020,0,5646.825605,5737.316761,5610.451708,5697.394192
20201021,0,5748.849948,5922.734916,5662.794632,5682.312333
20201022,0,5687.635342,5790.546853,5589.159672,5771.916321
20201023,0,5776.352162,5778.126499,5558.995953,5563.431794
20201026,0,5602.467195,5731.106584,5574.077812,5641.502596
20201027,0,5631.743745,5774.577826,5598.031354,5710.701715
20201028,0,5784.336676,5877.489337,5741.752602,5854.422964
20201029,0,5852.648628,6086.861033,5813.613227,6061.133155
20201030,0,6023.872091,6162.27033,5924.509252,5984.83669
20201102,0,6006.128727,6228.807945,5929.832261,6213.726086
20201103,0,6199.531395,6246.551309,6107.265902,6175.577853
20201104,0,6284.699542,6478.989378,6230.582282,6455.035837
20201105,0,6458.584509,6570.367703,6276.715028,6282.038037
20201106,0,6314.863261,6367.206185,6151.624312,6201.305731
20201109,0,6245.664141,6565.044694,6236.792459,6557.06018
20201110,0,6658.197355,6724.73497,6456.810173,6554.398675
20201111,0,6582.788058,6742.478334,6484.312387,6742.478334
20201112,0,6770.867717,6831.195154,6660.858859,6742.478334
20201113,0,6712.314615,6983.788085,6696.345588,6973.142067
20201116,0,6964.270385,7483.263783,6942.091179,7362.608907
20201117,0,7230.420845,7274.779255,6974.029235,7061.858887
20201118,0,7043.228354,7056.535877,6795.708426,6810.790286
20201119,0,6820.549136,7024.597822,6651.987177,6669.730541
20201120,0,6698.119924,6739.816829,6594.321244,6677.715055
20201123,0,6698.119924,6866.681882,6604.080095,6753.124352
20201124,0,6753.124352,6783.288071,6410.677427,6458.584509
20201125,0,6442.615482,6554.398675,6423.98495,6511.814602
20201126,0,6518.024779,6687.473906,6431.969463,6520.686284
20201127,0,6520.686284,6683.038065,6423.097781,6682.150896
20201130,0,6698.119924,6895.958433,6620.049122,6762.883203
20201201,0,6790.385417,6830.307986,6573.916376,6574.803544
20201202,0,6575.690712,6622.710627,6458.584509,6492.296901
20201203,0,6476.327873,6600.531422,6378.739371,6520.686284
20201204,0,6502.055751,6517.137611,6250.98715,6290.022551
20201207,0,6266.06901,6494.071238,6229.695113,6467.456191
20201208,0,6473.666369,6518.024779,6287.361046,6333.493793
20201209,0,6291.796888,6438.179641,6123.234929,6148.075639
20201210,0,6201.305731,6203.080067,5935.15527,5993.708372
20201211,0,5997.257044,6093.958378,5929.832261,6045.164127
20201214,0,6024.759259,6143.639798,5955.560139,6052.261473
20201215,0,6077.102183,6117.024752,5892.571197,6062.907491
20201216,0,6085.973865,6146.301302,5873.053496,5897.007038
20201217,0,5904.104383,6108.15307,5828.695086,6104.604397
20201218,0,6110.814574,6347.688484,6085.973865,6159.608825
20201221,0,6159.608825,6188.885376,5899.668542,5920.960579
20201222,0,5881.03801,5972.416335,5692.071183,5752.398621
20201223,0,5765.706144,5899.668542,5695.619856,5729.332248
20201224,0,5752.691607,5935.074303,5738.316617,5824.566561
20201225,0,5785.933774,5988.082081,5764.371287,5799.410327
20201228,0,5794.918143,5799.410327,5475.973036,5507.418328
20201229,0,5517.301134,5529.879251,5400.504334,5464.293356
20201230,0,5498.433959,5603.551079,5455.308987,5556.832359
20201231,0,5573.90266,5720.347878,5503.82458,5710.465072
20210104,0,5727.535374,5763.472851,5599.957331,5717.652568
20210105,0,5691.597897,5868.58997,5682.613528,5759.879103
20210106,0,5776.949404,6008.74613,5775.152531,5929.683681
20210107,0,5911.714943,6046.480481,5805.699386,5983.589896
20210108,0,5997.06645,6104.878881,5872.183718,6017.730499
20210111,0,5993.472702,6185.738204,5902.730573,6000.660198
20210112,0,6038.394548,6116.558561,5885.660272,6071.636715
20210113,0,6066.246093,6286.363139,6061.753908,6197.417884
20210114,0,6191.128825,6261.206905,5976.402401,6009.644567
20210115,0,6022.222684,6170.464776,5996.168013,6100.386696
20210118,0,6100.386696,6620.581674,6045.582044,6161.480407
20210119,0,6161.480407,6468.745834,6136.324173,6393.277132
20210120,0,6393.277132,6540.620788,6343.863102,6401.363065
20210121,0,6404.058375,6489.409883,6145.308542,6199.214757
20210122,0,6199.214757,6298.941256,6053.667976,6173.160087
20210125,0,6120.152308,6255.816283,6081.519521,6184.839767
20210126,0,6154.292911,6332.183422,6154.292911,6246.831914
20210127,0,6276.04754,6574.401048,6275.162218,6570.85976
20210128,0,6548.726711,6551.382676,6260.111744,6278.703506
20210129,0,6303.492521,6467.277088,6166.267614,6461.965156
20210201,0,6462.850478,6538.988169,6396.451329,6493.836748
20210202,0,6519.511085,6665.589212,6511.543187,6596.534098
20210203,0,6626.635045,6684.180974,6469.933054,6571.745082
20210204,0,6595.648776,6772.713172,6502.689967,6764.745274
20210205,0,6743.497547,6821.405881,6712.511277,6805.470086
20210208,0,6831.144423,7011.750108,6766.515918,6847.080219
20210209,0,6871.869234,7047.162987,6805.470086,7009.979464
20210210,0,7003.78221,7004.667532,6750.580123,6797.502188
20210218,0,7596.947939,7596.947939,7445.55788,7596.947939
20210219,0,7773.127013,7904.154667,7601.374549,7800.571995
20210222,0,7835.984874,8410.558841,7773.127013,8267.13668
20210223,0,8284.84312,8481.3846,8001.540085,8183.916414
20210224,0,8109.549367,8249.43024,8031.641033,8193.654956
20210225,0,8247.738487,8669.590029,8135.064464,8522.663103
20210226,0,8545.197907,8889.529722,8408.186295,8797.587719
20210301,0,8716.462422,8959.838312,8355.905549,8446.044767
20210302,0,8419.003002,8461.368434,7972.81387,8157.599268
20210303,0,8219.795329,8391.961236,8016.080695,8149.486739
20210304,0,8238.724565,8552.409045,8132.360287,8265.76633
20210305,0,8256.752408,8509.14222,8172.021543,8335.173528
20210308,0,8382.045922,8859.78378,8355.004157,8487.508808
20210309,0,8409.98908,8511.846397,7912.420594,7950.279066
20210310,0,8033.207147,8148.585346,7766.39506,7998.052852
20210311,0,8051.23499,8141.374209,7851.125925,8097.205992
20210312,0,8144.078385,8202.668877,7887.181613,7915.124771
20210315,0,7896.195535,8162.106229,7733.944942,7902.50528
20210316,0,7797.042394,7964.701341,7708.70596,7740.254687
20210317,0,7731.240765,7731.240765,7486.062091,7507.695503
20210318,0,7460.82311,7571.694348,7380.599205,7515.808033
20210319,0,7470.738424,7534.737269,7017.338155,7080.435608
20210322,0,7083.139784,7335.529596,7035.365999,7280.544673
20210323,0,7287.75581,7342.740734,7085.843961,7191.306847
20210324,0,7102.970413,7411.24654,7072.323078,7370.683891
20210325,0,7413.950716,7504.991327,7329.219851,7366.17693
20210326,0,7346.346302,7563.581819,7319.304537,7535.638661
20210329,0,7518.512209,7651.016861,7359.867185,7398.627049
20210330,0,7448.203619,7589.722192,7411.24654,7583.412447
20210331,0,7571.694348,7709.607353,7533.835877,7681.664195
20210401,0,7681.664195,8067.46005,7681.664195,8061.150304
20210402,0,8022.390441,8099.910168,7860.139847,8034.108539
20210406,0,7976.419439,8289.202527,7943.96932,8246.837094
20210407,0,8281.089997,8332.469352,8070.164226,8133.261679
20210408,0,8130.557503,8164.810406,7797.943787,7838.506435
20210409,0,7838.506435,7877.266299,7688.875332,7700.593431
20210412,0,7706.903176,7810.563277,7618.566742,7682.565587
20210413,0,7706.903176,7906.110849,7536.540053,7782.620119
20210414,0,7861.04124,8041.319676,7757.381138,8032.305755
20210415,0,8032.305755,8135.064464,7996.250067,8071.065618
20210416,0,8071.065618,8199.063309,7986.334753,8074.671187
20210419,0,8078.276756,8380.243138,8049.432206,8326.159607
20210420,0,8326.159607,8518.156142,8297.315057,8514.550573
20210421,0,8514.550573,8651.562185,8350.497196,8596.577262
20210422,0,8581.253595,8581.253595,8270.273291,8309.934547
20210423,0,8309.934547,8465.875395,8203.57027,8426.214139
20210426,0,8426.214139,8600.822132,8224.955453,8315.016417
20210427,0,8314.097428,8351.775995,8147.76034,8304.907534
20210428,0,8304.907534,8408.75334,8201.061727,8289.284713
20210429,0,8287.446734,8496.976326,8257.120083,8327.882269
20210430,0,8335.234185,8435.404033,8160.626192,8212.0896
20210506,0,8362.803868,8610.931016,8261.71503,8603.5791
20210507,0,8603.5791,8974.850832,8558.548618,8970.255885
20210510,0,8958.309023,9292.821177,8831.48848,9144.863878
20210511,0,9144.863878,9145.782868,8874.680984,9004.258494
20210512,0,8993.230621,9256.0616,8905.007635,9088.805522
20210513,0,9088.805522,9412.289804,8826.893533,8959.228012
20210514,0,8949.119128,9047.450998,8767.15922,8964.741949
20210517,0,9038.261104,9290.064209,9007.015463,9124.64611
20210518,0,9079.615628,9364.502353,9070.425734,9216.545054
20210519,0,9216.545054,9279.955325,8966.579927,9105.347332
20210520,0,9006.096473,9044.69403,8707.424907,8944.524181
20210521,0,8822.298586,8905.007635,8546.601755,8547.520745
20210524,0,8585.175021,8641.656436,8460.915909,8491.980687
20210525,0,8496.687472,8677.427998,8473.153549,8608.708944
20210526,0,8605.884873,8632.242867,8345.129009,8449.619626
20210527,0,8396.903639,8432.675202,8015.65409,8036.363942
20210528,0,8029.774444,8345.129009,7942.228251,8000.59238
20210531,0,8001.533737,8239.697035,8001.533737,8226.518038
20210601,0,8283.94081,8440.206057,8214.280398,8402.55178
20210602,0,8519.280037,8650.128648,8387.49007,8390.314141
20210603,0,8438.323343,8660.483574,8418.554848,8512.690539
20210604,0,8512.690539,8527.75225,8269.820456,8365.838861
20210607,0,8415.730777,8451.50234,8048.601582,8076.84229
20210608,0,8095.669428,8137.089132,7836.796277,8084.373145
20210609,0,8058.015151,8064.60465,7888.570908,8020.360875
20210610,0,7959.172676,8035.422586,7769.959937,7801.024715
20210611,0,7841.503062,8010.005949,7801.966072,7942.228251
20210615,0,8020.360875,8086.255859,7714.419879,7995.885595
20210616,0,7995.885595,8129.558277,7956.348605,8101.317569
20210617,0,8092.622058,8154.456802,7906.15166,8097.452898
20210618,0,8097.452898,8110.01308,7895.523813,8027.888811
20210621,0,8015.328629,8067.501694,7837.553741,7868.471113
20210622,0,7867.504945,8252.039757,7851.080092,8246.242749
20210623,0,8246.242749,8531.26227,8207.596035,8472.32603
20210624,0,8502.277234,8595.02935,8375.709244,8453.002673
20210625,0,8453.002673,8651.067086,8397.931105,8530.296102
20210628,0,8579.570664,8692.612304,8464.596687,8681.984458
20210629,0,8676.18745,8683.916793,8508.074241,8607.589532
20210630,0,8695.510808,8908.067739,8692.612304,8813.383288
20210701,0,8813.383288,9036.568065,8811.450952,9028.838722
20210702,0,9178.594742,9246.226492,9007.583029,9140.914195
20210705,0,9140.914195,9262.651346,8985.361168,9056.85759
20210706,0,9056.85759,9171.831566,8792.127594,8805.653945
20210707,0,8778.601244,8805.653945,8637.540736,8797.924602
20210708,0,8748.65004,8874.251863,8678.119786,8846.232995
20210709,0,8811.450952,8910.000074,8715.800333,8850.097667
20210712,0,8879.082703,9071.350108,8725.462012,8769.905734
20210713,0,8729.326683,8791.161427,8647.202414,8789.229091
20210714,0,8772.804237,9015.312372,8640.439239,8952.511461
20210715,0,9012.279787,9012.279787,8749.691074,8856.490215
20210716,0,8856.490215,8970.148016,8777.125716,8880.98543
20210719,0,8911.359498,9100.462564,8869.227727,9049.512515
20210720,0,8916.258541,8916.258541,8555.688965,8619.376526
20210721,0,8573.32552,8802.60074,8563.527434,8730.094901
20210722,0,8837.873851,9005.421127,8788.883419,8976.026868
20210723,0,9003.461509,9157.291464,8950.551843,9053.431749
20210726,0,9053.431749,9200.403044,8996.602849,9018.158639
20210727,0,9043.633663,9232.736729,9006.400935,9097.523138
20210728,0,9097.523138,9107.321224,8935.854714,9063.229836
20210729,0,9044.613472,9116.139502,8916.258541,8936.834522
20210730,0,8936.834522,9013.259596,8734.014136,8783.984376
20210802,0,8867.26811,8929.975862,8626.235186,8660.528488
20210803,0,8592.921693,8651.710211,8392.060924,8404.798436
20210804,0,8377.363794,8626.235186,8357.767622,8583.123607
20210805,0,8512.577385,8618.396717,8397.939775,8428.313843
20210806,0,8457.708102,8534.133175,8328.373363,8487.102361
20210809,0,8487.102361,8547.850496,8264.685802,8379.323411
20210810,0,8336.211832,8545.890879,8328.373363,8493.961021
20210811,0,8425.72452,8707.570939,8405.945824,8653.179524
20210812,0,8611.644263,8801.519745,8580.987284,8645.268046
20210813,0,8646.256981,8736.250048,8583.954088,8632.411894
20210816,0,8665.046742,8759.984483,8583.954088,8625.48935
20210817,0,8603.732784,8641.312307,8429.680259,8434.624933
20210818,0,8434.624933,8510.772913,8376.27778,8490.994217
20210819,0,8524.618,8537.474153,8191.346972,8218.048211
20210820,0,8201.23632,8341.665062,8160.689993,8312.985952
20210823,0,8238.815842,8544.396696,8178.490819,8505.828239
20210824,0,8505.828239,8552.308175,8448.47002,8489.016347
20210825,0,8539.452022,8579.009414,8361.443758,8377.266715
20210826,0,8425.72452,8430.669194,8257.605603,8259.583473
20210827,0,8265.517082,8554.286044,8265.517082,8517.695457
20210830,0,8558.241783,8677.902895,8491.983152,8584.943023
20210831,0,8603.732784,8750.095135,8556.263914,8748.117266
20210901,0,8752.073005,8786.685723,8608.677458,8723.393895
20210902,0,8752.073005,8820.309506,8665.046742,8737.238983
20210903,0,8757.017679,8870.745181,8672.958221,8753.06194
20210906,0,8761.962353,8822.287376,8605.710654,8747.128331
20210907,0,8747.128331,8850.966485,8649.223785,8736.250048
20210908,0,8712.515613,9242.584667,8663.068873,9167.425622
20210909,0,9167.425622,9414.659323,9043.808772,9047.764511
20210910,0,9041.830902,9139.735447,8960.738248,9041.830902
20210913,0,9106.111664,9462.128193,9061.609598,9369.168322
20210914,0,9375.101931,9526.408955,9365.212583,9433.449084
20210915,0,9433.449084,9492.785172,9264.341233,9427.515475
20210916,0,9458.172454,9737.052068,9360.267909,9377.0798
20210917,0,9325.65519,9325.65519,9004.251379,9080.399359
20210922,0,8999.306705,9111.056338,8905.357899,8995.350966
20210923,0,8981.457,9063.828373,8919.926576,8959.623624
20210924,0,8979.472147,9110.472404,8802.820286,8971.532738
20210927,0,8900.078052,9278.19243,8849.464317,8916.949297
20210928,0,8941.759952,9339.722853,8905.040183,9294.071249
20210929,0,9294.071249,9326.821313,8936.797821,8965.578181
20210930,0,8991.381262,9282.162135,8990.388835,9249.41207
20211008,0,9438.965472,9668.215922,9286.131839,9566.98845
20211011,0,9566.98845,10040.375742,9482.632224,9950.064959
20211012,0,10023.504497,10201.148784,9710.890248,9753.564574
20211013,0,9775.39795,9854.792045,9279.184856,9486.601929
20211014,0,9467.745832,9586.836974,9388.351737,9586.836974
20211015,0,9627.526448,9770.435819,9517.367141,9716.844805
20211018,0,9780.360081,9780.360081,9492.556486,9659.284086
20211019,0,9616.827864,9713.588555,9387.761739,9470.699474
20211020,0,9419.357066,9458.851226,8989.858081,9293.96311
20211021,0,9205.10125,9526.978651,9205.10125,9292.975756
20211022,0,9328.520499,9441.078854,9009.60516,9177.455339
20211025,0,9213.987436,9618.802572,9213.987436,9563.510749
20211026,0,9560.548687,9657.309378,9271.253968,9299.887233
20211027,0,9310.748127,9341.356101,8905.932991,8940.490381
20211028,0,8945.427151,9133.024409,8782.513743,9051.074028
20211029,0,9063.90963,9350.242287,9017.503992,9248.544826
20211101,0,9163.632383,9424.293836,9142.897949,9172.518569
20211102,0,9251.506888,9276.190738,8987.883373,9056.010798
20211103,0,9034.28901,9192.265649,8846.691752,9175.480631
20211104,0,9123.150869,9123.150869,8887.173266,9093.53025
20211105,0,9177.455339,9231.759808,8897.046805,8930.616841
20211108,0,8886.185912,9181.404755,8873.35031,9161.657675
20211109,0,9161.657675,9161.657675,8923.705363,8940.490381
20211110,0,8841.754982,8951.351275,8743.019583,8927.654779
20211111,0,8915.806531,8916.793885,8503.092563,8651.195662
20211112,0,8619.600334,8765.728725,8594.916484,8678.841574
20211115,0,8589.979715,8688.715114,8424.104244,8433.977784
20211116,0,8432.99043,8584.055591,8353.014757,8512.966103
20211117,0,8593.144734,8593.144734,8228.331965,8264.412348
20211118,0,8268.42128,8334.56865,8098.04169,8112.07295
20211119,0,8156.171197,8468.867856,8065.970238,8359.624472
20211122,0,8233.343129,8516.975035,8180.224786,8311.517294
20211123,0,8239.356526,8354.613308,8128.108676,8136.12654
20211124,0,8136.12654,8235.347595,7991.805004,8198.264978
20211125,0,8228.331965,8228.331965,8026.883155,8043.921114
20211126,0,8023.876457,8037.907717,7729.219989,7745.255715
20211129,0,7621.981071,7713.184263,7481.668467,7585.900687
20211130,0,7593.91855,7762.293674,7524.764481,7540.800207
20211201,0,7540.800207,7815.412017,7497.704193,7794.365127
20211202,0,7865.523661,7916.637538,7722.204359,7738.240085
20211203,0,7738.240085,8022.874224,7678.106112,8021.871991
20211206,0,8037.907717,8108.064019,7867.528127,7889.57725
20211207,0,7943.697826,8112.07295,7890.579483,8074.990334
20211208,0,8108.064019,8138.131005,7981.782676,8068.976936
20211209,0,8088.019361,8098.04169,7805.389688,7880.557155
20211210,0,7867.528127,8173.209156,7819.420949,8097.039457
20211213,0,8106.059553,8233.343129,8062.963539,8172.206923
20211214,0,8131.049758,8291.663086,8084.873426,8289.65542
20211215,0,8309.732086,8309.732086,8165.18009,8216.375589
20211216,0,8181.241423,8267.571087,8078.850426,8193.287423
20211217,0,8211.356422,8273.594087,8004.566762,8057.769927
20211220,0,8030.666428,8030.666428,7837.930433,7927.271597
20211221,0,7880.091432,7914.221764,7760.635269,7824.8806
20211222,0,7824.8806,7861.018599,7730.52027,7759.631436
20211223,0,7758.627602,8016.612761,7736.54327,8009.585928
20211224,0,8080.858093,8396.06175,8051.746927,8314.751252
20211227,0,8296.682253,8371.969751,8158.153257,8167.187757
20211228,0,8217.379422,8382.008084,8179.233756,8335.831752
20211229,0,8382.008084,8417.142249,8252.513588,8382.008084
20211230,0,8392.046417,8575.747911,8341.854752,8523.548579
20211231,0,8523.548579,8649.027742,8490.42208,8584.782411
20220104,0,8582.774744,8918.055068,8566.713412,8638.989409
20220105,0,8638.989409,8685.165741,8433.203582,8466.330081
20220106,0,8492.429747,8548.644412,8402.08475,8461.310915
20220107,0,8537.602246,8773.503072,8435.211249,8678.138908
20220110,0,8640.997076,8669.104408,8336.835585,8374.981251
20220111,0,8374.981251,8534.590746,8356.912251,8507.487247
20220112,0,8522.544746,8778.522239,8512.506413,8668.100575
20220113,0,8668.100575,8718.29224,8513.510246,8526.560079
20220114,0,8526.560079,8795.587405,8455.287915,8766.476239
20220117,0,8766.476239,8829.717737,8663.081409,8767.480072
20220118,0,8733.34974,8740.376573,8488.414414,8622.928077
20220119,0,8658.062242,8918.055068,8626.94341,8691.188741
20220120,0,8632.96641,8706.246241,8542.621412,8622.928077
20220121,0,8572.005273,8611.944727,8375.303463,8376.301949
20220124,0,8407.255026,8543.049169,8395.27319,8477.14907
20220125,0,8480.144529,8696.816066,8438.208103,8582.988623
20220126,0,8547.043114,8956.422516,8547.043114,8911.49063
20220127,0,8949.433111,9109.190927,8917.481548,9055.272664
20220128,0,9086.225741,9267.950255,9024.319587,9079.236336
20220207,0,9391.762562,9585.468913,9242.988097,9274.93966
20220208,0,9245.983556,9332.851868,9161.112217,9277.935119
20220209,0,9186.074375,9186.074375,8920.477007,9009.342292
20220210,0,9009.342292,9071.248445,8906.498199,8964.410407
20220211,0,9024.319587,9122.171249,8924.470953,8986.377106
20220214,0,9071.248445,9330.854895,9019.327156,9067.2545
20220215,0,9006.346833,9161.112217,8972.398297,9112.186386
20220216,0,8997.360456,8999.357429,8818.6314,8907.496685
20220217,0,8986.377106,8986.377106,8692.822121,8756.725247
20220218,0,8776.694974,8911.49063,8761.717679,8886.528472
20220221,0,8806.649564,9000.355915,8777.69346,8977.390729
20220222,0,8977.390729,9168.101621,8947.436139,9105.196981
20220223,0,9154.952156,9179.829743,9044.495668,9124.103948
20220224,0,9143.010914,9488.311827,9095.245946,9326.109957
20220225,0,9353.972855,9523.140449,9140.025604,9218.63878
20220228,0,9135.050086,9361.933683,9124.103948,9224.609401
20220301,0,9224.609401,9261.42823,9005.686632,9154.952156
20220302,0,9224.609401,9503.238379,9205.702434,9493.287344
20220303,0,9532.096381,9887.348328,9470.399964,9822.666601
20220304,0,9851.524603,9860.480534,9637.577351,9748.033839
20220307,0,9757.984874,10390.870697,9757.984874,10239.614966
20220308,0,10150.055651,10468.48877,9995.814609,10431.66994
20220309,0,10378.929455,10556.057877,10249.566001,10458.537735
20220310,0,10248.570897,10248.570897,9801.769428,10021.6873
20220311,0,10142.094823,10187.869584,9841.573568,9917.201433
20220314,0,9837.593154,9911.230812,9607.724246,9625.636109
20220315,0,9565.9299,9745.048529,9513.189414,9517.169828
20220316,0,9467.414653,9508.213897,9295.261749,9466.41955
20220317,0,9586.247646,9606.218995,9364.565669,9482.396629
20220318,0,9587.246213,9701.082904,9517.346491,9682.110122
20220321,0,9573.266269,9655.148801,9477.403792,9568.273431
20220322,0,9599.229023,9752.009844,9566.276296,9635.177451
20220323,0,9586.247646,9812.92246,9586.247646,9754.006979
20220324,0,9843.878051,10030.610167,9836.888079,9866.845103
20220325,0,9866.845103,10002.650278,9862.850833,9962.707579
20220328,0,9853.863726,9968.698984,9815.918162,9869.840805
20220329,0,9839.883781,9897.800694,9708.072876,9853.863726
20220330,0,9736.032765,9895.803559,9689.100094,9861.852265
20220331,0,9865.846535,9905.789234,9616.204669,9660.141638
20220401,0,9596.23332,9830.896674,9596.23332,9712.067146
20220406,0,9775.975464,9983.677496,9655.148801,9943.734797
20220407,0,9973.691821,10117.485536,9885.817884,9943.734797
20220408,0,9943.734797,10023.620194,9813.921027,10023.620194
20220411,0,10023.620194,10073.548568,9711.068578,9746.01844
20220412,0,9696.090067,9855.860861,9648.158828,9855.860861
20220413,0,9855.860861,9855.860861,9666.133043,9670.127312
20220414,0,9670.127312,9841.880916,9670.127312,9712.067146
20220415,0,9697.088634,9712.067146,9456.433875,9506.362249
20220418,0,9506.362249,9677.117285,9456.433875,9642.167423
20220419,0,9642.167423,9642.167423,9503.366546,9518.345058
20220420,0,9500.370844,9750.01271,9458.43101,9718.058551
20220421,0,9735.067404,9887.146566,9735.067404,9761.080945
20220422,0,9770.085632,9863.134067,9749.074696,9770.085632
20220425,0,9760.080424,9805.10386,9380.88304,9417.90231
20220426,0,9404.89554,9587.990846,9338.861167,9475.932517
20220427,0,9475.932517,9753.076779,9475.932517,9733.066363
20220428,0,9727.063238,9727.063238,9579.98668,9636.015845
20220429,0,9636.015845,9925.166357,9636.015845,9909.158024
20220505,0,9956.182502,10025.218437,9877.141358,9992.20125
20220506,0,10019.215312,10200.309577,9984.197084,10112.263747
20220509,0,10105.260101,10134.275204,9974.191876,10010.210625
20220510,0,9948.178335,9948.178335,9655.02574,9671.034073
20220511,0,9691.044489,9890.148129,9635.015324,9872.138754
20220512,0,9881.143441,10052.232499,9784.092924,10038.225207
20220513,0,10038.225207,10183.300724,9982.196042,10155.286141
20220516,0,10215.317389,10253.33718,10013.212187,10045.228853
20220517,0,10095.254893,10183.300724,10031.221562,10131.273642
20220518,0,10131.273642,10232.326243,10044.228332,10108.261664
20220519,0,10145.280933,10150.283537,9987.198646,10116.26583
20220520,0,10053.233019,10169.293432,9910.158545,10042.227291
20220523,0,10050.231457,10159.288224,9983.196563,10008.209583
20220524,0,10045.321605,10080.427572,9899.8826,9916.93407
20220525,0,9959.06123,10146.627395,9937.99765,10039.303439
20220526,0,10063.376102,10329.178421,10034.288301,10327.172366
20220527,0,10364.284388,10481.63862,10325.166311,10403.402465
20220530,0,10331.184477,10519.753669,10331.184477,10386.350996
20220531,0,10411.426686,10606.014044,10361.275305,10574.920188
20220601,0,10578.932299,10642.123039,10410.423659,10525.771835
20220602,0,10551.850553,10604.007989,10446.532653,10595.983768
20220606,0,10782.546905,11069.412804,10684.250199,11049.352252
20220607,0,11047.346197,11064.397666,10884.855722,10960.082794
20220608,0,10933.001048,11323.178792,10867.804253,11296.097046
20220609,0,11332.20604,11549.863034,11239.9275,11265.00319
20220610,0,11284.060715,11497.705598,11256.978969,11430.502747
20220613,0,11360.290814,11420.472471,11004.216009,11047.346197
20220614,0,11034.306838,11098.500605,10915.949579,11001.206926
20220615,0,11034.306838,11124.579323,10845.737645,10872.819391
20220616,0,10862.789115,10952.058573,10766.498463,10768.504519
20220617,0,10752.456077,10763.48938,10476.623481,10567.898995
20220620,0,10567.898995,10625.071569,10336.199615,10355.257139
20220621,0,10347.191512,10540.766565,10310.89619,10417.76575
20220622,0,10465.15131,10486.323582,10233.264528,10248.387579
20220623,0,10182.854358,10403.650903,10142.526222,10218.141477
20220624,0,10317.953614,10343.158699,9888.458964,9920.721473
20220627,0,10041.705882,10261.494223,9867.286693,10138.493408
20220628,0,10138.493408,10305.855173,10122.362154,10252.420393
20220629,0,10252.420393,10295.773139,9995.328525,10043.722288
20220630,0,10211.084053,10211.084053,9983.230084,10137.485205
20220701,0,10137.485205,10228.223511,9920.721473,9920.721473
20220704,0,9999.361339,10233.264528,9885.434354,10181.846154
20220705,0,10194.952799,10279.641884,10051.787916,10065.902763
20220706,0,10019.525407,10022.550017,9535.587774,9782.597607
20220707,0,9840.065201,9840.065201,9500.300655,9533.571367
20220708,0,9602.129198,9766.466353,9585.997944,9678.752657
20220711,0,9675.728047,9734.203844,9513.407299,9657.580385
20220712,0,9567.850283,9622.293266,9236.151364,9278.495906
20220713,0,9216.995499,9318.824042,9093.994684,9267.405669
20220714,0,9199.856041,9199.856041,8889.329393,8903.444241
20220715,0,8903.444241,9050.641938,8752.213731,8850.009461
20220718,0,8923.608309,9342.012721,8821.779765,9322.856856
20220719,0,9338.379428,9418.061966,9075.530539,9158.317591
20220720,0,9071.391187,9246.278833,8985.499621,9113.819551
20220721,0,9128.307285,9158.317591,8856.144852,8873.737101
20220722,0,8692.640425,8894.433864,8651.246899,8804.402945
20220725,0,8749.556523,8941.00158,8439.10508,8440.139918
20220726,0,8545.693409,9052.7641,8481.533444,9009.300898
20220727,0,9003.091869,9036.20669,8827.169384,8943.071257
20220728,0,8968.94221,9310.438798,8964.802858,9304.229769
20220729,0,9313.543313,9340.449105,8976.186077,9032.067337
20220801,0,9106.575684,9365.28522,9077.600216,9167.631134
20220802,0,9034.137013,9054.833776,8813.716488,8943.071257
20220803,0,8943.071257,9129.342123,8941.00158,8980.32543
20220804,0,9130.376961,9137.620828,8701.953969,8734.033951
20220805,0,8740.24298,8780.601668,8501.195368,8563.285657
20220808,0,8496.021178,8689.535911,8350.108999,8678.152691
20220809,0,8527.066322,8855.110014,8527.066322,8805.437783
20220810,0,8897.538378,8910.991274,8625.375946,8672.9785
20220811,0,8747.486847,8849.935823,8657.455928,8787.845535
20220812,0,8831.308737,8885.12032,8724.720408,8798.193916
20220815,0,8746.452009,8830.273899,8543.623732,8579.843067
20220816,0,8464.976033,8485.672796,8195.918115,8237.311641
20220817,0,8286.983872,8322.168369,8107.956873,8112.096225
20220818,0,8080.016243,8161.768456,7929.964712,7947.55696
20220819,0,8025.169821,8368.736086,8014.82144,8356.318028
20220822,0,8392.8085,8730.881988,8329.486799,8660.047543
20220823,0,8695.464765,8721.222745,8466.862692,8649.315051
20220824,0,8718.002998,8924.066838,8701.90426,8875.770626
20220825,0,8825.327915,8865.038134,8680.439277,8804.93618
20220826,0,8715.856499,8977.729297,8715.856499,8793.13044
20220829,0,8746.980725,8929.433084,8709.417004,8919.773841
20220830,0,8945.531821,9199.891874,8927.286586,9149.449164
20220831,0,9107.592446,9269.65307,9075.394971,9193.452379
20220901,0,9111.885443,9310.436539,9101.152951,9300.777296
20220902,0,9283.60531,9364.098997,9049.636991,9182.719888
20220905,0,9208.477868,9434.933442,9133.350426,9410.248712
20220906,0,9444.592685,9483.229655,9275.019316,9422.054452
20220907,0,9411.321961,9560.503595,9236.382346,9270.72632
20220908,0,9294.337801,9454.251927,9163.401403,9407.028964
20220909,0,9407.028964,9624.898545,9337.267768,9623.825296
20220913,0,9744.029203,9957.605788,9675.341256,9744.029203
20220914,0,9686.073748,9806.277655,9522.939874,9664.608765
20220915,0,9676.414505,9690.366745,9455.325177,9466.057668
20220916,0,9443.519436,9608.799808,9343.707263,9568.016339
20220919,0,9519.720127,9739.736206,9519.720127,9627.045044
20220920,0,9568.016339,10088.542186,9554.0641,9812.71715
20220921,0,9814.863648,9843.841376,9579.82208,9825.59614
20220922,0,9803.057907,9885.698093,9665.682014,9724.710718
20220923,0,9848.860678,9898.742359,9700.324119,9742.446427
20220926,0,9691.456264,9764.616062,9419.878227,9432.071526
20220927,0,9510.773733,9586.150495,9316.78942,9430.963044
20220928,0,9432.071526,9514.099178,9273.558631,9344.501465
20220929,0,9396.600109,9582.825049,9338.959056,9501.905879
20220930,0,9444.264826,9494.146506,9353.369319,9488.604097
20221010,0,9771.266953,9918.695031,9694.78171,9804.521407
20221011,0,9798.978998,9817.823188,9401.034036,9425.420635
20221012,0,9377.755919,9505.231324,9233.653286,9314.572457
20221013,0,9314.572457,9360.02021,9117.262699,9172.686788
20221014,0,9107.286363,9322.331829,9107.286363,9283.534967
20221017,0,9200.398833,9411.010372,9153.842598,9321.223348
20221018,0,9311.247011,9399.925554,9143.866262,9252.497477
20221019,0,9263.582295,9271.341667,8918.844459,9015.282374
20221020,0,9034.126565,9388.840737,9033.018083,9367.779583
20221021,0,9333.416647,9444.264826,9266.90774,9347.82691
20221024,0,9333.416647,9490.821061,9271.341667,9320.114866
20221025,0,9275.775594,9357.803246,9170.469824,9265.799258
20221026,0,9248.604282,9315.091522,9041.118242,9046.8499
20221027,0,9150.019755,9150.019755,8872.60748,8895.534114
20221028,0,8906.997431,9042.264574,8864.583158,9004.435627
20221031,0,9033.09392,9033.09392,8689.194405,8761.413303
20221101,0,8753.388981,9069.776535,8709.828376,8979.216329
20221102,0,9005.581959,9020.484271,8803.827577,8904.704768
20221103,0,8886.36346,8936.802056,8755.681645,8809.559235
20221104,0,8757.974308,9081.239852,8657.097117,9064.044876
20221107,0,9078.947188,9163.775735,8833.632201,8962.021353
20221108,0,8921.899743,9041.118242,8816.437226,8902.412104
20221109,0,8929.924065,9027.362261,8861.144163,8927.631402
20221110,0,8847.388182,8990.679646,8786.632601,8921.899743
20221111,0,8941.387383,9386.164088,8925.338739,9349.481473
20221114,0,9374.700771,9440.041679,9312.798859,9393.042079
20221115,0,9393.042079,9537.479875,9352.920469,9378.139766
20221116,0,9399.920069,9434.31002,9308.213532,9391.895747
20221117,0,9411.383386,9569.577163,9335.725493,9479.016957
20221118,0,9452.651328,9606.259778,9436.602684,9492.772938
20221121,0,9443.480674,9571.869826,9276.116244,9381.578761
20221122,0,9396.746094,9456.248708,9248.572919,9262.573534
20221123,0,9325.576301,9368.744864,9246.239483,9271.907277
20221124,0,9193.737177,9340.743634,9091.066,9276.574149
20221125,0,9282.407739,9283.574457,9002.395439,9068.89836
20221128,0,9103.899897,9148.235178,8833.221341,8878.72334
20221129,0,8878.72334,9035.06354,8808.720265,8953.393286
20221130,0,8932.392364,9005.895593,8835.554777,8973.227491
20221201,0,9051.397591,9291.741482,9024.563079,9236.90574
20221202,0,9254.406509,9514.584604,9218.238253,9462.082298
20221205,0,9462.082298,9557.753167,9373.411736,9462.082298
20221206,0,9497.083835,9532.085373,9343.07707,9423.580606
20221207,0,9380.412044,9441.081375,9135.401281,9185.570152
20221208,0,9228.738714,9317.409276,9127.234256,9309.242251
20221209,0,9359.411121,9630.089678,9323.242866,9568.253628
20221212,0,9509.917732,9702.426188,9491.250246,9512.251168
20221213,0,9485.416656,9604.421883,9438.747939,9556.586449
20221214,0,9535.585526,9644.090293,9485.416656,9619.589216
20221215,0,9618.422498,9740.92788,9536.752244,9620.755934
20221216,0,9649.923882,9759.595366,9504.084143,9591.587986
20221219,0,9514.584604,9572.9205,9351.244096,9392.079223
20221220,0,9394.403995,9489.71965,9331.635148,9421.138874
20221221,0,9415.326944,9597.821552,9378.13059,9574.573831
20221222,0,9624.556431,9766.367528,9558.300427,9669.889487
20221223,0,9695.46198,9707.08584,9525.753618,9610.607799
20221226,0,9625.718817,9789.615249,9612.932571,9691.974822
20221227,0,9693.137208,9798.914338,9664.077557,9777.991389
20221228,0,9777.991389,9783.803319,9629.205975,9707.08584
20221229,0,9682.675733,9700.111524,9550.163724,9660.590398
20221230,0,9631.530747,9855.871254,9608.283027,9827.973989
20230103,0,9822.162058,9931.426346,9753.581282,9916.315328
20230104,0,9915.152942,9969.785086,9711.735384,9734.983105
20230105,0,9726.846403,9726.846403,9550.163724,9575.736217
20230106,0,9619.906887,9787.290477,9482.745334,9771.017073
20230109,0,9697.786752,9774.504231,9543.189408,9640.829836
20230110,0,9690.812436,9710.572998,9505.993055,9524.591232
20230111,0,9564.112357,9868.6575,9474.608632,9843.085007
20230112,0,9880.281361,10099.972323,9811.700584,10066.263127
20230113,0,10122.057657,10210.398997,10060.451197,10134.843904
20230116,0,10134.843904,10184.826504,10067.425513,10119.732885
20230117,0,10148.812577,10224.419777,10033.656996,10130.201574
20230118,0,10154.628516,10348.88086,10108.101008,10316.311605
20230119,0,10338.412171,10362.839112,10194.176897,10250.009906
20230120,0,10270.947285,10459.38369,10265.131346,10443.099062
20230130,0,10443.099062,10547.785954,10218.603839,10247.683531
20230131,0,10270.947285,10270.947285,10040.636122,10118.569698
20230201,0,10119.732885,10255.825845,10106.937821,10139.507076
20230202,0,10139.507076,10160.444454,9958.049797,9997.598178
20230203,0,9966.19211,9983.639926,9803.345834,9911.522289
20230206,0,9899.890412,9925.480541,9659.110561,9720.759508
20230207,0,9730.06501,9849.873342,9704.474881,9775.42933
20230208,0,9773.102954,9859.178843,9712.617194,9752.165576
20230209,0,9759.144702,9810.32496,9696.332567,9732.391385
20230210,0,9732.391385,9816.140899,9596.298426,9811.488148
20230213,0,9888.258535,9898.727225,9700.985318,9703.311693
20230214,0,9706.801256,9776.592517,9666.089687,9711.454007
20230215,0,9725.412259,9733.554573,9625.378118,9681.211127
20230216,0,9717.269945,9870.81072,9690.516628,9816.140899
20230217,0,9761.471077,9828.935963,9706.801256,9710.290819
20230220,0,9673.068813,9863.831594,9607.930303,9854.526092
20230221,0,9824.368644,10014.592547,9824.368644,9963.556866
20230222,0,10002.993529,10021.551958,9899.762264,9953.117749
20230223,0,10002.993529,10002.993529,9883.523639,9927.599909
20230224,0,9949.638044,10070.267836,9899.762264,9939.198927
20230227,0,9939.198927,10027.351468,9859.1657,9861.485503
20230228,0,9921.8004,9921.8004,9767.533454,9871.92462
20230301,0,9917.160792,9956.597455,9806.970117,9925.280105
20230302,0,9917.160792,9969.356375,9875.404326,9939.198927
20230303,0,9878.884031,10031.991075,9789.571589,9998.353921
20230306,0,9992.554412,9992.554412,9815.08943,9890.48305
20230307,0,9873.084522,10029.671271,9848.726583,9935.719222
20230308,0,9917.160792,10016.912351,9873.084522,9910.201381
20230309,0,9932.239516,9955.437553,9800.010706,9867.285013
20230310,0,9893.962755,9903.24197,9687.500226,9701.419049
20230313,0,9757.094337,9933.399418,9718.817576,9889.323148
20230314,0,9743.175515,9811.609724,9658.50268,9667.781895
20230315,0,9716.497773,9729.256693,9621.385821,9702.57895
20230316,0,9627.18533,9649.223465,9375.48663,9398.684667
20230317,0,9430.002016,9626.025429,9336.049967,9565.710532
20230320,0,9532.979273,9693.128649,9532.979273,9590.258977
20230321,0,9625.328183,9723.521961,9597.272818,9667.411231
20230322,0,9725.859908,9755.084247,9665.073284,9691.959676
20230323,0,9703.649411,9759.760141,9668.580205,9700.14249
20230324,0,9673.256099,9743.394512,9596.103845,9721.184014
20230327,0,9679.100967,9819.377792,9635.848945,9812.363951
20230328,0,9826.391633,9933.9372,9825.22266,9895.361073
20230329,0,9869.643655,9924.585411,9849.771104,9915.233623
20230330,0,9931.599253,9971.344353,9820.546766,9888.347231
20230331,0,9900.036967,10004.075612,9895.361073,9957.316671
20230403,0,9944.457962,10246.053137,9930.430279,10145.521412
20230404,0,10119.803994,10228.518533,10078.889919,10225.011613
20230406,0,10164.224988,10189.942406,10012.258427,10125.648861
20230407,0,10125.648861,10175.914724,10088.241708,10136.169623
20230410,0,10126.817835,10226.180586,10055.510449,10078.889919
20230411,0,10076.551972,10161.887041,10042.65174,10082.39684
20230412,0,10041.482766,10165.393962,10021.610216,10161.887041
20230413,0,10181.759592,10210.98393,10043.820713,10054.341475
20230414,0,10054.341475,10139.676544,10006.41356,10080.058893
20230417,0,10111.621179,10257.742872,10080.058893,10166.562935
20230418,0,10132.662703,10149.028332,10020.441242,10089.410681
20230419,0,10081.220275,10167.804572,10006.336559,10027.397604
20230420,0,10016.867081,10044.948475,9892.840927,9978.255165
20230421,0,9992.295862,10043.778417,9890.500811,9901.031333
20230424,0,9937.303133,9959.534236,9805.086572,9809.766804
20230425,0,9861.249359,9922.092378,9794.556049,9816.787153
20230426,0,9791.045875,9796.896166,9688.080766,9734.883088
20230427,0,9699.781346,9761.794424,9627.237746,9629.577862
20230428,0,9629.577862,9688.080766,9603.836585,9654.149082
20230504,0,9418.967411,9454.069153,9293.771198,9394.396192
20230505,0,9395.56625,9411.947063,9301.961605,9382.695611
20230508,0,9418.967411,9623.727572,9418.967411,9608.516817
20230509,0,9623.727572,9630.747921,9486.830779,9492.681069
20230510,0,9524.272637,9594.476121,9449.388921,9530.122927
20230511,0,9547.673798,9554.694146,9366.314798,9387.375843
20230512,0,9330.042998,9407.26683,9184.955798,9190.806089
20230515,0,9227.077889,9255.159282,9018.807553,9136.983418
20230516,0,9218.887482,9253.989224,9014.127321,9050.399121
20230517,0,9050.399121,9132.303185,8941.583721,9113.582256
20230518,0,9131.255654,9225.513777,9087.661273,9204.3057
20230519,0,9263.217027,9263.217027,9029.928172,9097.087085
20230522,0,9148.929053,9193.701661,8887.362762,8972.195072
20230523,0,9034.641079,9049.958023,8692.955383,8783.678826
20230524,0,8815.490943,8913.283745,8789.569959,8839.055474
20230525,0,8842.590153,8954.521674,8701.202969,8910.927292
20230526,0,8861.441778,9107.691124,8795.461092,9082.948367
20230529,0,9095.908858,9213.731512,9075.879007,9148.929053
20230530,0,9112.40403,9187.810528,9054.67093,9120.651616
20230531,0,9085.30482,9125.364522,8930.957143,9079.413687
20230601,0,9001.650736,9164.245997,8991.046697,9062.918515
20230602,0,9045.245117,9231.40491,8886.184535,9154.820185
20230605,0,9180.741169,9249.078308,9049.958023,9094.730632
20230606,0,9145.394373,9145.394373,8936.848276,9004.007189
20230607,0,8989.86847,9110.047577,8954.521674,8968.660393
20230608,0,9001.650736,9039.353985,8736.549765,8761.292522
20230609,0,8793.104639,8886.184535,8712.985234,8836.69902
20230612,0,8836.69902,8868.511137,8549.211746,8575.132729
20230613,0,8510.243804,8555.54362,8314.352708,8534.730191
20230614,0,8582.478646,8789.388616,8460.046711,8662.059403
20230615,0,8706.1349,8740.415842,8545.749065,8633.900058
20230616,0,8668.181,8889.782802,8646.143252,8883.661206
20230619,0,8883.661206,8931.40966,8684.097152,8724.49969
20230620,0,8786.939977,8861.623457,8701.237623,8762.45359
20230621,0,8730.621287,8959.569005,8717.153774,8888.558483
20230626,0,8790.612935,8815.099322,8604.516394,8652.264849
20230627,0,8680.424194,8713.480816,8546.973384,8641.245974
20230628,0,8565.338175,8668.181,8559.216578,8614.310949
20230629,0,8616.759587,8797.958851,8587.375923,8713.480816
20230630,0,8671.853958,8831.015474,8669.405319,8782.0427
20230703,0,8784.491338,8997.522905,8784.491338,8909.371912
20230704,0,8932.63398,8968.139241,8837.13707,8958.344686
20230705,0,8988.95267,9055.065915,8949.774451,8999.971544
20230706,0,8998.747225,9023.233612,8920.390786,8986.504031
20230707,0,8986.504031,9213.003111,8962.017644,9121.17916
20230710,0,9121.17916,9246.059733,9091.795495,9181.170808
20230711,0,9182.395127,9297.481146,9157.90874,9214.22743
20230712,0,9228.919263,9285.237953,9198.311279,9255.854288
20230713,0,9281.650299,9491.703528,9276.736773,9484.333239
20230714,0,9458.537229,9707.898665,9435.197981,9615.770056
20230717,0,9655.078262,9658.763407,9440.111507,9522.413065
20230718,0,9526.098209,9671.047221,9422.914167,9621.911963
20230719,0,9618.226818,9788.971841,9618.226818,9672.275603
20230720,0,9704.213521,9774.231264,9582.603756,9688.244562
20230721,0,9715.268954,9894.612647,9715.268954,9852.847677
20230724,0,9886.013976,9935.149235,9682.102654,9691.929706
20230725,0,9753.348779,9887.242358,9632.967396,9860.217966
20230726,0,9863.90311,10057.98738,9830.736811,10022.364318
20230727,0,9894.612647,9996.568308,9806.169182,9893.384265
20230728,0,9925.322183,10104.665876,9854.076058,10087.468535
20230731,0,10119.406453,10330.688064,10119.406453,10228.732403
20230801,0,10303.663672,10397.020663,10199.251248,10227.504022
20230802,0,10207.849918,10432.643725,10148.887608,10317.175868
20230803,0,10351.570549,10355.255693,10070.271195,10116.94969
20230804,0,10195.566104,10366.311127,10156.257897,10248.386507
20230807,0,10288.923095,10288.923095,10049.38871,10195.566104
20230808,0,10178.368763,10261.898703,10040.79004,10196.794485
20230809,0,10097.295587,10311.033961,10097.295587,10261.898703
20230810,0,10293.83662,10497.747943,10272.954136,10433.872107
20230811,0,10428.958581,10437.557251,10295.065002,10369.996271
20230814,0,10397.020663,10451.069447,10129.233505,10170.998475
20230815,0,10170.998475,10227.504022,10098.523969,10201.708011
20230816,0,10131.690268,10255.756795,10124.319979,10216.448589
20230817,0,10256.985177,10303.663672,10088.696917,10301.206909
20230818,0,10334.964961,10663.793389,10334.964961,10456.243887
20230821,0,10389.978082,10718.80651,10389.978082,10693.800546
20230822,0,10693.800546,10740.061579,10446.241501,10577.522812
20230823,0,10608.780268,10760.06635,10578.773111,10681.297563
20230824,0,10642.538319,10722.557404,10548.765954,10586.2749
20230825,0,10577.522812,10597.527584,10442.490606,10492.502535
20230828,0,10532.512077,10575.022216,10394.979275,10436.239115
20230829,0,10418.73494,10565.01983,10406.231958,10467.49657
20230830,0,10490.001938,10721.307106,10449.992396,10670.04488
20230831,0,10670.04488,10681.297563,10536.262972,10575.022216
20230901,0,10635.03653,10936.358397,10627.534741,10905.100942
20230904,0,10940.109292,11065.139112,10890.097364,10955.11287
20230905,0,10955.11287,11102.648059,10955.11287,11036.382254
20230906,0,11065.139112,11665.282251,10975.117642,11590.264358
20230907,0,11615.270322,11759.054616,11476.487222,11587.763762
20230908,0,11617.770919,11659.03076,11356.458594,11418.973504
20230911,0,11502.743484,11709.042688,11433.977083,11580.261973
20230912,0,11571.509885,12085.382447,11544.003325,11960.352627
20230913,0,12102.886622,12277.928371,11990.359784,12266.675687
20230914,0,12327.940299,12500.481451,12199.159584,12274.177476
20230915,0,12365.449245,12377.952227,12016.616046,12164.151234
20230918,0,12152.898551,12152.898551,11694.039109,11836.573105
20230919,0,11866.580262,11971.605311,11742.800739,11832.82221
20230920,0,11899.91749,11940.427847,11425.186739,11491.016069
20230921,0,11504.941505,11504.941505,11146.678031,11153.007775
20230922,0,11266.943155,11492.282018,11178.326748,11398.601817
20230925,0,11491.016069,11604.95145,11108.699571,11173.262953
20230926,0,11135.284493,11199.847876,10980.838756,11001.093934
20230927,0,11008.689627,11209.975465,11008.689627,11151.741826
20230928,0,11209.975465,11450.505712,11171.997005,11198.581927
20231009,0,10871.96717,10917.541322,10728.914971,10889.690452
20231010,0,10907.413733,10933.998655,10584.596822,10622.575282
20231011,0,10651.692102,10758.03179,10549.15026,10721.319279
20231012,0,10660.553743,10679.542973,10425.08729,10635.234769
20231013,0,10722.585227,10831.456813,10577.00113,10707.393843
20231016,0,10887.158554,10996.03014,10768.159379,10898.552092
20231017,0,10906.147784,10941.594347,10652.95805,10779.552917
20231018,0,10779.552917,10977.04091,10755.499893,10906.147784
20231019,0,10918.807271,10996.03014,10732.712817,10911.211579
20231020,0,10877.988543,11083.715802,10819.209327,10892.044443
20231023,0,10892.044443,10923.98967,10691.42842,10860.099217
20231024,0,10884.377589,10948.268042,10760.43011,10872.877307
20231025,0,10876.710734,10876.710734,10668.427857,10739.985165
20231026,0,10771.930391,10840.932081,10656.927576,10756.596683
20231027,0,10607.093022,10972.546414,10605.815213,10936.76776
20231030,0,10936.76776,11188.496145,10922.711861,11142.495019
20231031,0,11115.661029,11244.719744,10954.657087,11238.330699
20231101,0,11219.163563,11290.72087,11136.105974,11202.552045
20231102,0,11267.720307,11276.664971,11024.936585,11076.048948
20231103,0,11027.492204,11180.829291,10994.269168,11090.104848
20231106,0,11116.938838,11122.050074,10876.710734,11045.38153
20231107,0,11059.43743,11128.43912,10834.543035,10860.099217
20231108,0,10835.820844,10883.09978,10670.983475,10783.430673
20231109,0,10695.261848,10829.431799,10622.426731,10784.708482
20231110,0,10797.486572,10870.321689,10687.594993,10824.320563
20231113,0,10848.598935,10852.432362,10572.592178,10702.928702
20231114,0,10733.596119,10805.153427,10663.316621,10755.318873
20231115,0,10733.596119,11161.662155,10725.929265,11072.215521
20231116,0,11031.325631,11122.050074,10940.601187,11113.105411
20231117,0,11101.605129,11357.166942,11064.548666,11120.772265
20231120,0,11169.626525,11258.335575,11037.205768,11170.912163
20231121,0,11200.481847,11208.195677,10877.786605,10888.071713
20231122,0,10888.071713,10984.494593,10805.790854,10863.644583
20231123,0,10795.505747,10862.358944,10641.229137,10831.503622
20231124,0,10835.360538,10882.929159,10690.083397,10745.365849
20231127,0,10760.79351,10858.502029,10529.378596,10591.089239
20231128,0,10601.374347,10642.514776,10321.105173,10341.675387
20231129,0,10351.960495,10471.524867,10301.820597,10344.246664
20231130,0,10398.243478,10511.379658,10314.676981,10481.809974
20231201,0,10477.953059,10533.235511,10162.971648,10225.96793
20231204,0,10220.825377,10299.24932,10052.406745,10080.69079
20231205,0,10080.69079,10153.972179,9971.411525,10133.401965
20231206,0,10094.832812,10330.104642,10057.549298,10327.533365
20231207,0,10285.107297,10322.390811,10060.120575,10255.537614
20231208,0,10282.53602,10461.23976,10251.680699,10409.814223
20231211,0,10411.099862,10475.381782,10297.963681,10417.528054
20231212,0,10413.671138,10512.665296,10252.966337,10466.382313
20231213,0,10425.241884,10494.666358,10196.398247,10228.539207
20231214,0,10251.680699,10612.945092,10251.680699,10400.814754
20231215,0,10436.81263,10497.237635,10342.961026,10444.52646
20231218,0,10454.791351,10611.330937,10386.786449,10597.216712
20231219,0,10580.536264,10636.993164,10509.96514,10572.837596
20231220,0,10572.837596,10892.332325,10536.910478,10871.802543
20231221,0,10906.446549,11056.570578,10857.688318,11014.227904
20231222,0,10944.93989,11070.684803,10830.742979,10932.108777
20231225,0,10933.391888,11130.991037,10862.820763,10974.451452
20231226,0,11002.679901,11065.552358,10938.524333,10957.771004
20231227,0,10996.264345,11104.045699,10961.620338,11006.529235
20231228,0,11006.529235,11011.661681,10803.797641,10849.98965
20231229,0,10829.459868,10887.199879,10740.925184,10885.916768
20240102,0,10880.784322,11073.251026,10825.610534,11057.85369
20240103,0,11073.251026,11118.159924,10875.651877,10961.620338
20240104,0,10961.620338,11033.474574,10839.724759,10865.386986
20240105,0,10842.290982,10865.386986,10657.522946,10734.509627
20240108,0,10796.098973,10909.012772,10619.029605,10622.878939
20240109,0,10606.198492,10685.751396,10556.157149,10594.650489
20240110,0,10683.185173,10835.875425,10607.481603,10801.231418
20240111,0,10776.852302,10874.368766,10639.559387,10866.670097
20240112,0,10880.784322,10950.072336,10803.797641,10876.934988
20240115,0,10925.69322,10925.69322,10739.642073,10862.820763
20240116,0,10838.441647,11295.229291,10820.478088,11286.247512
20240117,0,11317.042184,11323.457741,11071.967915,11086.08214
20240118,0,11034.757685,11187.447937,11030.908351,11128.424815
20240119,0,11106.611921,11249.037282,11095.063919,11196.429717
20240122,0,11201.562162,11404.293757,11165.635044,11250.320394
20240123,0,11213.371437,11336.959328,11130.554808,11331.86292
20240124,0,11321.670104,11400.664426,11275.802433,11359.893163
20240125,0,11358.619061,11386.649304,11204.452723,11205.726825
20240126,0,11201.904519,11466.917729,11167.503766,11170.05197
20240129,0,11182.792989,11321.670104,11139.473522,11191.711703
20240130,0,11207.000927,11387.923406,11161.133256,11329.314716
20240131,0,11311.477288,11312.75139,11082.138934,11207.000927
20240201,0,11195.534009,11294.913963,11154.762746,11245.223986
20240202,0,11242.675782,11250.320394,10984.033082,11019.707937
20240205,0,10973.840266,11269.431923,10973.840266,11205.726825
20240206,0,11168.777868,11357.344959,11098.702259,11347.152143
20240207,0,11362.441367,11615.987659,11362.441367,11582.861008
20240208,0,11593.053824,11716.641715,11505.140788,11585.409212
20240219,0,11887.371379,11959.995191,11744.671958,11814.747566
20240220,0,11841.503708,11844.051912,11632.550985,11651.662514
20240221,0,11568.845886,11711.545307,11498.770278,11623.632271
20240222,0,11607.068945,11765.057589,11595.602027,11692.433777
20240223,0,11670.774044,11693.707879,11545.912051,11552.28256
20240226,0,11528.074623,11624.906373,11496.222074,11512.785399
20240227,0,11492.478425,11604.166785,11439.172617,11601.628413
20240228,0,11614.320272,11672.702824,11431.557501,11445.518546
20240229,0,11422.6732,11521.669701,11373.174949,11486.132495
20240301,0,11486.132495,11535.630746,11409.981341,11478.51738
20240304,0,11547.053419,11643.511548,11496.285983,11545.784233
20240305,0,11545.784233,11638.434805,11454.402848,11633.358061
20240306,0,11637.165619,11720.931889,11568.62958,11653.665036
20240307,0,11638.434805,11670.164452,11524.208073,11587.667368
20240308,0,11610.512715,11746.315607,11594.013298,11709.509216
20240311,0,11663.818523,11877.041756,11663.818523,11868.157455
20240312,0,11869.42664,11898.617916,11741.238863,11802.159787
20240313,0,11828.812691,11864.349897,11769.160953,11827.543505
20240314,0,11866.888269,12055.996969,11819.92839,12047.112668
20240315,0,12052.189412,12154.99347,11965.88477,11965.88477
20240318,0,11950.609172,12021.895294,11871.685251,11942.971373
20240319,0,11953.155105,11991.344099,11844.952956,11856.409654
20240320,0,11856.409654,11874.231184,11766.029035,11776.212766
20240321,0,11615.818992,11769.847934,11589.086696,11732.931907
20240322,0,11703.653678,11778.758699,11634.913489,11696.015879
20240325,0,11720.202242,11823.312526,11654.007986,11734.204873
20240326,0,11717.656309,11921.330943,11717.656309,11833.496257
20240327,0,11838.588123,11939.152474,11763.483102,11794.034297
20240328,0,11762.210135,11889.506782,11698.561812,11824.585492
20240329,0,11885.687882,11937.879507,11786.396498,11897.144581
20240401,0,11914.966111,12090.635483,11908.601279,11962.06587
20240402,0,11927.695776,12052.446489,11922.60391,12019.349361
20240403,0,12054.992422,12093.181416,11997.708931,12068.995053
20240408,0,12137.735242,12193.745767,12025.714194,12105.911081
20240409,0,12147.918974,12279.03452,12118.640745,12215.386197
20240410,0,12179.743136,12206.475432,11979.887401,12006.619697
20240411,0,12010.438596,12040.989791,11942.971373,11986.252233
20240412,0,11965.88477,12033.351992,11935.333575,12004.073764
20240415,0,12030.806059,12188.653901,12030.806059,12128.824477
20240416,0,12151.737874,12314.677581,12080.451752,12235.75366
20240417,0,12184.835002,12281.580453,12170.832371,12212.840264
20240418,0,12178.470169,12303.220883,12126.278544,12279.03452
20240419,0,12286.672319,12449.612026,12195.018733,12286.672319
20240422,0,12272.573279,12336.659824,12131.582881,12135.428074
20240423,0,12125.174227,12208.486734,12054.679028,12067.496337
20240424,0,12030.326141,12221.304043,12030.326141,12173.88
20240425,0,12173.88,12237.966545,12118.765572,12175.161731
20240426,0,12176.443462,12226.430967,12099.539609,12170.034808
20240429,0,12202.07808,12214.895389,11953.422287,11995.719407
20240430,0,12026.480948,12071.341529,11962.394403,12031.607872
20240506,0,11903.434782,12063.651144,11889.335743,12062.369413
20240507,0,12061.087682,12107.229994,11968.803058,12044.42518
20240508,0,12044.42518,12044.42518,11908.561706,11913.68863
20240509,0,11900.871321,11982.902098,11811.150158,11812.431889
20240510,0,11834.221314,11911.125168,11772.698232,11891.899204
20240513,0,11875.236703,11880.363626,11632.989565,11775.261693
20240514,0,11852.165547,11852.165547,11716.302072,11720.147265
20240515,0,11706.048225,11759.880923,11649.652066,11722.710727
20240516,0,11697.076109,11894.462666,11690.667455,11886.772281
20240517,0,11893.180935,11938.041517,11820.122275,11927.787669
20240520,0,11934.196324,12272.573279,11934.196324,12268.728086
20240521,0,12285.390588,12421.254062,12214.895389,12319.997322
20240522,0,12294.217876,12365.111353,12126.651476,12165.320645
20240523,0,12173.054479,12225.902343,12055.757999,12106.027919
20240524,0,12139.541199,12249.103845,12097.005113,12173.054479
20240527,0,12183.366257,12399.913605,12148.564005,12397.33566
20240528,0,12438.582774,12509.476251,12323.864239,12343.198824
20240529,0,12374.134159,12497.875501,12331.598073,12455.339414
20240530,0,12470.807082,12528.810836,12358.666491,12455.339414
20240531,0,12442.449691,12597.126368,12417.959217,12541.700559
20240603,0,12590.681507,12656.419094,12309.685544,12357.377519
20240604,0,12357.377519,12405.069494,12263.28254,12335.46499
20240605,0,12294.217876,12304.529654,12033.84547,12035.134442
20240606,0,12072.514639,12153.719894,12055.757999,12094.427168
20240607,0,12082.826417,12236.214122,12077.670528,12147.275033
20240611,0,12236.214122,12307.107599,12175.632423,12264.571513
20240612,0,12242.658983,12410.225384,12197.544953,12387.023882
20240613,0,12412.803328,12432.137913,12130.518393,12149.852977
20240614,0,12149.852977,12174.343451,12055.757999,12071.225667
20240617,0,12097.005113,12115.050725,11993.887328,12013.221913
20240618,0,12058.335943,12098.294085,11956.507131,11962.951993
20240619,0,11968.107882,12081.537445,11875.301876,11888.191599
20240620,0,11912.682073,12000.33219,11867.568042,11922.993851
20240621,0,11904.948239,11965.529937,11862.412153,11880.457765
20240624,0,11867.459452,11937.650341,11784.270251,11884.357259
20240625,0,11935.050678,12092.330261,11863.559958,12063.733973
20240626,0,12081.931611,12122.22638,11920.752534,11987.043929
20240627,0,11987.043929,12081.931611,11896.05574,11989.643591
20240628,0,12023.439204,12319.800733,12023.439204,12312.001745
20240701,0,12323.700226,12323.700226,12182.018618,12271.706976
20240702,0,12234.011869,12319.800733,12198.916425,12279.505963
20240703,0,12284.705288,12334.098876,12184.618281,12273.006807
20240704,0,12247.010182,12332.799045,12208.015244,12283.405457
20240705,0,12283.405457,12393.891115,12144.323512,12150.822668
20240708,0,12150.822668,12321.100564,12143.02368,12189.817606
20240709,0,12192.417269,12350.996683,12124.826043,12215.814231
20240710,0,12202.815919,12202.815919,12000.042241,12065.033805
20240711,0,12100.129249,12274.306638,12088.430767,12239.211194
20240712,0,12239.211194,12244.410519,12027.338698,12050.735661
20240715,0,12057.234817,12107.928236,11988.34376,12015.640216
20240716,0,12020.839542,12057.234817,11954.548147,11985.744097
20240717,0,11950.648653,12059.834479,11941.549834,11996.142747
20240718,0,12023.439204,12083.231442,11971.445953,12071.532961
20240719,0,12034.725499,12063.645648,11947.965053,11980.828858
20240722,0,12013.692664,12013.692664,11849.373637,11871.721025
20240723,0,11830.969906,11924.303113,11809.937071,11873.035577
20240724,0,11830.969906,11850.688189,11608.810582,11761.298639
20240725,0,11790.218788,11790.218788,11621.956104,11636.416179
20240726,0,11596.979612,11846.744533,11573.317673,11757.354982
20240729,0,11737.636699,11784.960579,11656.134462,11740.265804
20240730,0,11762.613191,11809.937071,11699.514685,11752.096773
20240731,0,11798.106101,12079.420274,11732.37849,12071.532961
20240801,0,12104.396766,12302.89415,12067.589304,12254.255718
20240802,0,12254.255718,12258.199375,12130.68781,12224.021017
20240805,0,12146.462437,12208.246391,11947.965053,11971.626993
20240806,0,11933.504979,12132.002363,11922.988561,12004.490798
20240807,0,11975.570649,12087.307587,11936.134083,11963.73968
20240808,0,12041.29826,12070.218409,11975.570649,12001.861694
20240809,0,12022.894529,12172.753481,11913.786695,12130.68781
20240812,0,12126.744154,12210.875495,12064.9602,12205.617286
20240813,0,12206.931839,12334.443403,12181.955347,12305.523255
20240814,0,12260.828479,12296.321389,12146.462437,12164.866168
20240815,0,12164.866168,12225.33557,12028.152738,12099.138557
20240816,0,12130.68781,12323.926986,12125.429602,12195.100869
20240819,0,12159.607959,12243.739301,12055.758334,12061.016543
20240820,0,12062.359641,12189.953914,12011.321932,12141.6024
20240821,0,12168.464352,12180.552231,12047.585567,12156.376474
20240822,0,12175.17984,12321.57748,11987.146175,12007.292639
20240823,0,12019.380517,12188.610816,12001.920248,12160.405766
20240826,0,12206.071085,12379.330677,12141.6024,12352.468725
20240827,0,12396.790946,12423.652898,12271.882868,12336.351553
20240828,0,12316.205089,12332.322261,12243.677818,12292.029332
20240829,0,12269.196673,12406.192629,12269.196673,12355.15492
20240830,0,12390.075458,12536.473097,12357.841115,12510.954243
20240902,0,12510.954243,12510.954243,12372.615189,12407.535727
20240903,0,12426.339093,12486.778486,12412.908117,12441.113167
20240904,0,12386.046165,12387.389263,12128.171424,12140.259302
20240905,0,12144.288595,12188.610816,11966.99971,12027.439103
20240906,0,12065.045836,12078.476812,11926.706782,12005.949541
20240909,0,11993.861663,12047.585567,11808.514192,11917.305099
20240910,0,11894.472439,11948.196344,11500.94484,11523.777499
20240911,0,11416.32969,11479.455278,11100.701752,11464.681204
20240912,0,11487.513863,11623.166722,11308.881881,11609.735746
20240913,0,11609.735746,11707.781872,11476.769083,11640.626991
20240918,0,12087.878495,12249.050209,11671.518236,11807.171095
20240919,0,11835.376145,12009.978834,11707.781872,12004.606444
20240920,0,12041.649229,12049.880959,11827.624246,11837.227931
20240923,0,11813.904695,11813.904695,11499.726995,11510.702636
20240924,0,11499.726995,11757.65454,11444.848795,11742.563034
20240925,0,11765.88627,11861.923121,11469.543985,11483.263535
20240926,0,11428.385334,11646.526183,11363.903448,11498.35504
20240927,0,11517.562411,11709.636114,11505.214815,11683.568968
20240930,0,11683.568968,12189.820372,11602.623622,12155.521496
20241008,0,12495.766341,12605.522743,12272.137673,12325.643919
20241009,0,12281.741358,12298.204818,12145.917811,12204.911877
20241010,0,12155.521496,12163.753226,11977.167343,12023.813814
20241011,0,12025.185769,12059.484644,11827.624246,11953.844108
20241014,0,11953.844108,12034.789454,11776.86191,11809.78883
20241015,0,11793.32537,11845.459661,11579.300387,11599.879712
20241016,0,11572.440612,11701.404384,11528.538051,11539.513691
20241017,0,11579.300387,11698.660474,11551.861286,11569.696702
20241018,0,11598.507757,11708.264159,11568.324747,11679.453103
20241021,0,11620.459037,11669.849418,11486.007445,11658.873778
20241022,0,11702.776339,11856.435301,11654.757913,11846.831616
20241023,0,11882.77719,11889.6898,11772.175424,11792.913255
20241024,0,11751.437593,11815.033608,11662.956181,11794.295777
20241025,0,11794.295777,11841.301528,11712.726975,11787.383167
20241028,0,11801.208388,11980.936257,11768.027858,11855.126748
20241029,0,11777.705513,11826.093785,11509.496231,11512.261275
20241030,0,11566.179636,11682.31149,11474.933179,11676.781401
20241031,0,11723.787152,11773.557946,11628.393129,11680.928968
20241101,0,11696.13671,11715.492019,11600.742688,11640.835828
20241104,0,11640.835828,11737.612372,11549.589371,11660.191137
20241105,0,11682.31149,11716.874541,11610.420342,11675.398879
20241106,0,11703.049321,11837.153962,11474.933179,11520.556408
20241107,0,11469.403091,11704.431843,11440.370127,11672.633835
20241108,0,11600.742688,11693.371666,11502.583621,11534.381628
20241111,0,11502.583621,11574.474768,11423.779863,11509.496231
20241112,0,11444.517694,11535.76415,11444.517694,11476.315701
20241113,0,11503.966143,11617.332952,11476.315701,11577.239812
20241114,0,11613.185386,11613.185386,11443.135172,11487.375878
20241115,0,11537.146672,11585.534945,11469.403091,11491.523444
20241118,0,11530.234062,11665.721225,11473.550657,11562.03207
20241119,0,11538.529194,11744.524983,11527.469018,11716.874541
20241120,0,11693.371666,11774.940468,11658.808615,11733.464806
20241121,0,11739.03493,11771.063139,11677.763573,11713.969375
20241122,0,11787.773509,11810.054002,11707.00672,11751.567707
20241125,0,11715.361905,11825.371841,11647.127895,11686.118758
20241126,0,11718.146967,11736.249868,11545.473144,11569.146168
20241127,0,11605.35197,11627.632463,11466.098886,11556.61339
20241128,0,11562.183514,11666.623326,11541.295551,11569.146168
20241129,0,11578.893884,11723.71709,11541.295551,11702.829128
20241202,0,11711.184313,11901.961037,11627.632463,11896.390914
20241203,0,11906.13863,11906.13863,11803.091348,11846.259804
20241204,0,11869.932828,11933.989246,11782.203385,11871.325359
20241205,0,11868.540297,11942.344431,11759.922892,11814.231595
20241206,0,11814.231595,11861.577643,11658.268141,11700.044066
20241209,0,11691.688881,11741.819991,11599.781846,11656.87561
20241210,0,11702.829128,11808.661471,11684.726227,11725.109621
20241211,0,11725.109621,11869.932828,11702.829128,11786.380978
20241212,0,11762.707954,11871.325359,11762.707954,11828.156903
20241213,0,11864.362705,11889.42826,11773.8482,11854.614989
20241216,0,11860.185112,11879.680544,11803.091348,11850.437396
20241217,0,11808.661471,11871.325359,11786.380978,11849.044865
20241218,0,11814.231595,11894.998383,11780.810855,11814.231595
20241219,0,11843.474742,11858.792581,11764.100485,11812.839064
20241220,0,11834.973438,11937.344921,11673.115824,11718.767972
20241223,0,11718.767972,11796.238283,11641.29766,11678.649418
20241224,0,11674.499222,11736.752151,11606.7127,11674.499222
20241225,0,11650.981449,11660.665238,11509.874811,11520.941998
20241226,0,11486.357038,11520.941998,11428.254305,11453.155476
20241227,0,11511.258209,11511.258209,11278.847276,11323.116025
20241230,0,11327.26622,11341.100204,11132.207044,11213.82755
20241231,0,11233.195128,11247.029112,11168.175403,11202.760363
20250102,0,11248.412511,11385.368954,11248.412511,11338.333408
20250103,0,11385.368954,11425.487508,11343.867001,11353.55079
20250106,0,11349.400595,11449.005281,11303.748447,11328.649619
20250107,0,11361.851181,11378.451962,11237.345323,11267.780088
20250108,0,11285.764268,11288.531065,11076.871107,11229.044933
20250109,0,11233.195128,11363.234579,11197.226769,11323.116025
20250110,0,11323.116025,11498.807624,11288.531065,11480.823444
20250113,0,11554.14356,11807.30547,11551.376763,11688.333206
20250114,0,11663.432035,11713.234378,11613.629692,11692.483402
20250115,0,11682.799613,11794.854884,11631.613871,11785.171096
20250116,0,11801.673085,11915.811849,11727.414131,11804.423417
20250117,0,11760.418111,11860.805216,11721.913468,11819.550241
20250120,0,11794.797256,11807.173749,11658.65584,11690.284654
20250121,0,11675.15783,11735.665126,11653.155177,11716.412804
20250122,0,11675.15783,11772.794603,11613.275368,11759.042945
20250123,0,11778.295266,11805.798583,11682.033659,11713.662473
20250124,0,11764.543608,11995.571466,11737.040292,11955.691657
20250127,0,12001.07213,12069.830421,11892.43403,11969.443316
20250205,0,11984.57014,12122.086722,11970.818482,12016.198954
20250206,0,11952.941326,11963.942652,11793.42209,11833.301899
20250207,0,11833.301899,11908.93602,11732.914794,11870.431376
20250210,0,11834.677065,11873.181708,11785.171096,11827.801236
20250211,0,11840.177728,11914.436683,11720.538302,11871.806542
20250212,0,11902.06019,11929.563507,11847.053558,11885.558201
20250213,0,11841.552894,11856.679718,11731.539628,11792.046925
20250214,0,11738.415458,11838.802563,11704.036312,11735.665126
20250217,0,11778.295266,11862.180382,11690.284654,11848.428723
20250218,0,11827.903671,11853.902071,11785.485229,11826.535334
20250219,0,11810.115292,11881.268808,11755.381818,11789.590239
20250220,0,11816.956976,11848.428723,11777.275207,11822.430323
20250221,0,11841.587039,11888.110492,11715.70005,11763.591839
20250224,0,11741.69845,11784.116892,11598.023081,11607.601439
20250225,0,11592.549734,11665.071586,11567.919671,11589.81306
20250226,0,11550.131292,11573.393018,11429.717649,11433.82266
20250227,0,11394.140891,11521.396218,11387.299207,11489.92447
20250228,0,11507.712849,11543.289607,11447.506028,11466.662744
20250303,0,11465.294407,11559.709649,11432.454323,11463.92607
20250304,0,11474.872765,11474.872765,11261.412218,11283.305607
20250305,0,11208.047081,11264.148891,11140.998576,11147.84026
20250306,0,11090.370112,11138.261902,10896.066281,11136.893565
20250307,0,11099.94847,11158.786954,11008.269902,11120.473523
20250310,0,11172.470323,11228.572133,11106.790154,11153.313607
20250311,0,11151.94527,11184.785354,10998.691544,11067.108386
20250312,0,11072.581733,11151.94527,10798.914365,10824.912765
20250313,0,10878.277902,11047.95167,10859.121186,11021.95327
20250314,0,11015.111586,11145.103586,11013.743249,11115.000175
20250317,0,11135.525228,11180.680344,10995.95487,11042.478323
20250318,0,11019.216596,11104.053481,10943.95807,11043.84666
20250319,0,11046.622891,11084.102008,10970.27654,11013.308119
20250320,0,11014.696235,11124.357357,10989.710156,11084.102008
20250321,0,11059.11593,11077.161431,10835.62934,10895.318305
20250324,0,10863.391649,10999.426965,10709.310832,10988.322041
20250325,0,10993.874503,11014.696235,10738.461257,10774.552259
20250326,0,10774.552259,10816.195723,10642.68129,10774.552259
20250327,0,10795.373991,10903.646997,10738.461257,10898.094536
20250328,0,10898.094536,11054.951583,10886.989612,10942.514231
20250331,0,10960.559732,10979.993348,10863.391649,10878.660919
20250401,0,10905.035113,11116.028664,10881.43715,11081.325777
20250402,0,11064.668392,11077.161431,10873.108457,10888.377727
20250403,0,10864.779764,10977.217117,10807.86703,10862.003533
20250407,0,10235.963458,10235.963458,10235.963458,10235.963458
20250408,0,9855.619819,10120.749874,9826.469395,10001.371944
20250409,0,9968.057172,10073.553948,9411.42287,9764.004199
20250410,0,9646.014384,10327.579078,9616.863959,10327.579078
20250411,0,10244.29215,10460.838163,10101.316257,10438.628316
20250414,0,10377.551235,10474.719318,10316.474155,10434.463969
20250415,0,10460.838163,10474.719318,10288.711845,10313.697924
20250416,0,10262.835852,10329.239112,10117.313813,10134.267837
20250417,0,10189.368415,10339.12896,10175.240061,10231.753474
20250418,0,10265.661522,10356.082984,10187.955579,10265.661522
20250421,0,10257.18451,10365.972831,10178.065732,10334.890454
20250422,0,10305.220912,10336.303289,10195.019756,10223.276462
20250423,0,10252.946004,10432.376092,10138.506343,10432.376092
20250424,0,10373.037008,10460.632798,10151.221861,10240.230486
20250425,0,10252.946004,10303.808076,10081.992929,10168.175885
20250428,0,10084.8186,10130.029331,9967.553267,10001.461315
20250429,0,9966.140432,10070.690247,9932.232384,9991.571468
20250430,0,9974.617444,10039.607869,9853.113606,9865.829123
20250506,0,9776.820498,9916.691195,9758.453638,9810.728546
20250507,0,9833.333911,10065.038905,9831.921076,9957.66342
20250508,0,9920.929701,9930.819549,9799.425863,9799.425863
20250509,0,9820.618393,9903.975677,9810.728546,9896.911501
20250512,0,9946.360737,10351.844478,9807.902875,10341.95463
20250513,0,10522.797553,10666.906757,10265.661522,10666.906757
20250514,0,10765.80523,11083.69318,10635.824379,10943.822482
20250515,0,10887.309069,11094.995862,10820.905808,10933.932634
20250516,0,10946.648152,11065.32632,10799.713278,10823.731479
20250519,0,10853.401021,11015.877084,10808.19029,10990.446048
20250520,0,11020.11559,11030.005437,10654.191239,10709.291817
20250521,0,10727.658676,10771.456571,10607.567673,10714.943158
20250522,0,10709.291817,10754.502547,10521.384718,10528.448894
20250523,0,10511.1086,10612.260318,10505.328501,10521.223771
20250526,0,10509.663575,10586.249876,10360.826046,10396.95166
20250527,0,10381.05639,10395.506635,10264.009401,10356.490972
20250528,0,10355.045948,10382.501414,10206.208419,10213.433542
20250529,0,10259.674327,10503.883477,10196.093247,10441.747421
20250530,0,10357.935997,10360.826046,10207.653443,10317.475309
20250603,0,10434.522298,10511.1086,10119.506946,10141.182314
20250604,0,10161.412658,10321.810383,10122.396995,10245.224082
20250605,0,10216.323591,10259.674327,10093.496504,10237.998959
20250606,0,10271.234524,10372.386242,10165.747731,10227.883787
20250609,0,10252.449205,10451.862593,10209.098468,10420.072053
20250610,0,10451.862593,10746.647602,10396.95166,10615.150367
20250611,0,10596.365048,10684.511546,10515.443673,10619.485441
20250612,0,10684.511546,10759.652823,10620.930466,10625.265539
20250613,0,10603.590171,11252.406195,10566.019533,11039.987586
20250616,0,11090.563445,11122.353986,10904.155278,10966.291334
20250617,0,10859.359517,10879.589861,10685.956571,10800.11351
20250618,0,10837.684149,11141.139305,10800.11351,11116.573887
20250619,0,11141.139305,11213.390532,11018.312218,11211.945508
20250620,0,11226.395753,11314.542251,11084.783347,11175.819894
20250623,0,11133.292827,11322.464952,11001.312275,11120.094772
20250624,0,11064.36965,11089.29931,10529.115187,10596.571914
20250625,0,10630.300277,10709.488609,10551.111946,10702.156356
20250626,0,10653.763486,10806.274347,10631.766728,10728.552466
20250627,0,10728.552466,10768.146632,10680.159597,10702.156356
20250630,0,10686.025399,10772.545984,10653.763486,10686.025399
20250701,0,10715.354411,10732.951818,10595.105463,10668.427992
20250702,0,10674.293795,10705.089257,10578.974507,10649.364135
20250703,0,10688.9583,10741.750521,10639.098981,10700.689905
20250704,0,10716.820861,10860.533019,10705.089257,10763.74728
20250707,0,10756.415027,10847.334963,10737.35117,10759.347928
20250708,0,10787.210489,10845.868513,10646.431234,10669.894443
20250709,0,10712.42151,10804.807896,10668.427992,10778.411786
20250710,0,10787.210489,11043.839342,10750.549225,11027.708385
20250711,0,10998.379373,11037.973539,10840.00271,10875.197524
20250714,0,10894.261382,11024.775484,10875.197524,10966.117461
20250715,0,10970.516812,11007.178077,10740.284071,10763.74728
20250716,0,10787.210489,10845.868513,10684.558949,10768.146632
20250717,0,10719.753763,10754.948577,10624.434475,10681.626048
20250718,0,10691.891202,10826.804655,10666.961542,10774.012434
20250721,0,10817.055052,11064.92116,10809.633911,11017.425857
20250722,0,10984.772837,11119.837603,10943.214448,11103.511093
20250723,0,11118.353374,11143.585254,10916.498341,10978.835925
20250724,0,10955.088273,11088.668811,10928.372166,11042.657737
20250725,0,11051.563106,11265.291965,11024.846998,11260.839281
20250728,0,11250.449683,11269.74465,10879.392636,10920.951025
20250729,0,10941.73022,10980.320153,10845.255387,10944.698676
20250730,0,10949.151361,11047.110421,10940.245992,10963.993643
20250731,0,10959.540958,11008.520488,10860.097669,10882.361092
20250801,0,10849.708072,10946.182904,10806.665454,10828.928877
20250804,0,10828.928877,10869.003038,10708.706394,10821.507736
20250805,0,10760.654381,10833.381562,10748.780555,10808.149683
20250806,0,10785.88626,10880.876864,10736.906729,10812.602367
20250807,0,10848.223844,10916.498341,10796.275857,10828.928877
20250808,0,10834.86579,10848.223844,10735.422501,10738.390958
20250811,0,10762.138609,10843.771159,10695.34834,10760.654381
20250812,0,10797.760085,10923.919481,10788.854716,10867.51881
20250813,0,10843.771159,10874.939951,10791.823173,10830.413105
20250814,0,10849.708072,10871.971495,10720.580219,10742.843642
20250815,0,10759.170152,10788.854716,10671.600689,10745.812099
20250818,0,10723.548676,10750.264783,10656.758407,10730.969817
20250819,0,10711.722768,10757.619576,10686.553551,10725.047648
20250820,0,10704.320057,10856.815903,10572.551802,10785.749878
20250821,0,10785.749878,10843.491023,10674.709213,10791.672047
20250822,0,10790.191504,10944.167893,10765.022287,10923.440302
20250825,0,10926.401386,11004.870122,10834.60777,10852.374277
20250826,0,10874.582409,10904.193253,10736.891985,10744.294696
20250827,0,10729.489275,10782.788793,10609.565357,10615.487526
20250828,0,10630.292948,10649.539996,10535.538247,10606.604272
20250829,0,10631.77349,10631.77349,10483.71927,10488.160897
20250901,0,10498.524692,10502.966319,10292.729328,10383.042401
20250902,0,10393.406197,10400.808908,10261.637941,10266.079568
