date,time,open,high,low,close
20230818,0,770,932.9,770,916.3
20230821,0,918,950,894.1,903.2
20230822,0,895.4,957,885,895.1
20230823,0,895,930.7,894.4,901.6
20230824,0,905,920.7,866,874.8
20230825,0,880,888,852,861.5
20230828,0,872.1,890,826.2,847.9
20230829,0,848.1,867.8,831.2,855.7
20230830,0,861.1,875,855.7,864
20230831,0,865,872,842.3,857.3
20230901,0,866.5,895.8,857.3,883.7
20230904,0,895,900,872.8,877.8
20230905,0,878,971.1,877.2,969
20230906,0,972,980.4,918,928.6
20230907,0,930,961,910,920.1
20230908,0,915,934.7,890.4,891
20230911,0,892.9,918.6,888.8,905.3
20230912,0,909,921.8,898,905.3
20230913,0,910,918.8,868.6,876.4
20230914,0,878,890.6,866,870.5
20230915,0,878,889.8,871.5,884.5
20230918,0,884.8,914.5,880,897.7
20230919,0,900,908.1,886,894.9
20230920,0,898,916,894,908.7
20230921,0,906,911.3,878.2,882
20230922,0,890,890,870,877.8
20230925,0,876.3,884.4,831.6,834.1
20230926,0,824,830,773.6,773.7
20230927,0,774.4,781.3,730.3,753.4
20230928,0,759.6,768,706.7,716.9
20231009,0,711,744.1,689,737
20231010,0,739.3,753,716.3,727.2
20231011,0,734,755.1,728,744
20231012,0,741,800.5,727.4,786.5
20231013,0,781,799.9,770.2,781.8
20231016,0,788,823,781.6,781.7
20231017,0,777.5,778,723.6,723.6
20231018,0,725,744,714,732.7
20231019,0,727.4,759.7,720,756.9
20231020,0,760,773.9,712,736.4
20231023,0,738.8,769.4,730.1,757.8
20231024,0,755,776.8,744.1,770.4
20231025,0,772.8,781.7,738.9,746.1
20231026,0,752,763,741.1,758.8
20231027,0,755,769,744.5,762.1
20231030,0,780,801,777,794
20231031,0,778,789.6,766.2,780.9
20231101,0,776,795,774.2,782.8
20231102,0,780,784.9,748,756.4
20231103,0,762.4,771.6,756.5,768.1
20231106,0,770,775.4,755,763.4
20231107,0,762.5,762.5,718,718.9
20231108,0,712,735.4,706,727.9
20231109,0,726,734.5,713.3,719.4
20231110,0,724,748.6,723.6,737.9
20231113,0,742,744.8,722.8,737.3
20231114,0,762,798.8,756.1,759.8
20231115,0,765,774.6,757.8,767
20231116,0,764,778,760.8,776.1
20231117,0,772,773,745.3,761.9
20231120,0,770,780.8,758.5,758.9
20231121,0,750.4,764.3,730.1,734
20231122,0,736,742.8,726,738.3
20231123,0,736.3,739.4,720,733.6
20231124,0,736,770,735,758.9
20231127,0,770,778.8,756.7,767
20231128,0,764,796,757.5,786.2
20231129,0,795,808.1,775.5,790.3
20231130,0,794.5,843,786.4,829
20231201,0,828,852.4,805,818.5
20231204,0,826.9,858,808,824.4
20231205,0,819,838,751.9,796
20231206,0,799,815,782,810.4
20231207,0,806,876,801.1,870.1
20231208,0,875.7,898,859.4,894
20231211,0,904.2,914.7,880.2,900.4
20231212,0,917,923,888.2,909.9
20231213,0,900.1,905,872.2,893
20231214,0,903,931.3,883,886
20231215,0,890,899.9,878,899.2
20231218,0,979.7,979.7,953,979.7
20231219,0,1088,1095.1,1030,1092.9
20231220,0,1110,1168.4,1075,1168.4
20231221,0,1166.9,1236.8,1150.3,1236.8
20231222,0,1278.4,1391.2,1262.8,1391.2
20231225,0,1348.5,1416,1163.8,1330
20231226,0,1330,1498.7,1314.3,1498.7
20231227,0,1587.7,1744.9,1552,1744.9
20231228,0,1660,1849,1570,1719.4
20231229,0,1671.2,1700,1510,1643
20240102,0,1850,1924.8,1850,1924.8
20240103,0,2345,2353.9,2216.6,2353.9
20240104,0,2549.8,2650,2110.3,2446.4
20240105,0,2379,2380,2187.8,2275.5
20240108,0,2335.4,2430,2129,2177.5
20240109,0,1900,1900,1773.4,1773.4
20240110,0,1512,1895,1506,1773.7
20240111,0,1848,1899,1754,1809
20240112,0,2006.7,2173.5,1900.3,2157.1
20240115,0,2300,2341.3,2056,2068.3
20240116,0,2269.8,2269.8,2020,2039.6
20240117,0,2015,2145,1900,1926.8
20240118,0,1950,1999,1888,1965.2
20240119,0,1985.6,1999,1850.7,1867.6
20240122,0,1820,1988,1755,1982.2
20240123,0,1991.1,2099,1892,2025.1
20240124,0,2000,2076.5,1957.7,1978.7
20240125,0,1978.8,2030,1948.8,1980.5
20240126,0,1998.8,2063.8,1950,1973.6
20240129,0,1974,1998,1883,1908
20240130,0,1900,1987,1850,1939.6
20240131,0,1950,1972,1859.6,1924.9
20240201,0,1900,1925,1881,1910.2
20240202,0,1808,1860,1651.6,1701.5
20240205,0,1750,1830,1719.3,1769.6
20240206,0,1780,1810.9,1755.2,1808.7
20240207,0,1846,2138.6,1830.6,2063
20240208,0,2064,2160,2040,2107.8
20240219,0,2150,2220,2120,2189.9
20240220,0,2149.9,2170,2030,2045.1
20240221,0,2030,2129.9,1983,2054.1
20240222,0,2049.9,2077.6,2000,2054.7
20240223,0,2049.9,2100,2024,2045
20240226,0,2002,2020,1940,1965.5
20240227,0,1949.9,1949.9,1862,1878
20240228,0,1886,1945,1886,1931.7
20240229,0,1931.3,1938,1890,1904
20240301,0,1800,1855.4,1758,1780
20240304,0,1802,1857,1731.8,1831
20240305,0,1850,1891.2,1795,1802.5
20240306,0,1731,1818.5,1731,1781.6
20240307,0,1802,1866.1,1781.4,1794.3
20240308,0,1808,1840.6,1802,1824
20240311,0,1829.5,1899,1806.2,1815
20240312,0,1755,1813,1755,1803.5
20240313,0,1790,1830,1760,1794.9
20240314,0,1830,1855,1760.2,1776
20240315,0,1799,1820,1696,1797.2
20240318,0,1791.8,1859.3,1778.2,1826.1
20240319,0,1908,1939.4,1861,1918
20240320,0,1925,1950,1880,1910.9
20240321,0,1935,2141.5,1913,2096.3
20240322,0,2084.9,2122.6,1991.5,2010.1
20240325,0,2056.044501,2192.754666,2039.980776,2160.065547
20240326,0,2103.898676,2129.84777,1965.840505,2007.291656
20240327,0,2033.240751,2089.407623,1943.373757,2074.579569
20240328,0,2074.579569,2110.189365,2000.663966,2038.857438
20240329,0,2027.624064,2088.284285,1983.252235,2059.751514
20240401,0,2076.826243,2148.944507,2051.21415,2106.594685
20240402,0,2135.464457,2302.729401,2135.464457,2294.416704
20240403,0,2302.841735,2357.548268,2248.921538,2299.584056
20240408,0,2141.418146,2262.626255,2098.394322,2193.428669
20240409,0,2203.089371,2257.795904,2196.124679,2213.985744
20240410,0,2302.841735,2367.995306,2280.599654,2337.665195
20240411,0,2359.008606,2387.092042,2289.586353,2308.233754
20240412,0,2387.092042,2463.25432,2316.321784,2462.35565
20240415,0,2505.042472,2570.196043,2420.792165,2569.072706
20240416,0,2577.048402,2634.450944,2508.412485,2556.940662
20240417,0,2566.826031,2634.226277,2488.192411,2625.351911
20240418,0,2606.030507,2736.449983,2581.092416,2733.079971
20240419,0,2740.943333,3077.944562,2718.588918,2953.478775
20240422,0,2954.265111,3037.504415,2821.823628,2890.459545
20240423,0,2964.936817,2975.945524,2808.343579,2872.373812
20240424,0,2881.472846,3024.024366,2844.290377,3012.341656
20240425,0,3089.177937,3225.888102,3011.779988,3162.19487
20240426,0,3188.031631,3368.888957,3107.151336,3349.118218
20240429,0,3349.118218,3368.327288,2945.390746,3127.708411
20240430,0,3224.090762,3357.655583,3157.926188,3350.466223
20240506,0,3353.274567,3486.839388,3273.405276,3483.357041
20240507,0,3485.940718,3537.389572,3383.492344,3481.110367
20240508,0,3504.812786,3590.7481,3432.694523,3589.063094
20240509,0,3556.036973,3942.802051,3556.036973,3916.178954
20240510,0,3931.68101,4066.481502,3806.990555,4017.054655
20240513,0,3999.081256,4531.8802,3999.081256,4503.347429
20240514,0,4574.689174,4763.177957,4211.796736,4346.578812
20240515,0,4420.210822,4624.044378,4200.345413,4618.891282
20240516,0,4878.37827,4949.147448,4466.016115,4501.515218
20240517,0,4695.042583,4706.493906,4390.437381,4584.537312
20240520,0,4660.688612,4803.715641,4431.662145,4799.822191
20240521,0,4809.555816,4995.067255,4662.864364,4911.358081
20240522,0,4924.06905,4943.650813,4673.628608,4746.573538
20240523,0,4717.945229,4790.088567,4530.143526,4727.106288
20240524,0,4790.088567,4860.514205,4696.187715,4843.108194
20240527,0,4901.166403,4957.277888,4815.281478,4939.070284
20240528,0,4958.42302,5088.968107,4769.476184,4801.997943
20240529,0,4798.104493,4920.633653,4706.493906,4878.263757
20240530,0,4855.36111,4940.100903,4689.316921,4738.557611
20240531,0,4738.557611,4925.214182,4667.33038,4921.206219
20240603,0,4901.166403,5028.505119,4695.042583,4796.501308
20240604,0,4864.522168,5307.688383,4783.217773,5284.671223
20240605,0,5267.608751,5267.608751,5015.679637,5130.192871
20240606,0,5148.514988,5299.672457,5140.499062,5258.447692
20240607,0,5205.771605,5426.782146,5205.771605,5414.414717
20240611,0,5405.024632,5495.375573,4809.555816,5060.912364
20240612,0,5077.631296,5243.560972,4961.858417,5233.598321
20240613,0,5348.913147,5359.219338,5109.580489,5325.895987
20240614,0,5370.670662,5439.378602,5303.107854,5433.423914
20240617,0,5439.493115,5548.166174,5290.511398,5535.569718
20240618,0,5645.616936,5757.725391,5574.504218,5757.725391
20240619,0,5751.885217,5793.224494,5597.292351,5631.073755
20240620,0,5668.405069,6069.544927,5656.953746,6066.796609
20240621,0,6041.718211,6066.911123,5852.771375,6057.521037
20240624,0,6055.459799,6209.480099,5994.767785,6182.569489
20240625,0,6069.201387,6112.945442,5983.316462,6063.361212
20240626,0,5989.042124,6040.573079,5792.766441,5896.515431
20240627,0,5840.17492,5971.865139,5763.451053,5952.283376
20240628,0,5971.865139,6061.185461,5908.88286,5984.461594
20240701,0,6092.104034,6166.537636,5974.498943,6094.394299
20240702,0,6251.048402,6388.807823,6169.973033,6384.11278
20240703,0,6361.210133,6469.997705,6330.29156,6449.61435
20240704,0,6398.9995,6654.364012,6345.17828,6628.942074
20240705,0,6498.740527,6610.04739,6298.227855,6528.284941
20240708,0,6410.33631,6410.450824,6155.086312,6218.068591
20240709,0,6269.599546,6433.35347,6263.873885,6418.237724
20240710,0,6527.254322,6640.622423,6494.732564,6579.128817
20240711,0,6559.318028,6577.411118,6094.394299,6284.486267
20240712,0,6315.40484,6355.484472,6126.458004,6298.113341
20240715,0,6673.906622,6889.110041,6323.144555,6624.819438
20240716,0,7072.130471,7181.032503,6582.884028,7133.570722
20240717,0,7133.570722,7312.690183,6842.948582,6900.650405
20240718,0,6826.694548,6859.202617,6262.842086,6330.13379
20240719,0,6176.533162,6249.676318,5867.706504,5973.357729
20240722,0,6012.367412,6170.031548,5446.239386,5496.951974
20240723,0,5711.667772,5942.475064,5254.929398,5485.57415
20240724,0,5526.371777,5900.214573,5371.958448,5881.359893
20240725,0,5881.359893,6209.041232,5632.023002,6050.239313
20240726,0,6066.168267,6176.533162,5690.537527,5941.0122
20240729,0,6111.517024,6621.893711,5965.230712,6381.333999
20240730,0,6291.936808,6339.073509,5831.947628,5953.852888
20240731,0,5867.706504,6192.787197,5640.150019,5697.526762
20240801,0,5697.526762,5810.817383,5516.619356,5713.293175
20240802,0,5671.032685,5978.071399,5623.895985,5937.598853
20240805,0,5853.077873,6028.621447,5699.802326,5826.583797
20240806,0,5875.833522,5978.23394,5775.221047,5894.850742
20240807,0,5956.345079,5966.564255,5715.56696,5749.093028
20240808,0,5418.852302,5557.438665,4899.825754,4939.088902
20240809,0,4910.582781,5125.723319,4705.840702,4929.407578
20240812,0,5000.224671,5109.229211,4912.91347,5077.316698
20240813,0,5177.715615,5430.864315,4960.782239,5052.396252
20240814,0,4840.662106,4993.05332,4715.163459,4889.427294
20240815,0,4751.020215,4867.554673,4604.007514,4775.582093
20240816,0,4799.426836,5019.945887,4772.534269,4799.426836
20240819,0,4819.148052,4930.303997,4365.560084,4528.708326
20240820,0,4482.094542,4693.649405,4330.061895,4629.107243
20240821,0,4625.521568,4783.291296,4446.237786,4749.227377
20240822,0,4768.948593,5014.567374,4681.09954,4893.01297
20240823,0,4840.662106,4930.303997,4670.342513,4738.47035
20240826,0,4762.135809,4994.666874,4738.47035,4920.264105
20240827,0,4838.869268,4838.869268,4517.951299,4616.557379
20240828,0,4589.664811,4598.629,4338.667517,4338.667517
20240829,0,4213.16887,4438.887151,4159.383735,4362.153692
20240830,0,4302.810761,4408.05034,4033.885088,4034.064372
20240902,0,3977.052129,4033.705804,3720.676321,3723.186294
20240903,0,3761.37374,3983.685629,3704.00293,3827.529455
20240904,0,3782.887794,3797.051212,3588.544174,3603.604012
20240905,0,3603.604012,3684.281714,3087.446005,3316.749961
20240906,0,3316.749961,3331.092664,3013.043235,3110.573612
20240909,0,3072.565451,3072.565451,2825.512399,2881.986791
20240910,0,2857.604196,3232.486584,2851.14998,3074.537572
20240911,0,3027.744505,3496.033743,2885.393183,3436.332244
20240912,0,3433.284419,3435.077257,3173.860787,3263.323394
20240913,0,3245.036449,3339.519002,3137.46618,3209.179692
20240918,0,3051.409964,3137.46618,2987.943506,3033.481586
20240919,0,3110.573612,3205.594017,2959.975236,3117.744964
20240920,0,3053.023518,3136.211193,3013.76037,3032.764451
20240923,0,3038.680816,3370.355812,3036.350127,3228.363057
20240924,0,3212.048233,3720.676321,3195.016274,3611.313215
20240925,0,3675.317525,3998.028332,3499.260851,3558.96235
20240926,0,3548.02604,3709.381443,3456.591311,3631.213714
20240927,0,3704.00293,3971.135764,3675.676092,3838.824334
20240930,0,4297.07368,4554.52519,4007.88894,4554.52519
20241008,0,4033.885088,4069.741844,3273.363286,3406.391852
20241009,0,3316.749961,3540.854688,3255.793476,3453.005635
20241010,0,3478.105365,3928.286941,3474.519689,3928.286941
20241011,0,4469.365394,4471.875367,4204.204681,4471.875367
20241014,0,4589.664811,5189.369061,4491.058731,4768.948593
20241015,0,4768.948593,5016.360212,4571.736433,4964.009348
20241016,0,4964.367915,5243.692047,4914.168456,5084.488049
20241017,0,5084.488049,5231.50075,4759.984404,4905.024983
20241018,0,4930.303997,5208.193858,4810.183863,5200.484656
20241021,0,5145.444535,5776.523446,5109.587778,5732.957487
20241022,0,5647.439123,5742.818095,5398.234667,5406.302437
20241023,0,5468.155342,5566.761422,5120.344805,5342.298127
20241024,0,5326.879722,5955.807228,5256.600479,5760.925757
20241025,0,5749.272311,5907.400607,5601.004624,5738.694568
20241028,0,5821.344392,6006.006687,5686.881555,5736.722447
20241029,0,5199.229669,5536.283179,5181.301291,5376.720613
20241030,0,5324.549032,5627.717907,5267.357506,5616.96088
20241031,0,5518.534084,5804.850284,5518.534084,5786.20477
20241101,0,5867.058223,6198.764695,5742.875612,5804.24131
20241104,0,5846.326568,6094.899106,5689.387944,5792.631583
20241105,0,5867.058223,6521.763872,5810.25349,6366.691096
20241106,0,6266.142572,6406.08124,6072.301602,6248.727982
20241107,0,6287.910809,6833.153322,6281.691313,6781.11687
20241108,0,6887.055624,7197.615809,6737.787712,6884.153193
20241111,0,6839.372819,7102.664831,6139.05753,6725.348719
20241112,0,6725.348719,6858.860574,6161.655033,6550.995505
20241113,0,6564.263764,6706.69023,6374.983758,6592.66613
20241114,0,6775.10469,6775.10469,6325.849737,6416.447067
20241115,0,6596.812461,6826.933826,6430.959225,6820.71433
20241118,0,6737.787712,6920.018955,6636.202605,6717.056057
20241119,0,6754.373035,6878.762962,6567.788145,6815.116783
20241120,0,6945.104257,7044.616198,6754.373035,6901.567782
20241121,0,6903.848264,6965.835911,6489.007858,6828.799675
20241122,0,6858.031308,6918.153106,6608.836821,6684.092727
20241125,0,6675.592748,6675.592748,5643.363671,5643.363671
20241126,0,5599.61988,5844.253403,5435.839809,5576.81506
20241127,0,5493.888442,6097.179588,5170.889265,5672.180671
20241128,0,5597.546714,5733.546368,5441.851989,5446.205637
20241129,0,5390.230169,5556.083405,5193.279452,5278.279235
20241202,0,5394.3765,5862.911892,5392.303335,5825.594914
20241203,0,5815.229087,5903.960568,5532.863952,5618.278369
20241204,0,5535.351751,5556.083405,5303.157221,5491.815276
20241205,0,5480.620183,5632.790527,5338.401033,5514.620096
20241206,0,5410.961824,5524.985924,5313.523048,5478.339701
20241209,0,5462.79096,5659.741678,5193.279452,5193.279452
20241210,0,5348.76686,5423.608133,5099.987006,5255.474415
20241211,0,5328.035206,5361.205853,4988.036072,5074.487071
20241212,0,5035.718878,5137.303985,4911.328951,5099.987006
20241213,0,5184.98679,5408.888658,5114.499165,5364.315601
20241216,0,5327.827889,5509.229866,5123.621093,5450.351967
20241217,0,5493.888442,5494.095758,5319.742544,5348.974177
20241218,0,5359.547321,5547.790744,5197.425783,5520.839593
20241219,0,5390.230169,5587.180887,5187.059955,5241.99884
20241220,0,5203.645279,5313.108415,5099.987006,5261.693912
20241223,0,5303.157221,5410.961824,5245.315904,5357.474155
20241224,0,5348.559544,5365.352184,4996.328734,5056.865165
20241225,0,5012.914058,5137.303985,4954.865425,5054.17005
20241226,0,5058.523697,5158.035639,4893.292411,4919.621612
20241227,0,4919.621612,5012.084791,4855.353483,4954.450792
20241230,0,4950.719094,4950.719094,4614.451658,4638.707694
20241231,0,4661.927147,4716.451398,4577.549313,4679.13442
20250102,0,4704.012406,4836.487678,4536.086004,4612.171176
20250103,0,4598.280968,4611.549226,4249.989172,4417.915573
20250106,0,4372.305934,4414.183876,4162.086957,4213.708777
20250107,0,4175.147899,4291.452481,4094.501763,4200.440518
20250108,0,4231.330683,4269.89156,4029.197052,4104.867591
20250109,0,4085.379835,4351.574279,3976.331333,4262.428165
20250110,0,4171.001568,4245.842841,4110.257821,4140.111403
20250113,0,4077.709123,4260.354999,4036.453131,4189.660057
20250114,0,4109.673131,4167.901162,3947.247571,3951.844521
20250115,0,3905.875022,4022.944011,3760.304945,3771.950551
20250116,0,3708.206181,3840.598335,3564.16842,3800.758103
20250117,0,3803.20981,3947.247571,3628.832181,3764.288968
20250120,0,3763.369578,3943.570011,3686.753748,3828.339802
20250121,0,3876.761007,4213.87066,3836.001385,4208.660783
20250122,0,4208.660783,4567.835795,4174.030428,4548.222143
20250123,0,4581.626645,4658.242475,4300.906243,4436.975957
20250124,0,4462.718876,4522.785687,4342.585255,4387.941826
20250127,0,4391.925849,4731.793672,4391.925849,4658.242475
20250205,0,4440.653517,4446.782784,4171.272258,4209.580173
20250206,0,4161.771895,4618.402243,4137.25483,4514.204714
20250207,0,4481.106675,5086.065271,4474.364482,5086.065271
20250210,0,4986.158228,5755.381163,4983.093595,5596.020236
20250211,0,5715.540931,5788.479202,5418.577974,5673.248993
20250212,0,5724.734831,5945.388422,5336.752267,5575.487194
20250213,0,5580.69707,5828.319433,5216.005719,5731.783487
20250214,0,5822.803094,6399.2606,5755.381163,6399.2606
20250217,0,6435.729735,6631.86626,5961.630978,6162.364453
20250218,0,6071.038383,6352.984638,6012.810352,6220.898947
20250219,0,6159.912746,6739.128422,6146.121897,6387.921457
20250220,0,6282.498075,6401.405843,6018.939619,6325.40294
20250221,0,6236.222113,6362.178538,6067.97375,6103.523495
20250224,0,6040.392051,6069.81253,5531.662939,5588.97158
20250225,0,5546.986105,5877.353565,5461.176375,5706.347032
20250226,0,5632.795835,5908.612823,5369.237379,5485.693441
20250227,0,5363.108112,5546.986105,5292.621549,5517.872089
20250228,0,5482.046435,5525.325749,5309.650501,5409.914245
20250303,0,5433.958308,5809.045696,5433.958308,5640.737253
20250304,0,5530.134562,5594.09177,4856.900789,4856.900789
20250305,0,4856.900789,5054.302549,4722.254034,5046.608449
20250306,0,5169.473612,5667.185723,5056.466514,5616.69319
20250307,0,5621.502002,5758.553163,5441.171527,5602.266752
20250310,0,5578.222688,5614.288783,5289.693929,5447.182543
20250311,0,5409.914245,5736.913506,5299.311554,5616.212308
20250312,0,5734.5091,5863.86616,5398.853976,5462.811184
20250313,0,5472.42881,5525.325749,5020.40042,5102.390675
20250314,0,5097.341422,5276.950575,5001.165169,5179.331678
20250317,0,5482.046435,5609.960852,5183.90005,5299.551995
20250318,0,5313.737992,5503.686092,5222.851433,5357.017306
20250319,0,5371.684185,5524.844868,4885.753665,4943.459417
20250320,0,4880.944852,4998.760763,4751.10691,4900.180103
20250321,0,5013.187201,5145.429549,4832.856726,4998.520322
20250324,0,5049.253295,5068.488546,4900.180103,4981.929918
20250325,0,4953.077042,5320.951211,4840.069945,5161.779512
20250326,0,5207.944113,5287.289522,5032.662892,5157.21114
20250327,0,5238.720514,5277.671897,5106.959047,5193.998557
20250328,0,5289.693929,5518.11253,5241.605802,5501.281686
20250331,0,5530.134562,5573.413876,5217.561739,5250.502105
20250401,0,5265.649865,5482.046435,5239.201396,5361.826119
20250402,0,5265.649865,5269.256475,5058.149599,5164.664799
20250403,0,4880.944852,5260.841053,4811.217069,5232.469058
20250407,0,4734.035625,4887.917631,4450.556119,4532.305934
20250408,0,4565.967623,4673.444586,4099.512795,4248.585987
20250409,0,4087.490763,4195.689048,3690.763718,4098.791473
20250410,0,4595.30138,4595.30138,4279.84327,4534.710341
20250411,0,4448.151713,4448.151713,4140.387702,4352.696781
20250414,0,4188.475829,4298.83808,4039.402636,4080.277544
20250415,0,4039.402636,4080.277544,3847.05013,3847.290571
20250416,0,3847.290571,3931.204351,3654.697623,3704.228394
20250417,0,3669.124061,3837.432505,3609.013903,3739.332726
20250418,0,3791.748784,3835.028098,3654.697623,3685.954906
20250421,0,3714.807782,3800.164206,3528.706732,3659.506436
20250422,0,3714.807782,3729.23422,3483.984774,3502.739143
20250423,0,3590.980856,3678.741687,3536.160391,3628.489594
20250424,0,3594.347024,3603.96465,3206.275843,3266.14556
20250425,0,3248.352953,3409.448178,3229.117703,3282.255083
20250428,0,3311.829281,3390.212927,3277.205829,3330.102769
20250429,0,3125.728231,3183.193542,3000.21822,3067.060716
20250430,0,3101.684167,3203.630996,3053.836481,3184.155304
20250506,0,3152.1767,3227.675059,3077.640104,3124.526027
20250507,0,3185.838389,3324.091753,3082.448917,3097.356236
20250508,0,3029.551977,3123.323824,2933.375724,3084.853323
20250509,0,3137.750262,3149.772294,2964.873447,3005.027033
20250512,0,3205.794961,3525.340563,3128.132637,3525.340563
20250513,0,3599.396278,3722.021001,3438.301054,3522.936156
20250514,0,3611.418309,4150.005328,3611.418309,4150.005328
20250515,0,4568.372029,4568.372029,4112.015708,4297.395436
20250516,0,4309.599288,4324.171053,3989.020474,4152.952822
20250519,0,3998.127827,4407.412256,3989.020474,4349.489493
20250520,0,4262.241054,4331.456935,4062.972178,4122.16997
20250521,0,4134.373823,4242.933467,3838.020567,3863.521154
20250522,0,3863.339007,4094.665765,3788.840862,4018.164003
20250523,0,4100.130177,4109.237529,3954.776828,4052.589796
20250526,0,4021.806944,4051.314766,3734.196746,3797.766068
20250527,0,3797.766068,3808.877038,3619.261955,3731.100246
20250528,0,3761.336657,3792.301656,3508.698694,3550.95681
20250529,0,3642.941072,3987.199003,3589.207691,3881.553712
20250530,0,3879.732242,3907.0543,3683.013424,3780.097803
20250603,0,3832.374008,3877.910771,3621.083426,3825.45242
20250604,0,3825.45242,4058.236354,3777.365598,4005.595856
20250605,0,3987.199003,4010.695973,3854.231654,3909.422212
20250606,0,3996.306356,3998.127827,3735.836069,3756.782981
20250609,0,3743.121952,3843.302831,3676.091836,3762.429539
20250610,0,3661.155777,3805.05195,3641.301749,3719.624982
20250611,0,3699.406659,3747.129187,3606.511661,3645.673278
20250612,0,3639.298131,3734.014599,3588.296956,3615.072573
20250613,0,3734.014599,4019.621179,3674.816807,3766.801069
20250616,0,3797.766068,3859.696066,3661.155777,3697.585188
20250617,0,3752.229304,3764.433157,3624.726367,3712.156952
20250618,0,3788.658715,3916.161653,3772.26548,3810.516361
20250619,0,3770.44401,3779.551362,3652.048425,3683.377718
20250620,0,3642.941072,3706.692541,3435.293431,3442.579313
20250623,0,3551.867545,3619.626249,3345.494934,3415.257255
20250624,0,3324.183728,3369.720492,3181.016144,3227.64579
20250625,0,3242.217554,3244.039025,3112.528852,3169.723027
20250626,0,3132.929322,3259.703671,3132.929322,3205.605996
20250627,0,3224.002849,3324.183728,3216.716967,3287.754318
20250630,0,3296.86167,3307.790493,3167.537262,3208.338202
20250701,0,3249.86773,3504.327164,3198.866555,3469.719224
20250702,0,3460.794019,3517.988193,3384.292256,3430.739755
20250703,0,3488.116077,3488.116077,3369.902639,3455.14746
20250704,0,3440.757843,3544.581663,3336.934022,3369.538345
20250707,0,3387.935197,3453.508136,3360.795286,3439.847107
20250708,0,3460.794019,3712.156952,3460.794019,3654.234189
20250709,0,3670.627424,3697.585188,3572.085868,3665.709454
20250710,0,3697.585188,3785.015774,3662.977248,3683.924159
20250711,0,3693.942247,3733.832452,3615.619014,3698.678071
20250714,0,3701.228129,3751.86501,3642.758925,3692.485071
20250715,0,3726.572703,4331.179649,3721.446743,4243.269441
20250716,0,4254.546552,4405.762363,4064.886043,4095.898099
20250717,0,4123.83458,4164.329661,3972.875066,4052.840038
20250718,0,4105.893721,4280.17635,4062.323063,4134.086499
20250721,0,4254.546552,4352.452382,4070.012003,4082.058008
20250722,0,4126.397559,4176.375666,3911.107252,3967.492809
20250723,0,3990.303329,4070.012003,3773.731532,3939.30003
20250724,0,3895.729373,4121.2716,3895.729373,4059.503785
20250725,0,4023.878365,4062.323063,3847.032756,3914.951722
20250728,0,3852.158715,3900.855333,3600.98669,3851.646119
20250729,0,3808.588058,3848.826842,3726.572703,3741.950582
20250730,0,3767.58038,3980.05141,3703.505884,3764.248507
20250731,0,3716.320783,3729.135683,3590.734771,3652.502585
20250801,0,3641.481772,3740.669092,3591.759963,3649.683307
20250804,0,3628.92317,3670.187146,3526.660274,3644.044752
20250805,0,3588.171791,3677.619788,3559.466416,3621.490529
20250806,0,3597.911114,3759.378845,3542.038153,3639.687686
20250807,0,3618.927549,3670.187146,3592.016261,3640.45658
20250808,0,3600.98669,3812.945124,3590.478473,3680.439065
20250811,0,3665.317484,3777.8323,3608.67563,3610.726013
20250812,0,3616.364569,3677.36349,3565.104972,3633.280236
20250813,0,3598.936306,3621.490529,3400.305368,3416.708439
20250814,0,3452.077561,3511.282395,3429.26704,3484.371107
20250815,0,3461.04799,3557.416033,3439.518959,3520.509123
20250818,0,3513.332779,3594.835538,3468.224334,3519.227633
20250819,0,3558.697523,3573.05021,3461.304288,3512.051289
20250820,0,3503.593456,3533.067724,3434.393,3472.837698
20250821,0,3470.274718,3505.64384,3362.629564,3395.948302
20250822,0,3398.511282,3452.333859,3339.562745,3354.940624
20250825,0,3390.822342,3535.374406,3389.028256,3480.526637
20250826,0,3447.207899,3456.434626,3365.192544,3380.314125
20250827,0,3403.124646,3436.95598,3371.856291,3372.881483
20250828,0,3370.318503,3381.083019,3270.362289,3293.429108
20250829,0,3306.244007,3331.617508,3206.287793,3231.917592
20250901,0,3249.345855,3357.247306,3247.808067,3309.832179
20250902,0,3306.756603,3641.994368,3306.500305,3436.187086
