date,time,open,high,low,close
20181210,0,5600,5781,5550,5674
20181211,0,5618,5680,5497,5541
20181212,0,5580,5598,5513,5544
20181213,0,5519,5646,5475,5591
20181214,0,5647,5666,5583,5606
20181217,0,5592,5637,5566,5618
20181218,0,5588,5628,5570,5627
20181219,0,5579,5635,5551,5620
20181220,0,5628,5635,5564,5576
20181221,0,5561,5576,5320,5418
20181224,0,5380,5385,5306,5332
20181225,0,5200,5231,5128,5174
20181226,0,5200,5229,5128,5152
20181227,0,5301,5377,5135,5135
20181228,0,5141,5166,5088,5134
20190102,0,5105,5134,5046,5046
20190103,0,5093,5152,5068,5127
20190104,0,5150,5181,5094,5152
20190107,0,5167,5200,5125,5133
20190108,0,5140,5168,5066,5080
20190109,0,5136,5187,5111,5122
20190110,0,5162,5168,5087,5092
20190111,0,5080,5135,5067,5117
20190114,0,5125,5177,5096,5143
20190115,0,5141,5236,5129,5221
20190116,0,5225,5243,5193,5226
20190117,0,5210,5225,5155,5159
20190118,0,5139,5176,5117,5156
20190121,0,5219,5323,5188,5273
20190122,0,5273,5457,5260,5277
20190123,0,5240,5280,5222,5254
20190124,0,5239,5273,5206,5245
20190125,0,5275,5323,5232,5234
20190128,0,5254,5264,5175,5180
20190129,0,5150,5198,5136,5157
20190130,0,5181,5239,5171,5207
20190131,0,5230,5289,5229,5279
20190201,0,5290,5330,5265,5322
20190211,0,5295,5299,5216,5223
20190212,0,5245,5274,5228,5234
20190213,0,5200,5225,5151,5162
20190214,0,5173,5195,5135,5170
20190215,0,5159,5180,5092,5131
20190218,0,5170,5184,5032,5039
20190219,0,5046,5074,5007,5064
20190220,0,5069,5082,5044,5054
20190221,0,5104,5148,5084,5123
20190222,0,5123,5169,5116,5142
20190225,0,5157,5187,5120,5135
20190226,0,5098,5168,5084,5158
20190227,0,5170,5183,5145,5153
20190228,0,5170,5216,5154,5175
20190301,0,5195,5298,5186,5290
20190304,0,5285,5421,5265,5351
20190305,0,5320,5350,5304,5333
20190306,0,5325,5438,5312,5432
20190307,0,5412,5428,5303,5336
20190308,0,5281,5320,5254,5298
20190311,0,5330,5330,5242,5267
20190312,0,5276,5301,5253,5270
20190313,0,5266,5287,5226,5241
20190314,0,5257,5270,5216,5221
20190315,0,5189,5202,5112,5137
20190318,0,5120,5156,5115,5127
20190319,0,5143,5145,5093,5107
20190320,0,5110,5148,5089,5147
20190321,0,5164,5176,5147,5157
20190322,0,5153,5163,5111,5126
20190325,0,5100,5125,5057,5113
20190326,0,5125,5130,5061,5063
20190327,0,5050,5076,4976,4983
20190328,0,4954,4980,4810,4814
20190329,0,4812,4909,4812,4842
20190401,0,4863,4889,4813,4875
20190402,0,4875,4900,4828,4843
20190403,0,4830,4876,4829,4853
20190404,0,4841,4916,4761,4898
20190408,0,4950,4968,4841,4857
20190409,0,4856,4910,4852,4873
20190410,0,4870,4905,4855,4871
20190411,0,4871,4879,4805,4827
20190412,0,4816,4836,4763,4828
20190415,0,4850,4855,4742,4772
20190416,0,4765,4774,4677,4707
20190417,0,4707,4738,4695,4704
20190418,0,4700,4737,4658,4707
20190419,0,4715,4745,4710,4730
20190422,0,4733,4797,4718,4736
20190423,0,4736,4752,4714,4733
20190424,0,4723,4728,4665,4679
20190425,0,4682,4693,4622,4627
20190426,0,4664,4664,4520,4549
20190429,0,4542,4653,4539,4644
20190430,0,4646,4654,4612,4617
20190506,0,4587.660877,4621.889854,4563.211608,4592.550731
20190507,0,4588.638848,4620.911883,4588.638848,4608.198263
20190508,0,4593.528702,4632.647532,4593.528702,4629.71362
20190509,0,4629.71362,4634.603474,4587.660877,4598.418555
20190510,0,4602.330438,4656.118831,4594.506672,4614.066088
20190513,0,4609.176234,4614.066088,4479.106122,4481.062063
20190514,0,4470.304385,4510.401186,4310.895149,4339.256302
20190515,0,4351.969922,4393.044694,4340.234272,4356.859775
20190516,0,4351.969922,4417.493963,4332.410506,4384.242957
20190517,0,4393.044694,4400.86846,4297.203559,4306.983266
20190520,0,4308.939208,4373.485279,4297.203559,4322.630799
20190521,0,4318.718915,4366.639483,4308.939208,4349.036009
20190522,0,4347.080068,4367.617454,4260.040669,4309.917179
20190523,0,4312.851091,4329.476594,4276.666172,4306.005295
20190524,0,4300.137471,4427.273671,4298.181529,4424.339759
20190527,0,4429.229612,4462.480619,4392.066723,4403.802372
20190528,0,4417.493963,4424.339759,4329.476594,4359.793688
20190529,0,4360.771659,4419.449905,4359.793688,4390.110782
20190530,0,4374.463249,4403.802372,4356.859775,4386.198899
20190531,0,4386.198899,4429.229612,4367.617454,4393.044694
20190603,0,4393.044694,4400.86846,4283.511968,4317.740945
20190604,0,4330.454565,4388.15484,4307.961237,4347.080068
20190605,0,4351.969922,4361.749629,4234.613429,4247.327049
20190606,0,4233.635459,4285.467909,4218.965897,4272.754289
20190610,0,4315.785003,4322.630799,4270.798348,4290.357763
20190611,0,4291.335734,4325.564711,4273.73226,4310.895149
20190612,0,4310.895149,4334.366448,4265.908494,4287.423851
20190613,0,4277.644143,4317.740945,4264.930523,4306.005295
20190614,0,4312.851091,4325.564711,4235.5914,4273.73226
20190617,0,4263.952552,4294.269646,4256.128786,4273.73226
20190618,0,4282.533997,4344.146155,4269.820377,4319.696886
20190619,0,4331.432535,4405.758314,4319.696886,4360.771659
20190620,0,4361.749629,4393.044694,4352.947892,4388.15484
20190621,0,4400.86846,4415.538022,4325.564711,4339.256302
20190624,0,4350.01398,4477.15018,4349.036009,4466.392502
20190625,0,4465.414531,4492.797712,4413.58208,4431.185554
20190626,0,4437.053379,4454.656852,4375.44122,4441.943232
20190627,0,4435.097437,4477.15018,4378.375132,4392.066723
20190628,0,4395.000635,4418.471934,4287.423851,4310.895149
20190701,0,4315.785003,4366.639483,4283.511968,4344.146155
20190702,0,4351.969922,4425.317729,4306.983266,4402.824402
20190703,0,4391.088752,4398.912519,4292.313705,4339.256302
20190704,0,4337.30036,4386.198899,4300.137471,4378.375132
20190705,0,4381.309045,4416.515992,4356.859775,4389.132811
20190708,0,4387.176869,4407.714255,4322.630799,4337.30036
20190709,0,4337.30036,4350.01398,4148.552002,4148.552002
20190710,0,4136.816352,4183.758949,4058.578691,4171.045329
20190711,0,4171.045329,4214.076043,4120.190849,4186.692862
20190712,0,4195.494599,4198.428511,4147.574031,4179.847066
20190715,0,4177.891125,4226.789663,4169.089388,4201.362423
20190716,0,4213.098072,4220.921839,4151.485914,4183.758949
20190717,0,4194.516628,4279.600085,4185.714891,4263.952552
20190718,0,4272.754289,4296.225588,4223.855751,4273.73226
20190719,0,4273.73226,4443.899174,4254.172845,4397.934548
20190722,0,4389.132811,4472.260326,4324.58674,4387.176869
20190723,0,4395.978606,4443.899174,4296.225588,4296.225588
20190724,0,4292.313705,4350.991951,4273.73226,4331.432535
20190725,0,4335.344419,4384.242957,4329.476594,4347.080068
20190726,0,4356.859775,4389.132811,4307.961237,4365.661512
20190729,0,4372.507308,4483.018005,4372.507308,4460.524677
20190730,0,4466.392502,4607.220292,4402.824402,4423.361788
20190731,0,4429.229612,4465.414531,4386.198899,4395.978606
20190801,0,4401.846431,4416.515992,4332.410506,4347.080068
20190802,0,4347.080068,4362.7276,4244.393137,4311.87312
20190805,0,4313.83887,4329.564872,4201.791107,4229.311611
20190806,0,4229.311611,4291.232743,4216.534234,4284.352617
20190807,0,4277.472491,4289.266993,4250.934863,4278.455366
20190808,0,4273.540991,4302.044369,4244.054737,4298.112869
20190809,0,4300.078619,4363.965501,4238.157487,4363.965501
20190812,0,4365.931251,4420.972258,4349.222374,4389.520254
20190813,0,4393.451754,4409.177756,4367.897002,4380.674378
20190814,0,4378.708628,4467.167388,4355.119625,4378.708628
20190815,0,4373.794252,4435.715384,4353.153875,4435.715384
20190816,0,4430.801009,4503.533767,4417.040757,4479.944764
20190819,0,4481.910515,4515.328268,4450.458511,4475.030389
20190820,0,4477.979014,4497.636516,4454.390011,4485.842015
20190821,0,4483.876265,4500.585142,4412.126382,4489.773516
20190822,0,4498.619392,4521.225519,4448.492761,4473.064639
20190823,0,4470.116013,4496.653641,4427.852383,4467.167388
20190826,0,4457.338637,4553.660398,4442.59551,4542.848772
20190827,0,4546.780272,4559.557649,4481.910515,4495.670766
20190828,0,4497.636516,4545.797397,4452.424261,4535.968646
20190829,0,4538.917271,4578.232276,4498.619392,4504.516642
20190830,0,4515.328268,4550.711773,4485.842015,4497.636516
20190902,0,4497.636516,4544.814522,4490.756391,4540.883021
20190903,0,4543.831647,4549.728897,4488.79064,4503.533767
20190904,0,4501.568017,4515.328268,4466.184513,4508.448143
20190905,0,4519.259769,4619.51303,4503.533767,4557.591898
20190906,0,4557.591898,4653.913659,4556.609023,4596.906903
20190909,0,4596.906903,4687.331413,4591.009652,4685.365663
20190910,0,4694.211539,4727.629293,4640.153408,4664.725286
20190911,0,4666.691036,4703.057415,4617.54728,4698.143039
20190912,0,4693.228664,4707.971791,4643.102033,4672.588287
20190916,0,4906.512563,4907.495438,4776.773048,4907.495438
20190917,0,5061.806831,5273.12498,5034.286328,5230.861351
20190918,0,5238.724352,5243.638727,4935.998817,4995.954199
20190919,0,4934.033067,5029.371952,4914.375564,4975.313821
20190920,0,5027.406202,5040.183579,4909.461189,4923.22144
20190923,0,4918.307065,5002.834324,4894.718062,4985.142572
20190924,0,4985.142572,5030.354828,4942.878943,4993.005573
20190925,0,4993.005573,5091.293085,4978.262447,5084.412959
20190926,0,5081.464333,5100.138961,4833.779805,4896.683812
20190927,0,4895.700937,4912.409814,4830.83118,4884.889311
20190930,0,4855.403058,4930.101566,4855.403058,4897.666687
20191008,0,4845.574306,4902.581063,4838.694181,4893.735187
20191009,0,4888.820811,4904.546813,4864.248934,4889.803686
20191010,0,4894.718062,4920.272815,4716.817667,4731.560793
20191011,0,4727.629293,4753.184046,4636.221907,4691.262914
20191014,0,4683.399913,4699.125915,4585.112401,4605.752779
20191015,0,4588.061027,4629.341782,4543.831647,4576.266525
20191016,0,4590.026777,4599.855528,4501.568017,4505.499517
20191017,0,4505.499517,4525.15702,4437.681135,4475.030389
20191018,0,4481.910515,4517.294019,4474.047514,4488.79064
20191021,0,4493.705016,4506.482392,4385.588754,4437.681135
20191022,0,4435.715384,4468.150263,4419.989383,4451.441386
20191023,0,4464.218763,4485.842015,4425.886633,4452.424261
20191024,0,4457.338637,4517.294019,4444.56126,4509.431018
20191025,0,4519.259769,4560.540524,4491.739266,4500.585142
20191028,0,4512.379643,4594.941153,4502.550892,4541.865897
20191029,0,4551.694648,4570.369275,4455.372887,4477.979014
20191030,0,4473.064639,4535.968646,4448.492761,4509.431018
20191031,0,4509.431018,4515.328268,4473.064639,4496.653641
20191101,0,4486.82489,4496.653641,4427.852383,4487.807765
20191104,0,4494.687891,4516.311144,4460.287262,4465.201638
20191105,0,4479.944764,4505.499517,4454.390011,4476.013264
20191106,0,4491.739266,4497.636516,4393.451754,4395.417505
20191107,0,4393.451754,4412.126382,4330.547747,4379.691503
20191108,0,4391.486004,4407.212006,4355.119625,4361.999751
20191111,0,4357.085375,4400.33188,4334.479248,4374.777127
20191112,0,4378.708628,4445.544135,4351.188125,4438.66401
20191113,0,4442.59551,4530.071395,4427.852383,4459.304387
20191114,0,4467.167388,4521.225519,4437.681135,4520.242644
20191115,0,4526.139895,4563.489149,4483.876265,4492.722141
20191118,0,4487.807765,4546.780272,4441.612635,4502.550892
20191119,0,4504.516642,4522.208394,4475.030389,4514.345393
20191120,0,4507.465268,4535.968646,4447.509886,4523.191269
20191121,0,4523.191269,4566.437774,4470.116013,4472.081763
20191122,0,4472.081763,4517.294019,4390.503129,4425.886633
20191125,0,4426.869508,4450.458511,4405.246256,4442.59551
20191126,0,4444.56126,4482.89339,4404.263381,4413.109257
20191127,0,4413.109257,4507.465268,4403.280506,4466.184513
20191128,0,4477.979014,4561.523399,4468.150263,4559.557649
20191129,0,4566.437774,4588.061027,4508.448143,4521.225519
20191202,0,4521.225519,4579.215151,4496.653641,4569.3864
20191203,0,4571.35215,4717.800542,4571.35215,4670.622536
20191204,0,4658.828035,4701.091665,4630.324657,4639.170533
20191205,0,4648.999284,4659.81091,4545.797397,4554.643273
20191206,0,4561.710997,4597.049617,4558.681972,4596.039942
20191209,0,4598.059292,4683.881654,4597.049617,4663.688157
20191210,0,4666.717182,4738.404097,4650.562384,4689.939704
20191211,0,4730.326698,4730.326698,4664.697832,4680.85263
20191212,0,4686.910679,4754.558894,4642.484985,4753.54922
20191213,0,4753.54922,4753.54922,4612.19474,4633.397912
20191216,0,4630.368887,4684.891329,4630.368887,4663.688157
20191217,0,4664.697832,4679.842955,4652.581734,4671.765556
20191218,0,4731.336373,4768.694342,4678.83328,4688.930029
20191219,0,4688.930029,4706.094501,4642.484985,4688.930029
20191220,0,4690.949378,4698.017102,4639.455961,4656.620433
20191223,0,4647.53336,4673.784906,4602.097991,4616.233439
20191224,0,4623.301163,4669.746206,4609.165715,4662.678483
20191225,0,4667.726857,4667.726857,4599.068967,4600.078641
20191226,0,4602.097991,4618.252789,4569.788396,4610.17539
20191227,0,4608.15604,4662.678483,4596.039942,4630.368887
20191230,0,4628.349537,4694.988078,4621.281813,4685.901004
20191231,0,4685.901004,4694.988078,4615.223764,4635.417261
20200102,0,4638.446286,4678.83328,4628.349537,4675.804256
20200103,0,4674.794581,4728.307348,4656.620433,4700.036452
20200106,0,4706.094501,4829.274834,4676.81393,4798.984588
20200107,0,4783.839465,4784.84914,4724.268649,4757.587919
20200108,0,4757.587919,4987.793786,4750.520195,4839.371582
20200109,0,4816.149061,4873.700527,4775.762066,4815.139386
20200110,0,4819.178085,4952.455166,4808.071662,4939.329393
20200113,0,4937.310043,5036.258179,4908.029472,4968.609964
20200114,0,4973.658338,4977.697037,4886.8263,4913.077847
20200115,0,4913.077847,4915.097196,4830.284509,4863.603779
20200116,0,4858.555404,4879.758576,4780.810441,4808.071662
20200117,0,4806.052312,4839.371582,4795.955563,4818.16841
20200120,0,4816.149061,4841.390932,4756.578244,4774.752391
20200121,0,4764.655643,4774.752391,4682.87198,4733.355722
20200122,0,4735.375072,4737.394422,4654.601084,4728.307348
20200123,0,4717.200925,4744.462146,4649.552709,4721.239624
20200203,0,4426.414566,4459.733837,4426.414566,4426.414566
20200204,0,4285.060087,4432.472615,4285.060087,4402.18237
20200205,0,4398.14367,4502.14018,4398.14367,4415.308143
20200206,0,4436.511315,4454.685462,4407.230744,4441.559689
20200207,0,4428.433916,4460.743511,4340.592204,4447.617738
20200210,0,4442.569364,4469.830585,4430.453266,4443.579039
20200211,0,4438.530665,4486.995058,4434.491965,4449.637088
20200212,0,4452.666113,4495.072457,4426.414566,4454.685462
20200213,0,4464.782211,4485.985383,4452.666113,4466.801561
20200214,0,4469.830585,4480.937009,4428.433916,4458.724162
20200217,0,4471.849935,4517.285303,4454.685462,4514.256279
20200218,0,4511.227254,4530.411076,4457.714487,4472.85961
20200219,0,4481.946683,4507.188555,4475.888634,4496.082131
20200220,0,4518.294978,4543.53685,4472.85961,4532.430426
20200221,0,4531.420751,4568.778721,4513.246604,4559.691647
20200224,0,4533.440101,4556.662623,4472.85961,4501.130506
20200225,0,4472.85961,4528.391727,4450.646763,4526.372377
20200226,0,4512.236929,4538.488475,4457.714487,4460.743511
20200227,0,4436.511315,4463.772536,4419.346842,4433.48229
20200228,0,4392.085621,4429.443591,4324.437406,4377.950173
20200302,0,4361.795376,4431.462941,4361.795376,4409.250094
20200303,0,4442.569364,4465.791886,4387.037247,4406.221069
20200304,0,4422.375867,4451.656438,4379.969523,4396.124321
20200305,0,4408.240419,4413.288793,4368.8631,4381.988873
20200306,0,4353.717977,4360.785701,4295.156835,4327.46643
20200309,0,4108.366987,4108.366987,4108.366987,4108.366987
20200310,0,3796.377457,4200.247399,3796.377457,4161.879754
20200311,0,4173.995852,4189.140975,4074.038042,4093.221864
20200312,0,4053.844545,4088.17349,3942.780311,4038.699422
20200313,0,4000.331777,4057.883244,3962.973808,4039.709097
20200316,0,4014.467225,4028.602673,3931.673887,3932.683562
20200317,0,3925.615838,3943.789985,3811.522579,3875.132095
20200318,0,3828.687052,3885.228844,3728.729241,3735.796965
20200319,0,3672.187449,3715.603468,3625.742406,3625.742406
20200320,0,3749.932413,3755.990462,3638.868179,3701.46802
20200323,0,3586.365087,3586.365087,3494.484675,3507.610448
20200324,0,3584.345737,3584.345737,3237.017587,3394.526864
20200325,0,3392.507514,3439.962233,3312.743201,3344.043121
20200326,0,3323.849624,3403.613938,3276.394906,3311.733526
20200327,0,3298.607753,3326.878649,3146.14685,3192.591893
20200330,0,3089.605058,3121.914653,2954.308627,2963.395701
20200331,0,3004.79237,3215.814415,2978.540824,3151.195224
20200401,0,3134.030751,3160.282298,3067.392211,3143.117825
20200402,0,3140.0888,3397.555889,3133.021076,3390.488165
20200403,0,3382.410766,3394.526864,3258.220759,3369.284993
20200407,0,3468.719056,3478.280024,3365.460606,3403.704476
20200408,0,3346.33867,3436.211766,3307.138703,3385.538638
20200409,0,3419.958121,3467.762959,3399.880089,3446.72883
20200410,0,3362.592315,3493.577572,3331.997219,3477.323927
20200413,0,3508.87512,3586.318958,3344.426477,3350.163057
20200414,0,3349.206961,3435.255669,3334.865509,3419.958121
20200415,0,3372.153283,3459.158088,3351.119154,3399.880089
20200416,0,3373.10938,3433.343476,3352.075251,3397.011799
20200417,0,3419.958121,3537.558023,3417.089831,3480.192217
20200420,0,3470.63125,3563.372636,3445.772734,3549.031184
20200421,0,3505.050733,3553.811668,3288.972865,3357.811832
20200422,0,3249.772897,3297.577735,3124.524221,3150.338834
20200423,0,3219.177801,3417.089831,3218.221704,3364.504509
20200424,0,3386.494734,3409.441057,3240.21193,3257.421671
20200427,0,3252.641188,3340.60209,3224.914381,3302.358219
20200428,0,3283.236284,3346.33867,3257.421671,3346.33867
20200429,0,3380.758154,3466.806862,3379.802057,3442.904443
20200430,0,3526.084862,3535.645829,3424.738605,3504.094636
20200506,0,3614.045764,3617.870151,3504.094636,3534.689733
20200507,0,3503.138539,3575.801893,3499.314152,3527.997055
20200508,0,3571.977506,3572.933603,3472.543443,3504.094636
20200511,0,3500.270249,3521.304378,3428.562992,3451.509314
20200512,0,3448.641024,3467.762959,3405.61667,3436.211766
20200513,0,3441.948347,3484.972701,3382.670347,3446.72883
20200514,0,3461.070282,3518.436088,3425.694702,3515.567797
20200515,0,3518.436088,3582.494571,3484.972701,3567.197023
20200518,0,3554.767765,3589.187248,3505.050733,3531.821442
20200519,0,3544.2507,3612.13357,3509.831217,3536.601926
20200520,0,3540.426313,3626.475022,3540.426313,3581.538474
20200521,0,3590.143345,3669.499376,3584.406764,3632.211602
20200522,0,3641.77257,3652.289635,3522.260475,3541.38241
20200525,0,3566.240926,3601.616506,3540.426313,3570.065313
20200526,0,3556.679958,3598.748216,3549.987281,3570.065313
20200527,0,3570.065313,3620.738441,3544.2507,3579.626281
20200528,0,3571.02141,3584.406764,3506.00683,3581.538474
20200529,0,3589.187248,3599.704313,3537.558023,3553.811668
20200601,0,3542.338507,3629.343312,3542.338507,3626.475022
20200602,0,3609.26528,3638.90428,3586.318958,3600.660409
20200603,0,3611.177474,3678.104247,3589.187248,3650.377441
20200604,0,3633.167699,3642.728667,3590.143345,3601.616506
20200605,0,3602.572603,3620.738441,3563.372636,3573.8897
20200608,0,3604.484796,3633.167699,3573.8897,3606.39699
20200609,0,3591.099442,3606.39699,3532.777539,3546.162894
20200610,0,3537.558023,3580.582377,3535.645829,3561.460442
20200611,0,3575.801893,3575.801893,3508.87512,3522.260475
20200612,0,3499.314152,3517.479991,3398.923992,3484.016604
20200615,0,3489.753185,3523.216572,3432.387379,3451.509314
20200616,0,3448.641024,3515.567797,3428.562992,3501.226346
20200617,0,3518.436088,3521.304378,3457.245895,3482.104411
20200618,0,3485.928798,3518.436088,3465.850766,3513.655604
20200619,0,3523.216572,3585.362861,3496.445862,3565.284829
20200622,0,3571.02141,3572.933603,3521.304378,3536.601926
20200623,0,3536.601926,3557.636055,3519.392184,3541.38241
20200624,0,3548.075087,3551.899474,3504.094636,3511.74341
20200629,0,3473.49954,3499.314152,3425.694702,3437.167863
20200630,0,3444.816637,3466.806862,3443.86054,3446.72883
20200701,0,3432.387379,3459.158088,3413.265444,3441.948347
20200702,0,3439.080056,3464.894669,3385.538638,3455.333701
20200703,0,3455.333701,3482.104411,3444.816637,3456.289798
20200706,0,3457.245895,3496.445862,3428.562992,3470.63125
20200707,0,3468.719056,3473.49954,3369.284993,3392.231315
20200708,0,3392.231315,3435.255669,3388.406928,3410.397153
20200709,0,3411.35325,3428.562992,3381.714251,3416.133734
20200710,0,3412.309347,3418.045928,3310.96309,3326.260638
20200713,0,3331.041122,3375.021573,3331.041122,3375.021573
20200714,0,3373.10938,3394.143509,3314.787477,3388.406928
20200715,0,3379.802057,3441.948347,3375.021573,3426.650798
20200716,0,3432.387379,3434.299573,3406.572766,3418.045928
20200717,0,3419.958121,3455.333701,3375.021573,3401.792283
20200720,0,3416.133734,3470.63125,3403.704476,3419.958121
20200721,0,3419.958121,3456.289798,3415.177637,3440.036153
20200722,0,3461.070282,3500.270249,3450.553218,3481.148314
20200723,0,3466.806862,3513.655604,3427.606895,3503.138539
20200724,0,3497.401959,3579.626281,3471.587346,3547.118991
20200727,0,3546.162894,3581.538474,3535.645829,3565.284829
20200728,0,3576.75799,3594.923829,3530.865346,3549.031184
20200729,0,3551.899474,3581.538474,3527.040959,3569.109216
20200730,0,3571.02141,3577.714087,3510.787314,3543.294604
20200731,0,3537.558023,3610.221377,3508.87512,3583.450668
20200803,0,3573.8897,3589.187248,3528.953152,3539.470216
20200804,0,3542.338507,3630.299409,3542.338507,3596.836022
20200805,0,3580.582377,3654.201828,3579.626281,3636.03599
20200806,0,3661.850602,3671.41157,3590.143345,3606.39699
20200807,0,3614.045764,3640.816473,3573.8897,3610.221377
20200810,0,3615.957958,3627.431119,3545.206797,3586.318958
20200811,0,3594.923829,3615.957958,3556.679958,3558.592152
20200812,0,3574.845797,3583.450668,3523.216572,3552.855571
20200813,0,3564.328732,3601.616506,3512.699507,3582.494571
20200814,0,3582.494571,3598.948999,3558.727064,3580.666301
20200817,0,3578.838031,3663.852575,3578.838031,3643.741607
20200818,0,3645.569877,3661.11017,3615.403426,3636.428528
20200819,0,3629.115449,3642.827472,3578.838031,3580.666301
20200820,0,3592.550054,3605.347943,3541.358501,3562.383604
20200821,0,3562.383604,3587.065245,3535.873692,3563.297738
20200824,0,3555.984659,3573.353222,3542.272636,3548.67158
20200825,0,3549.585715,3587.065245,3530.388883,3576.095627
20200826,0,3583.408706,3591.63592,3553.242255,3583.408706
20200827,0,3582.494571,3612.661022,3581.580436,3606.262078
20200828,0,3612.661022,3616.317561,3584.322841,3607.176212
20200831,0,3611.746887,3693.104891,3605.347943,3693.104891
20200901,0,3693.104891,3728.756151,3668.423249,3728.756151
20200902,0,3729.670286,3746.124713,3701.332104,3721.443072
20200903,0,3704.988644,3732.41269,3673.908058,3694.93316
20200904,0,3693.104891,3704.074509,3663.852575,3694.93316
20200907,0,3704.074509,3721.443072,3658.367765,3681.221137
20200908,0,3672.993923,3724.185476,3672.079788,3702.246239
20200909,0,3674.822193,3686.705946,3592.550054,3641.913338
20200910,0,3658.367765,3667.509114,3597.120729,3597.120729
20200911,0,3597.120729,3619.059966,3578.838031,3594.378324
20200914,0,3592.550054,3687.620081,3589.80765,3686.705946
20200915,0,3686.705946,3704.074509,3666.594979,3672.079788
20200916,0,3674.822193,3694.93316,3622.716505,3626.373045
20200917,0,3621.80237,3639.170933,3555.984659,3565.126008
20200918,0,3566.040143,3600.777268,3560.555334,3577.009762
20200921,0,3572.439087,3585.236975,3520.333399,3532.217153
20200922,0,3532.217153,3543.186771,3431.662317,3465.485307
20200923,0,3479.19733,3487.424544,3422.520968,3431.662317
20200924,0,3446.288475,3469.141846,3410.637215,3455.429823
20200925,0,3449.945014,3468.227712,3426.177507,3438.975396
20200928,0,3426.177507,3455.429823,3392.354517,3422.520968
20200929,0,3429.834047,3442.631935,3384.127303,3415.207889
20200930,0,3402.410001,3424.349238,3356.703257,3404.23827
20201009,0,3474.626656,3487.424544,3432.576451,3450.859149
20201012,0,3441.7178,3534.045422,3441.7178,3523.989939
20201013,0,3528.560613,3555.070525,3501.136567,3544.100906
20201014,0,3544.100906,3625.45891,3526.732344,3619.059966
20201015,0,3636.428528,3636.428528,3552.32812,3581.580436
20201016,0,3555.984659,3598.034864,3548.67158,3589.80765
20201019,0,3598.034864,3662.024305,3584.322841,3606.262078
20201020,0,3609.918617,3643.741607,3596.206594,3643.741607
20201021,0,3643.741607,3672.079788,3612.661022,3620.888236
20201022,0,3620.888236,3620.888236,3567.868413,3601.691403
20201023,0,3592.550054,3614.489291,3537.701962,3538.616097
20201026,0,3548.67158,3597.120729,3542.272636,3547.757446
20201027,0,3547.757446,3554.15639,3496.565893,3500.222432
20201028,0,3505.707241,3523.075804,3484.682139,3491.995218
20201029,0,3473.712521,3491.995218,3437.147126,3462.742902
20201030,0,3428.005777,3480.111465,3388.697978,3418.864428
20201102,0,3418.864428,3476.454925,3412.465484,3466.399442
20201103,0,3490.166949,3525.818209,3468.227712,3502.050702
20201104,0,3508.449646,3548.67158,3494.737623,3528.560613
20201105,0,3539.530232,3541.358501,3400.581731,3401.495866
20201106,0,3415.207889,3420.692698,3346.647773,3352.132583
20201109,0,3352.132583,3404.23827,3329.279211,3386.869708
20201110,0,3428.005777,3482.85387,3405.152405,3431.662317
20201111,0,3437.147126,3488.338679,3431.662317,3473.712521
20201112,0,3473.712521,3499.308297,3393.268652,3394.182787
20201113,0,3395.096922,3404.23827,3292.713816,3312.824783
20201116,0,3318.309592,3381.384899,3308.254109,3365.844606
20201117,0,3368.58701,3394.182787,3320.137862,3322.880267
20201118,0,3332.021615,3441.7178,3328.365076,3439.88953
20201119,0,3446.288475,3469.141846,3406.06654,3464.571172
20201120,0,3470.970116,3533.131288,3464.571172,3513.02032
20201123,0,3513.02032,3558.727064,3477.36906,3515.762725
20201124,0,3523.989939,3554.15639,3458.172228,3537.701962
20201125,0,3537.701962,3572.439087,3523.075804,3541.358501
20201126,0,3539.530232,3570.610817,3481.0256,3492.909353
20201127,0,3492.909353,3560.555334,3471.884251,3552.32812
20201130,0,3552.32812,3589.80765,3493.823488,3500.222432
20201201,0,3519.419265,3539.530232,3496.565893,3523.075804
20201202,0,3522.161669,3536.787827,3455.429823,3465.485307
20201203,0,3478.283195,3516.67686,3454.515688,3461.828767
20201204,0,3455.429823,3542.272636,3404.23827,3539.530232
20201207,0,3539.530232,3630.810055,3528.895689,3614.858241
20201208,0,3603.337487,3613.085817,3567.889012,3580.295978
20201209,0,3579.409766,3615.744453,3553.709622,3583.840826
20201210,0,3583.840826,3643.217021,3502.309333,3504.081757
20201211,0,3509.399028,3592.702944,3504.081757,3578.523554
20201214,0,3578.523554,3718.545031,3573.206283,3657.396411
20201215,0,3651.192928,3691.072462,3624.606572,3686.641403
20201216,0,3686.641403,3709.682912,3655.623987,3673.348225
20201217,0,3673.348225,3755.765929,3660.941259,3744.245175
20201218,0,3744.245175,3804.507583,3707.024276,3741.586539
20201221,0,3741.586539,3770.831531,3664.486106,3716.772607
20201222,0,3708.7967,3848.818176,3679.551708,3741.586539
20201223,0,3760.196989,3763.741836,3683.096556,3737.15548
20201224,0,3753.107294,3813.369701,3747.790023,3759.310777
20201225,0,3746.903811,3855.02166,3725.634726,3850.5906
20201228,0,3850.5906,3921.48755,3757.538353,3793.87304
20201229,0,3795.645464,3809.824854,3689.300039,3710.569124
20201230,0,3729.179573,3761.083201,3691.072462,3754.879718
20201231,0,3760.196989,3906.421948,3753.107294,3897.55983
20210104,0,3899.332253,3993.270712,3860.338931,3990.612076
20210105,0,3974.660263,4009.222526,3895.787406,3917.942703
20210106,0,3931.235881,3979.977534,3903.763313,3943.642847
20210107,0,3942.756635,3996.81556,3906.421948,3933.008305
20210108,0,3936.553152,3982.63617,3874.518321,3913.511643
20210111,0,3933.008305,3966.684356,3830.207727,3925.032398
20210112,0,3921.48755,4026.060552,3892.242558,4024.288128
20210113,0,4041.126153,4057.964179,3992.3845,4025.17434
20210114,0,4025.17434,4047.329637,3899.332253,3901.104677
20210115,0,3901.104677,3943.642847,3875.404533,3929.463457
20210118,0,3927.691033,3948.960118,3859.452719,3941.870423
20210119,0,3950.732542,3983.522381,3899.332253,3925.032398
20210120,0,3939.211788,3997.701771,3909.966796,3970.229203
20210121,0,3975.546475,3987.067229,3917.056491,3936.553152
20210122,0,3943.642847,3950.732542,3801.848947,3804.507583
20210125,0,3792.986828,3891.356346,3771.717743,3871.859685
20210126,0,3871.859685,3871.859685,3816.028337,3819.573184
20210127,0,3832.866363,3938.325576,3831.093939,3928.577245
20210128,0,3917.056491,3985.294805,3908.194372,3976.432686
20210129,0,3979.091322,4141.268095,3979.091322,4128.861129
20210201,0,4156.333697,4197.985655,4106.705832,4119.112798
20210202,0,4120.885222,4258.248063,4119.112798,4219.25474
20210203,0,4236.092766,4253.817004,4129.747341,4174.944147
20210204,0,4191.782172,4204.189139,4124.43007,4173.171723
20210205,0,4169.626875,4197.099444,4076.574628,4117.340375
20210208,0,4127.974917,4250.272156,4097.843713,4169.626875
20210209,0,4169.626875,4177.602782,4088.095383,4097.843713
20210210,0,4092.526442,4100.502349,4032.264035,4041.126153
20210218,0,4418.652412,4418.652412,4238.751402,4418.652412
20210219,0,4431.059379,4549.81177,4398.269539,4484.232091
20210222,0,4484.232091,4871.506681,4445.238769,4871.506681
20210223,0,4879.482588,5077.994048,4751.868078,4799.723519
20210224,0,4785.544129,4956.583021,4728.826569,4889.230918
20210225,0,4937.972572,5288.026263,4924.679394,5241.057033
20210226,0,5241.057033,5370.443967,5071.790565,5296.002169
20210301,0,5242.829457,5565.41058,5181.680837,5345.630035
20210302,0,5343.857611,5343.857611,5005.324674,5005.324674
20210303,0,5067.359506,5179.022202,4941.517419,5039.886937
20210304,0,5076.221624,5163.070388,5012.414369,5077.994048
20210305,0,5062.042234,5272.960661,4976.079682,5161.297964
20210308,0,5168.387659,5412.982137,5163.9566,5290.684898
20210309,0,5253.463999,5271.188237,4861.75835,4879.482588
20210310,0,4923.793182,4952.151962,4745.664595,4805.927002
20210311,0,4856.441079,4867.961833,4622.481144,4675.653856
20210312,0,4696.922941,4763.388832,4572.853279,4649.953712
20210315,0,4652.612348,4803.268367,4628.684627,4670.336585
20210316,0,4652.612348,4700.467789,4608.301754,4643.750229
20210317,0,4643.750229,4696.922941,4538.291016,4577.284338
20210318,0,4569.308431,4571.080855,4475.369973,4498.411481
20210319,0,4467.394066,4571.080855,4299.900021,4357.503793
20210322,0,4343.324403,4503.728753,4315.851835,4462.076794
20210323,0,4450.55604,4501.070117,4388.521209,4436.37665
20210324,0,4385.862573,4559.560101,4382.317726,4533.859956
20210325,0,4537.404804,4601.212059,4448.783616,4458.531947
20210326,0,4440.807709,4486.004515,4350.414098,4418.652412
20210329,0,4420.493134,4518.971744,4349.625349,4353.306793
20210330,0,4371.714009,4469.272259,4371.714009,4455.466846
20210331,0,4445.342877,4524.49391,4372.63437,4416.811691
20210401,0,4407.608082,4475.714785,4384.599061,4472.953702
20210402,0,4491.360919,4599.043138,4440.741073,4558.547261
20210406,0,4512.529219,4603.644942,4491.360919,4564.069426
20210407,0,4574.193395,4640.459376,4537.378961,4572.352673
20210408,0,4567.750869,4625.733602,4480.316589,4496.883084
20210409,0,4496.883084,4519.892105,4385.519422,4397.484113
20210412,0,4397.484113,4416.811691,4284.279729,4304.527668
20210413,0,4314.651637,4351.466071,4254.828182,4315.571998
20210414,0,4323.855246,4369.873288,4281.518647,4349.625349
20210415,0,4369.873288,4470.19262,4346.864267,4463.750094
20210416,0,4463.750094,4500.564528,4410.369165,4456.387207
20210419,0,4456.387207,4505.166332,4346.864267,4407.608082
20210420,0,4403.006278,4426.015299,4292.562977,4318.33308
20210421,0,4309.129472,4325.695967,4204.208336,4230.8988
20210422,0,4204.208336,4290.722255,4187.641841,4253.907821
20210423,0,4261.270708,4274.15576,4209.730501,4265.872512
20210426,0,4242.863491,4288.881533,4165.55318,4210.650862
20210427,0,4203.287975,4304.527668,4187.641841,4259.429986
20210428,0,4250.226378,4311.890555,4220.774831,4311.890555
20210429,0,4319.253441,4351.466071,4301.766585,4313.731276
20210430,0,4330.297771,4391.961948,4278.757564,4318.33308
20210506,0,4345.943906,4432.457825,4331.218132,4413.130247
20210507,0,4391.041587,4535.53824,4391.041587,4533.697518
20210510,0,4522.653188,4623.892881,4478.475867,4609.167107
20210511,0,4601.80422,4638.618654,4493.201641,4562.228704
20210512,0,4537.378961,4825.451906,4523.573549,4808.88541
20210513,0,4808.88541,4863.1867,4559.467622,4645.06118
20210514,0,4638.618654,4650.583345,4467.431537,4519.892105
20210517,0,4537.378961,4576.954478,4488.599837,4502.405249
20210518,0,4489.520197,4597.202416,4472.953702,4537.378961
20210519,0,4537.378961,4551.184374,4433.378186,4496.883084
20210520,0,4463.750094,4528.175353,4353.306793,4507.007054
20210521,0,4509.768136,4570.511952,4468.351898,4511.608858
20210524,0,4553.025096,4555.786178,4436.139269,4454.546485
20210525,0,4454.546485,4524.49391,4422.333856,4462.829733
20210526,0,4462.829733,4621.131798,4446.263238,4613.768911
20210527,0,4554.865817,4579.71556,4468.351898,4483.077672
20210528,0,4483.077672,4606.406025,4458.227929,4539.219683
20210531,0,4539.219683,4639.539015,4537.378961,4594.441334
20210601,0,4641.379737,4715.008604,4609.167107,4683.716336
20210602,0,4698.442109,4727.893656,4576.954478,4603.644942
20210603,0,4638.618654,4677.27381,4562.228704,4618.370716
20210604,0,4611.007829,4629.415046,4569.591591,4624.813242
20210607,0,4638.618654,4665.309119,4426.93566,4434.298547
20210608,0,4434.298547,4473.874063,4379.076896,4394.723031
20210609,0,4394.723031,4420.493134,4355.147514,4396.563752
20210610,0,4376.315814,4404.847,4326.616328,4393.80267
20210611,0,4408.528443,4442.581794,4364.351123,4434.298547
20210615,0,4445.342877,4472.033341,4371.714009,4403.926639
20210616,0,4406.687722,4495.962723,4406.687722,4467.431537
20210617,0,4472.033341,4500.564528,4417.732052,4482.157311
20210618,0,4468.351898,4486.759115,4356.067875,4386.439783
20210621,0,4371.714009,4407.608082,4302.686946,4302.686946
20210622,0,4300.846224,4439.820712,4295.324059,4429.696743
20210623,0,4415.89133,4524.49391,4393.80267,4521.732827
20210624,0,4511.608858,4558.547261,4497.803445,4525.41427
20210625,0,4525.41427,4628.494685,4500.564528,4599.963499
20210628,0,4609.167107,4620.211437,4526.334631,4558.547261
20210629,0,4592.600612,4599.043138,4515.290301,4545.662209
20210630,0,4545.662209,4587.078447,4507.927414,4521.732827
20210701,0,4523.573549,4569.591591,4500.564528,4521.732827
20210702,0,4564.989787,4677.27381,4556.706539,4673.592366
20210705,0,4675.433088,4755.504481,4640.459376,4734.336182
20210706,0,4741.699069,4834.655514,4730.654739,4755.504481
20210707,0,4739.858347,4739.858347,4552.104735,4624.813242
20210708,0,4634.01685,4634.937211,4564.989787,4589.839529
20210709,0,4589.839529,4617.450355,4562.228704,4590.75989
20210712,0,4601.80422,4717.769687,4601.80422,4631.255767
20210713,0,4620.211437,4734.336182,4610.087468,4724.212213
20210714,0,4728.814017,4859.505257,4713.167883,4839.257318
20210715,0,4857.664535,4883.434639,4739.858347,4808.88541
20210716,0,4831.894431,4967.187476,4792.318915,4864.107061
20210719,0,4875.151391,4978.231806,4851.222009,4956.143145
20210720,0,4891.717886,5038.975621,4821.770462,4915.647268
20210721,0,4951.541341,5014.125879,4900.921495,4982.83361
20210722,0,5015.9666,5142.976397,4971.78928,4988.355775
20210723,0,4988.355775,5018.727683,4908.284382,4934.054485
20210726,0,4969.948558,4974.550362,4888.956804,4948.780259
20210727,0,4948.780259,5012.285157,4857.664535,4897.240051
20210728,0,4897.240051,4938.656289,4831.894431,4922.089794
20210729,0,4922.089794,5042.657065,4919.328712,5013.205518
20210730,0,5055.542117,5121.808097,4957.063506,5033.453456
20210802,0,5070.26789,5070.26789,4888.956804,4904.602938
20210803,0,4882.514278,4900.001134,4789.557833,4830.974071
20210804,0,4823.611184,5015.9666,4801.522524,4923.930516
20210805,0,4923.930516,4979.152167,4894.478969,4930.373042
20210806,0,4940.497011,5038.975621,4911.045464,5010.444435
20210809,0,5098.799076,5136.533871,4957.063506,5035.294178
20210810,0,5000.320466,5041.736704,4893.558608,4947.859898
20210811,0,4974.550362,4990.196497,4882.514278,4888.956804
20210812,0,4878.832835,4887.116082,4802.442884,4828.212988
20210813,0,4824.531545,4830.05371,4729.734378,4731.575099
20210816,0,4731.575099,4744.460151,4632.176128,4700.282831
20210817,0,4664.388758,4729.734378,4647.822263,4686.477418
20210818,0,4690.233361,4719.341916,4645.162049,4703.37916
20210819,0,4697.745246,4732.487715,4584.127981,4592.578852
20210820,0,4555.958412,4632.955236,4519.337971,4590.700881
20210823,0,4574.738125,4666.758719,4557.836383,4646.101035
20210824,0,4676.148576,4698.684232,4630.138279,4639.528135
20210825,0,4639.528135,4673.331619,4594.456824,4659.246834
20210826,0,4659.246834,4678.026547,4565.348268,4571.921168
20210827,0,4571.921168,4770.047142,4552.202469,4770.047142
20210830,0,4773.803084,4802.91164,4686.477418,4693.989303
20210831,0,4718.40293,4735.304672,4676.148576,4702.440174
20210901,0,4699.623217,4718.40293,4619.809436,4709.013074
20210902,0,4721.219887,4835.776138,4691.172346,4815.118453
20210903,0,4800.094683,4871.457593,4779.436998,4845.165994
20210906,0,4882.725421,4889.29832,4832.959181,4878.969478
20210907,0,4892.115277,4962.539202,4868.640636,4957.844273
20210908,0,4957.844273,4994.464714,4880.847449,4948.454417
20210909,0,4961.600216,4990.708771,4874.27455,4919.345861
20210910,0,4919.345861,5064.888638,4871.457593,4926.857747
20210913,0,4945.63746,5053.62081,4906.200062,5002.915585
20210914,0,5002.915585,5135.312563,4985.074857,5110.898935
20210915,0,5089.302265,5180.383874,5069.583566,5091.180237
20210916,0,5119.349806,5211.370401,5089.302265,5121.227778
20210917,0,5121.227778,5251.746784,5051.742839,5096.814151
20210922,0,5051.742839,5106.204007,5006.671527,5106.204007
20210923,0,5106.204007,5222.638229,5044.230954,5213.248372
20210924,0,5220.760257,5386.021733,5203.858516,5297.757081
20210927,0,5306.207952,5721.239613,5282.733311,5525.930596
20210928,0,5540.015381,5853.636591,5540.015381,5785.090638
20210929,0,5785.090638,5860.20949,5555.978137,5685.558158
20210930,0,5695.887,6078.993149,5654.571631,6075.237206
20211008,0,6319.373477,6319.373477,5918.426601,5994.484439
20211011,0,6007.630239,6559.753805,6007.630239,6469.611182
20211012,0,6505.292637,6683.699912,6401.065229,6453.648426
20211013,0,6453.648426,6582.289461,6001.996325,6001.996325
20211014,0,6037.67778,6249.888538,5929.694429,6194.488385
20211015,0,6197.305342,6534.401193,6084.627063,6534.401193
20211018,0,6587.923375,6978.541409,6464.916254,6978.541409
20211019,0,7042.392434,7104.365487,6701.54064,6877.130958
20211020,0,6713.747453,6802.012105,6355.993918,6355.993918
20211021,0,6103.406776,6460.221326,5958.802984,6109.979675
20211022,0,6089.321991,6244.254624,5750.348168,5918.426601
20211025,0,5953.16907,6018.898067,5707.154828,5875.233261
20211026,0,5896.829931,5915.609644,5580.391764,5700.581929
20211027,0,5706.215842,5726.873527,5245.173885,5245.173885
20211028,0,5258.319684,5647.059746,5007.610513,5420.764203
20211029,0,5417.947246,5469.591457,5079.912409,5146.58039
20211101,0,5146.58039,5395.41159,5121.227778,5313.719838
20211102,0,5348.462307,5464.896528,5186.956774,5361.608106
20211103,0,5350.340278,5474.286385,5278.038383,5342.828393
20211104,0,5342.828393,5342.828393,5086.485308,5223.577214
20211105,0,5295.87911,5358.791149,5040.475011,5080.851394
20211108,0,5087.424294,5260.197655,5079.912409,5143.763433
20211109,0,5145.641405,5218.882286,5082.729366,5204.797501
20211110,0,5079.912409,5164.421118,4933.430646,5125.922706
20211111,0,5115.593864,5141.885462,5001.976599,5099.631108
20211112,0,5062.071681,5068.644581,4800.094683,4843.288023
20211115,0,4835.776138,4987.891814,4776.620041,4857.372808
20211116,0,4857.372808,4929.674703,4788.826855,4890.237306
20211117,0,4873.335564,4885.542378,4736.243658,4803.850625
20211118,0,4798.216711,4815.118453,4649.856977,4662.063791
20211119,0,4662.063791,4822.630338,4585.066967,4780.375984
20211122,0,4694.928289,4857.372808,4658.307848,4820.752367
20211123,0,4850.799908,4927.796732,4803.850625,4882.725421
20211124,0,4882.725421,4966.295144,4863.945707,4897.749191
20211125,0,4897.749191,5026.390226,4873.335564,4945.63746
20211126,0,4945.63746,4948.454417,4746.5725,4746.5725
20211129,0,4681.78249,4766.291199,4606.663637,4628.260307
20211130,0,4629.199293,4730.609744,4563.470297,4566.287254
20211201,0,4563.470297,4678.026547,4509.948114,4659.246834
20211202,0,4673.331619,4720.280902,4569.104211,4618.870451
20211203,0,4582.25001,4603.84668,4447.036075,4543.751598
20211206,0,4516.521014,4566.287254,4428.256362,4441.402161
20211207,0,4441.402161,4583.188996,4440.463176,4548.446526
20211208,0,4601.029723,4644.223064,4551.263483,4575.67711
20211209,0,4572.860154,4716.524959,4551.263483,4635.772193
20211210,0,4610.41958,4653.61292,4478.022602,4478.961588
20211213,0,4512.765071,4653.61292,4481.778545,4630.138279
20211214,0,4582.25001,4685.538432,4540.934641,4683.660461
20211215,0,4663.898181,4674.249851,4564.145718,4615.904071
20211216,0,4564.145718,4676.131973,4564.145718,4662.95712
20211217,0,4663.898181,4730.71351,4632.843169,4662.016059
20211220,0,4656.369693,4700.599559,4464.393254,4469.098559
20211221,0,4451.218401,4487.919779,4408.870657,4446.513096
20211222,0,4422.986572,4506.740998,4422.986572,4470.03962
20211223,0,4479.45023,4498.27145,4427.691877,4457.805828
20211224,0,4472.862803,4601.788157,4461.570072,4571.674205
20211227,0,4571.674205,4608.375583,4485.096596,4494.507206
20211228,0,4487.919779,4571.674205,4452.159462,4534.972827
20211229,0,4554.735108,4598.023913,4519.915852,4578.261632
20211230,0,4570.733144,4643.194839,4537.79601,4615.904071
20211231,0,4615.904071,4672.367729,4604.611339,4644.1359
20220104,0,4691.188949,4872.813717,4689.306827,4753.298973
20220105,0,4753.298973,4829.524912,4727.890327,4757.063217
20220106,0,4757.063217,4843.640826,4707.186985,4841.758705
20220107,0,4884.106448,4991.387399,4835.171278,4966.919814
20220110,0,4966.919814,4984.799972,4860.579924,4884.106448
20220111,0,4879.401143,4879.401143,4754.240034,4802.234144
20220112,0,4817.291119,4847.40507,4764.591705,4835.171278
20220113,0,4863.403107,4953.74496,4838.935522,4892.575997
20220114,0,4914.220399,5071.377582,4904.80979,5045.027875
20220117,0,5035.617265,5061.025911,4974.448302,4998.915887
20220118,0,4998.915887,5016.796045,4857.756741,4999.856948
20220119,0,4999.856948,5130.664423,4987.623155,5020.560289
20220120,0,5025.265594,5093.021984,4969.742997,5068.554399
20220121,0,5068.554399,5081.729253,4898.222363,4928.336314
20220124,0,4948.098594,5104.314716,4932.100558,5023.383472
20220125,0,5006.444375,5029.970899,4854.933558,4889.752814
20220126,0,4921.748887,5067.613338,4872.813717,5052.556362
20220127,0,5053.497423,5188.069143,5042.204692,5183.363838
20220128,0,5195.59763,5260.530837,5092.080923,5116.548509
20220207,0,5238.886435,5331.11041,5186.187021,5206.890362
20220208,0,5205.949301,5310.407069,5154.190947,5165.483679
20220209,0,5125.018057,5127.84124,4950.921777,4973.507241
20220210,0,4978.212546,5008.326497,4927.395253,4955.627082
20220211,0,4987.623155,5095.845167,4833.289156,4834.230217
20220214,0,4894.458119,4968.801936,4808.821571,4924.57207
20220215,0,4904.80979,5049.73318,4820.114302,4961.273448
20220216,0,4885.047509,4910.456156,4827.64279,4829.524912
20220217,0,4855.874619,4861.520985,4703.422742,4713.774412
20220218,0,4713.774412,4790.000351,4675.190912,4753.298973
20220221,0,4733.536693,4788.118229,4691.188949,4717.538656
20220222,0,4724.126083,4804.116266,4714.715473,4721.3029
20220223,0,4721.3029,4766.473827,4667.662425,4727.890327
20220224,0,4727.890327,4887.870692,4724.126083,4825.760668
20220225,0,4877.519022,4921.748887,4692.13001,4710.010168
20220228,0,4684.601522,4728.831388,4588.613303,4608.375583
20220301,0,4608.375583,4748.593668,4576.37951,4739.183059
20220302,0,4808.821571,4983.858911,4767.414888,4949.039655
20220303,0,4969.742997,5216.300972,4926.454192,5182.422777
20220304,0,5136.310789,5224.77052,4999.856948,5102.432594
20220307,0,5129.723362,5490.149715,5092.080923,5363.106483
20220308,0,5345.226325,5381.927703,5138.192911,5245.473862
20220309,0,5245.473862,5555.082922,5155.132008,5448.743032
20220310,0,5329.228288,5372.517093,4975.389363,5135.369728
20220311,0,5175.83535,5225.711581,5010.208619,5089.25774
20220314,0,5072.318643,5085.493496,4827.64279,4829.524912
20220315,0,4829.524912,4876.577961,4757.063217,4757.063217
20220316,0,4770.238071,4920.807826,4735.418815,4884.106448
20220317,0,4884.106448,4929.277375,4781.530802,4837.994461
20220318,0,4885.98857,5001.73907,4860.579924,4997.974826
20220321,0,4943.39329,4993.269521,4881.283265,4909.515095
20220322,0,4909.515095,4966.919814,4851.169314,4863.403107
20220323,0,4863.403107,4885.047509,4794.705656,4847.40507
20220324,0,4893.517058,4953.74496,4789.05929,4791.882473
20220325,0,4780.589741,4933.041619,4766.473827,4933.041619
20220328,0,4879.401143,5074.200765,4877.519022,4944.334351
20220329,0,4944.334351,5024.324533,4921.748887,4964.096631
20220330,0,4898.222363,4976.330424,4858.697802,4939.629046
20220331,0,4939.629046,4996.092704,4815.408997,4825.760668
20220401,0,4814.467936,4849.287192,4755.181095,4774.943375
20220406,0,4790.000351,4802.234144,4674.249851,4764.591705
20220407,0,4764.591705,4786.236107,4683.660461,4765.532766
20220408,0,4768.355949,4817.291119,4719.420778,4750.47579
20220411,0,4750.47579,4763.650644,4536.854949,4540.619193
20220412,0,4517.092669,4614.96301,4490.742962,4607.434522
20220413,0,4608.375583,4623.432559,4499.21251,4500.153571
20220414,0,4517.092669,4568.851022,4512.387364,4530.267523
20220415,0,4530.267523,4608.375583,4509.564181,4526.503279
20220418,0,4535.913888,4630.019986,4470.980681,4613.080888
20220419,0,4613.080888,4686.483644,4613.080888,4641.312717
20220420,0,4641.312717,4710.010168,4624.37362,4673.30879
20220421,0,4673.30879,4677.073034,4595.20073,4639.430595
20220422,0,4618.727254,4685.542583,4593.318608,4660.133937
20220425,0,4680.367398,4699.681156,4375.945781,4407.215675
20220426,0,4398.018647,4425.60973,4293.172531,4306.04837
20220427,0,4306.04837,4349.2744,4260.982935,4307.887776
20220428,0,4285.814909,4490.908627,4247.187393,4462.397841
20220429,0,4474.353977,4607.710879,4474.353977,4570.003065
20220505,0,4602.192662,4694.162939,4602.192662,4674.849181
20220506,0,4690.484128,4727.272239,4619.667015,4631.623151
20220509,0,4631.623151,4660.133937,4562.645443,4576.440985
20220510,0,4559.886335,4609.550284,4457.799327,4608.630582
20220511,0,4626.104934,4673.929478,4501.025358,4631.623151
20220512,0,4631.623151,4684.965912,4571.842471,4612.309393
20220513,0,4606.791176,4797.16965,4585.638012,4785.213514
20220516,0,4810.045488,4814.644002,4695.082642,4736.469267
20220517,0,4740.148078,4780.615,4703.359967,4730.031347
20220518,0,4730.031347,4738.308672,4652.776315,4682.206803
20220519,0,4695.082642,4733.710158,4609.550284,4661.05364
20220520,0,4634.382259,4672.090073,4552.528713,4558.046929
20220523,0,4558.046929,4665.652153,4548.849902,4639.900476
20220524,0,4639.900476,4672.090073,4504.704169,4505.623871
20220525,0,4531.375549,4561.72574,4477.113086,4526.777035
20220526,0,4550.689307,4573.681876,4471.594869,4571.842471
20220527,0,4570.922768,4571.842471,4484.470708,4498.266249
20220530,0,4492.748033,4625.185232,4478.952491,4619.667015
20220531,0,4637.141368,4714.3964,4597.594148,4706.119075
20220601,0,4706.119075,4716.235806,4626.104934,4663.812748
20220602,0,4686.805317,4714.3964,4628.864043,4653.696017
20220606,0,4730.031347,4777.855891,4652.776315,4725.432834
20220607,0,4725.432834,4760.381539,4654.61572,4655.535423
20220608,0,4661.05364,4882.702007,4646.338395,4826.600138
20220609,0,4840.39568,4879.942899,4810.965191,4828.439544
20220610,0,4828.439544,4901.096063,4779.695297,4880.862602
20220613,0,4880.862602,4880.862602,4732.790456,4761.301242
20220614,0,4760.381539,4859.709438,4748.425403,4850.51241
20220615,0,4850.51241,4934.205362,4828.439544,4832.118355
20220616,0,4859.709438,4913.052199,4787.972622,4810.965191
20220617,0,4792.571136,4822.921327,4697.84175,4768.658864
20220620,0,4782.454405,4814.644002,4512.981494,4521.258819
20220621,0,4515.740602,4569.083363,4477.113086,4488.149519
20220622,0,4488.149519,4511.142088,4304.208965,4328.121237
20220623,0,4309.727181,4337.318264,4239.829771,4259.143529
20220624,0,4285.814909,4291.333126,4081.640894,4099.115247
20220627,0,4123.947222,4165.333846,4066.92565,4121.188113
20220628,0,4127.626033,4183.727902,4106.472869,4161.655035
20220629,0,4147.859494,4162.574738,4048.531595,4107.392572
20220630,0,4140.501872,4226.953932,4116.5896,4187.406713
20220701,0,4187.406713,4215.917499,3994.269131,3997.947942
20220704,0,4037.495161,4062.327136,3966.678048,4054.969514
20220705,0,4046.692189,4132.224547,4021.860214,4099.115247
20220706,0,4066.005947,4068.765056,3847.116688,3951.962804
20220707,0,3955.641615,4145.100385,3923.452018,4119.348708
20220708,0,4138.662466,4185.567307,4107.392572,4114.750194
20220711,0,4100.954653,4149.698899,3994.269131,4063.246839
20220712,0,4011.743484,4083.4803,3909.656476,3909.656476
20220713,0,3880.225988,3953.802209,3832.401444,3943.685479
20220714,0,3905.057962,3947.36429,3846.196985,3882.985096
20220715,0,3876.547177,3936.327857,3817.686199,3841.598471
20220718,0,3869.189554,4039.334567,3783.657197,4020.940511
20220719,0,4037.495161,4069.684758,3948.283993,3998.867645
20220720,0,4012.663187,4035.655756,3903.218557,3925.291423
20220721,0,3936.327857,4027.378431,3905.057962,3932.649046
20220722,0,3908.736774,3951.962804,3858.153121,3882.065393
20220725,0,3871.02896,3932.649046,3822.284713,3840.678769
20220726,0,3865.510743,3907.817071,3772.620764,3891.262421
20220727,0,3881.14569,3952.882506,3817.686199,3931.729343
20220728,0,3950.123398,4063.246839,3936.327857,4047.611892
20220729,0,4028.298134,4094.516733,4021.860214,4059.568028
20220801,0,4064.166542,4117.509302,3960.240129,3997.947942
20220802,0,3969.437156,3978.634184,3894.941232,3933.568748
20220803,0,3933.568748,3950.123398,3881.14569,3892.182124
20220804,0,3916.094396,3917.933801,3790.095116,3804.81036
20220805,0,3791.014819,3823.204416,3709.161272,3725.715922
20220808,0,3725.715922,3816.766497,3673.292864,3788.255711
20220809,0,3762.504033,3811.24828,3743.190275,3784.5769
20220810,0,3799.292144,3830.562038,3713.759786,3748.708492
20220811,0,3733.993247,3815.846794,3733.993247,3800.211847
20220812,0,3814.927091,3843.437877,3768.941952,3802.051252
20220815,0,3793.773927,3848.956093,3770.781358,3784.5769
20220816,0,3744.109978,3747.788789,3630.066834,3633.745645
20220817,0,3647.541187,3655.818512,3581.322587,3605.234859
20220818,0,3588.680209,3654.898809,3545.454179,3546.373882
20220819,0,3560.7754,3586.878152,3538.273028,3572.476634
20220822,0,3572.476634,3681.388116,3567.076065,3647.18451
20220823,0,3679.587926,3705.690678,3627.382423,3703.890488
20220824,0,3708.390963,3731.79343,3651.684985,3675.987547
20220825,0,3684.088401,3709.291058,3631.882897,3640.883846
20220826,0,3636.383371,3699.390014,3606.68024,3689.48897
20220829,0,3689.48897,3726.392861,3646.284415,3686.788686
20220830,0,3681.388116,3747.095043,3657.085554,3689.48897
20220831,0,3657.985649,3701.190204,3615.681189,3657.985649
20220901,0,3622.881948,3740.794379,3621.981853,3737.194
20220902,0,3737.194,3771.397606,3618.381474,3631.882897
20220905,0,3654.385269,3886.609752,3648.084605,3883.009372
20220906,0,3906.41184,3925.313832,3856.90662,3916.312883
20220907,0,3912.712504,3931.614497,3848.805766,3875.808613
20220908,0,3875.808613,3975.719146,3829.003679,3937.915161
20220909,0,3942.415635,4025.224366,3901.01127,4018.923701
20220913,0,4053.127307,4118.834235,4006.322373,4077.429869
20220914,0,4050.427023,4109.833286,4050.427023,4084.630629
20220915,0,4081.930344,4108.933191,3994.621139,4027.024555
20220916,0,4008.122563,4019.823796,3918.113073,3987.42038
20220919,0,3973.918957,4028.824745,3924.413737,3934.314781
20220920,0,3909.112124,3956.817154,3870.408044,3907.311935
20220921,0,3914.512694,3974.819052,3899.21108,3958.617343
20220922,0,3952.316679,3992.820949,3883.909467,3967.618292
20220923,0,3993.721044,4000.021709,3919.913263,3933.414686
20220926,0,3916.312883,3961.317628,3793.899978,3798.400452
20220927,0,3830.803869,3865.907569,3792.099788,3857.806715
20220928,0,3861.407095,3873.108329,3807.401401,3824.503204
20220929,0,3864.10738,3897.410891,3830.803869,3856.006526
20220930,0,3861.407095,3920.813358,3839.804817,3879.408993
20221010,0,3987.42038,4001.821898,3901.911365,3903.711555
20221011,0,3904.61165,3920.813358,3738.994189,3748.895233
20221012,0,3744.394759,3770.497511,3673.287262,3727.292956
20221013,0,3708.390963,3734.493715,3657.985649,3668.786788
20221014,0,3636.383371,3695.789634,3626.482328,3666.086503
20221017,0,3663.386218,3666.086503,3602.179765,3613.880999
20221018,0,3613.880999,3668.786788,3612.080809,3651.684985
20221019,0,3636.383371,3642.684036,3574.276824,3585.978057
20221020,0,3591.378627,3656.185459,3578.777298,3634.583182
20221021,0,3638.183561,3678.687831,3627.382423,3634.583182
20221024,0,3645.38432,3671.487072,3604.88005,3616.581284
20221025,0,3609.380525,3629.182612,3549.074167,3576.977108
20221026,0,3576.977108,3597.679291,3520.27113,3521.171225
20221027,0,3535.572743,3560.7754,3478.866765,3480.666955
20221028,0,3492.368188,3495.068473,3423.960976,3439.26259
20221031,0,3439.26259,3453.664108,3359.154144,3392.457655
20221101,0,3389.757371,3433.86202,3343.852531,3419.460502
20221102,0,3397.858225,3504.069422,3357.353954,3468.965721
20221103,0,3474.366291,3529.272079,3451.863918,3526.571794
20221104,0,3526.571794,3578.777298,3503.169327,3551.774451
20221107,0,3567.076065,3591.378627,3468.965721,3483.367239
20221108,0,3483.367239,3538.273028,3459.964772,3498.668853
20221109,0,3472.566101,3505.869612,3433.86202,3451.863918
20221110,0,3447.363444,3493.268283,3403.258794,3405.959079
20221111,0,3405.959079,3567.97616,3405.058984,3542.773502
20221114,0,3547.273977,3625.582233,3547.273977,3577.877203
20221115,0,3578.777298,3616.581284,3564.37578,3594.078911
20221116,0,3571.576539,3603.979955,3566.17597,3599.479481
20221117,0,3602.179765,3643.584131,3472.566101,3506.769707
20221118,0,3475.266385,3503.169327,3445.563254,3489.667904
20221121,0,3478.866765,3482.467145,3385.256896,3407.759268
20221122,0,3418.560407,3449.163634,3388.857276,3429.361546
20221123,0,3433.86202,3452.764013,3407.759268,3430.261641
20221124,0,3418.560407,3542.773502,3411.359648,3540.073218
20221125,0,3549.074167,3555.374831,3497.768758,3535.572743
20221128,0,3536.472838,3541.873408,3396.95813,3418.560407
20221129,0,3427.561356,3516.670751,3404.158889,3506.769707
20221130,0,3514.870561,3526.571794,3465.365342,3508.569897
20221201,0,3520.27113,3571.576539,3510.370086,3526.571794
20221202,0,3511.270181,3564.37578,3493.268283,3560.7754
20221205,0,3560.7754,3603.07986,3508.569897,3567.97616
20221206,0,3567.97616,3576.977108,3521.171225,3558.075116
20221207,0,3566.17597,3587.778247,3471.666006,3483.367239
20221208,0,3504.069422,3575.176919,3486.067524,3562.57559
20221209,0,3561.675495,3666.086503,3557.175021,3644.484225
20221212,0,3625.582233,3686.788686,3624.682138,3660.685934
20221213,0,3625.582233,3702.090299,3625.582233,3669.686883
20221214,0,3646.284415,3679.587926,3642.684036,3675.087452
20221215,0,3683.188306,3712.891437,3601.279671,3691.28916
20221216,0,3699.390014,3726.392861,3621.981853,3672.387167
20221219,0,3667.157088,3700.280922,3566.913907,3591.320942
20221220,0,3593.064302,3676.745566,3592.192622,3667.157088
20221221,0,3660.183649,3668.028768,3580.860784,3624.444776
20221222,0,3650.595171,3673.258847,3587.834223,3593.935982
20221223,0,3616.599657,3616.599657,3481.489282,3500.666239
20221226,0,3495.43616,3602.65278,3484.976002,3600.90942
20221227,0,3607.011179,3648.851812,3585.219183,3628.803175
20221228,0,3623.573096,3645.365092,3595.679341,3632.289895
20221229,0,3620.958057,3635.776614,3551.223669,3582.604144
20221230,0,3583.475823,3665.413728,3556.453748,3652.338531
20230103,0,3643.621732,3672.387167,3559.940468,3667.157088
20230104,0,3654.95357,3681.103966,3580.860784,3597.422701
20230105,0,3571.272306,3611.369578,3560.812148,3581.732464
20230106,0,3600.03774,3600.03774,3543.378551,3579.117424
20230109,0,3570.400626,3589.577582,3552.967029,3566.913907
20230110,0,3572.143986,3669.772128,3566.913907,3654.95357
20230111,0,3670.643808,3744.736594,3661.055329,3730.789717
20230112,0,3730.789717,3766.52859,3715.099479,3759.555151
20230113,0,3744.736594,3819.70106,3744.736594,3807.497542
20230116,0,3803.139143,3821.44442,3760.426831,3790.063946
20230117,0,3790.063946,3851.081534,3777.860428,3807.497542
20230118,0,3810.112582,3868.515131,3797.909064,3855.439934
20230119,0,3848.466495,3878.10361,3810.112582,3858.054973
20230120,0,3862.413372,3924.302641,3841.493056,3922.559281
20230130,0,3922.559281,3936.506159,3849.338175,3877.23193
20230131,0,3877.23193,3882.462009,3781.347147,3792.678985
20230201,0,3806.625863,3848.466495,3794.422345,3813.599301
20230202,0,3818.82938,3828.417859,3736.891475,3747.351633
20230203,0,3735.148116,3762.170191,3668.028768,3680.232286
20230206,0,3680.232286,3713.35612,3641.878373,3678.488926
20230207,0,3678.488926,3691.564124,3647.980132,3678.488926
20230208,0,3671.515487,3677.617246,3626.188136,3654.081891
20230209,0,3661.055329,3668.028768,3630.546535,3633.161574
20230210,0,3630.546535,3639.263333,3565.170547,3619.214697
20230213,0,3636.648294,3657.56861,3606.139499,3633.161574
20230214,0,3633.161574,3686.334045,3620.086377,3670.643808
20230215,0,3678.488926,3718.586199,3643.621732,3697.665883
20230216,0,3713.35612,3729.918037,3685.462365,3707.254361
20230217,0,3716.842839,3716.842839,3648.851812,3657.56861
20230220,0,3652.338531,3708.99772,3644.493412,3697.665883
20230221,0,3697.665883,3769.143629,3694.179163,3751.710033
20230222,0,3743.864914,3767.40027,3718.586199,3732.533076
20230223,0,3748.223313,3783.090507,3736.019796,3761.298511
20230224,0,3773.502029,3809.240902,3754.325072,3795.294025
20230227,0,3798.780744,3824.931139,3747.351633,3759.555151
20230228,0,3773.502029,3796.165705,3739.506515,3791.807305
20230301,0,3793.550665,3808.369222,3759.555151,3787.448906
20230302,0,3787.448906,3819.70106,3765.65691,3774.373709
20230303,0,3783.090507,3799.652424,3732.533076,3796.165705
20230306,0,3774.373709,3783.090507,3697.665883,3737.763155
20230307,0,3737.763155,3762.170191,3711.61276,3720.329558
20230308,0,3711.61276,3728.174677,3661.055329,3663.670369
20230309,0,3663.670369,3669.772128,3627.059816,3634.904934
20230310,0,3624.444776,3660.183649,3584.347503,3585.219183
20230313,0,3585.219183,3620.086377,3576.502385,3609.626219
20230314,0,3572.143986,3599.166061,3534.661752,3574.759025
20230315,0,3582.604144,3658.44029,3575.630705,3635.776614
20230316,0,3602.65278,3622.701416,3495.43616,3498.922879
20230317,0,3503.281278,3556.453748,3490.206081,3527.688314
20230320,0,3519.843195,3591.320942,3515.484796,3531.175033
20230321,0,3531.175033,3557.325428,3472.772484,3505.896318
20230322,0,3526.816634,3553.838709,3483.232642,3544.250231
20230323,0,3547.73695,3558.197108,3512.869756,3532.046713
20230324,0,3523.329915,3542.506871,3486.719361,3518.099835
20230327,0,3495.43616,3567.785586,3457.953926,3553.838709
20230328,0,3562.555507,3621.829736,3557.325428,3611.369578
20230329,0,3625.316456,3638.391653,3582.604144,3611.369578
20230330,0,3619.214697,3625.316456,3538.148472,3564.298867
20230331,0,3558.197108,3631.418215,3558.197108,3615.727978
20230403,0,3620.086377,3702.895962,3613.112938,3656.69693
20230404,0,3656.69693,3681.975645,3631.418215,3655.82525
20230406,0,3647.980132,3649.723491,3562.555507,3566.042227
20230407,0,3568.657266,3579.117424,3525.944954,3545.121911
20230410,0,3566.042227,3613.984618,3536.405112,3593.064302
20230411,0,3589.577582,3629.674855,3579.989104,3612.241258
20230412,0,3612.241258,3623.573096,3560.812148,3593.064302
20230413,0,3572.143986,3603.52446,3558.197108,3591.320942
20230414,0,3591.320942,3645.365092,3578.245744,3579.117424
20230417,0,3572.32593,3624.96001,3572.32593,3624.96001
20230418,0,3620.715326,3631.751504,3594.398286,3629.204694
20230419,0,3632.600441,3652.125987,3585.908918,3606.283401
20230420,0,3586.757855,3667.406848,3565.534436,3665.708975
20230421,0,3665.708975,3709.853687,3643.636619,3692.874952
20230424,0,3701.364319,3708.155813,3577.419551,3591.851476
20230425,0,3602.887654,3635.147251,3589.304666,3598.64297
20230426,0,3598.64297,3620.715326,3551.102511,3585.908918
20230427,0,3569.77912,3591.851476,3528.181218,3528.181218
20230428,0,3528.181218,3561.289752,3517.14504,3533.274839
20230504,0,3470.453518,3582.513171,3467.906707,3574.023804
20230505,0,3573.174867,3584.211045,3511.202483,3582.513171
20230508,0,3591.002539,3669.104722,3591.002539,3667.406848
20230509,0,3674.198343,3683.536647,3640.240872,3657.219607
20230510,0,3664.860038,3668.255785,3620.715326,3635.147251
20230511,0,3647.032366,3671.651532,3616.470642,3630.902567
20230512,0,3623.262136,3742.113284,3617.319579,3727.681359
20230515,0,3737.019664,3742.962221,3670.802595,3690.328141
20230516,0,3695.421762,3702.213256,3646.183429,3668.255785
20230517,0,3665.708975,3706.45794,3647.032366,3691.177078
20230518,0,3687.781331,3691.177078,3599.491907,3638.542998
20230519,0,3637.694061,3653.82386,3586.757855,3623.262136
20230522,0,3636.845125,3640.240872,3519.69185,3521.389724
20230523,0,3524.785471,3555.347195,3493.37481,3501.015241
20230524,0,3501.864178,3528.181218,3450.927972,3454.323719
20230525,0,3454.323719,3478.093949,3411.027944,3436.496047
20230526,0,3422.913059,3462.813087,3401.689639,3438.19392
20230529,0,3432.251363,3487.432253,3424.610932,3449.230098
20230530,0,3439.042857,3471.302454,3429.704553,3439.042857
20230531,0,3428.006679,3428.855616,3353.300243,3383.861967
20230601,0,3366.883232,3431.402426,3360.091738,3422.064122
20230602,0,3412.725817,3464.51096,3395.747082,3456.021593
20230605,0,3456.870529,3475.547138,3432.251363,3443.287541
20230606,0,3450.927972,3456.870529,3408.481133,3439.042857
20230607,0,3439.891794,3467.906707,3425.459869,3446.683288
20230608,0,3448.381162,3477.245012,3403.387513,3406.78326
20230609,0,3405.934323,3410.179007,3332.076824,3359.242801
20230612,0,3363.487485,3378.768346,3323.587456,3354.14918
20230613,0,3341.415129,3371.976852,3330.378951,3363.487485
20230614,0,3364.336421,3397.444955,3355.847054,3366.883232
20230615,0,3366.883232,3390.653461,3339.717255,3385.559841
20230616,0,3394.049208,3437.344984,3373.674726,3432.251363
20230619,0,3448.381162,3448.381162,3399.142829,3403.387513
20230620,0,3401.689639,3411.876881,3375.372599,3400.840702
20230621,0,3399.991766,3431.402426,3388.955588,3389.804524
20230626,0,3361.789611,3361.789611,3287.932112,3297.270416
20230627,0,3281.989555,3329.530014,3260.766135,3314.249152
20230628,0,3327.83214,3327.83214,3296.42148,3319.342773
20230629,0,3319.342773,3388.955588,3319.342773,3359.242801
20230630,0,3341.415129,3373.674726,3341.415129,3354.14918
20230703,0,3368.581105,3374.523663,3334.623634,3359.242801
20230704,0,3368.581105,3409.33007,3356.69599,3390.653461
20230705,0,3387.257714,3405.085386,3379.617283,3399.142829
20230706,0,3401.689639,3411.876881,3356.69599,3382.164094
20230707,0,3385.559841,3438.19392,3377.070473,3428.006679
20230710,0,3419.517311,3442.438604,3416.970501,3428.855616
20230711,0,3421.215185,3475.547138,3414.423691,3462.813087
20230712,0,3467.906707,3476.396075,3435.64711,3454.323719
20230713,0,3464.51096,3487.432253,3440.740731,3477.245012
20230714,0,3467.906707,3555.347195,3467.906707,3536.670586
20230717,0,3553.649321,3553.649321,3465.359897,3473.849265
20230718,0,3478.942885,3512.900356,3474.698202,3504.410988
20230719,0,3498.468431,3523.087597,3495.921621,3514.59823
20230720,0,3520.540787,3550.253574,3503.562052,3512.051419
20230721,0,3514.59823,3520.540787,3471.302454,3487.432253
20230724,0,3492.525874,3496.770558,3443.287541,3445.834351
20230725,0,3456.870529,3522.238661,3448.381162,3520.540787
20230726,0,3506.108862,3563.836562,3506.108862,3536.670586
20230727,0,3527.332281,3555.347195,3520.540787,3534.972712
20230728,0,3544.311017,3579.117424,3536.670586,3572.32593
20230731,0,3557.894005,3586.757855,3526.483345,3528.181218
20230801,0,3532.425902,3542.613143,3497.619494,3523.087597
20230802,0,3520.540787,3535.821649,3489.130127,3491.676937
20230803,0,3497.619494,3497.619494,3396.596019,3399.142829
20230804,0,3419.517311,3438.19392,3404.23645,3417.819438
20230807,0,3417.819438,3434.798173,3385.559841,3405.085386
20230808,0,3411.027944,3436.496047,3402.538576,3422.913059
20230809,0,3412.725817,3444.136478,3403.387513,3438.19392
20230810,0,3441.589667,3453.474782,3409.33007,3412.725817
20230811,0,3412.725817,3439.042857,3405.934323,3421.215185
20230814,0,3428.006679,3428.855616,3349.904496,3359.242801
20230815,0,3346.508749,3369.430042,3320.191709,3368.581105
20230816,0,3344.810876,3369.430042,3339.717255,3356.69599
20230817,0,3340.566192,3360.091738,3328.681077,3345.659812
20230818,0,3343.18338,3391.061068,3343.18338,3369.598656
20230821,0,3361.343883,3425.731118,3361.343883,3415.82539
20230822,0,3415.82539,3415.82539,3376.202475,3404.268706
20230823,0,3384.457249,3462.8776,3384.457249,3448.019007
20230824,0,3447.19353,3449.669962,3413.348957,3424.080163
20230825,0,3424.080163,3467.830464,3423.254686,3448.019007
20230828,0,3457.099258,3460.401168,3366.296747,3384.457249
20230829,0,3392.712023,3409.221571,3377.85343,3381.15534
20230830,0,3381.15534,3434.811369,3362.16936,3426.556595
20230831,0,3423.254686,3439.764233,3388.584636,3399.315842
20230901,0,3407.570616,3499.198605,3400.141319,3493.420263
20230904,0,3494.24574,3531.392222,3475.259761,3498.373127
20230905,0,3501.675037,3539.646996,3495.896695,3502.500514
20230906,0,3498.373127,3532.2177,3490.118354,3505.802424
20230907,0,3513.23172,3571.840614,3468.655942,3493.420263
20230908,0,3505.802424,3539.646996,3493.420263,3521.486494
20230911,0,3528.91579,3596.604935,3512.406243,3576.793478
20230912,0,3586.699207,3607.336141,3557.807499,3591.652071
20230913,0,3601.5578,3612.289005,3529.741268,3556.156544
20230914,0,3556.156544,3592.477548,3537.996041,3587.524684
20230915,0,3599.081367,3620.543779,3566.88775,3604.034232
20230918,0,3597.430413,3674.199809,3592.477548,3628.798553
20230919,0,3645.308101,3664.29408,3612.289005,3622.194734
20230920,0,3627.147598,3652.737397,3602.383277,3621.369257
20230921,0,3623.845689,3623.845689,3566.88775,3567.713227
20230922,0,3573.491569,3591.652071,3536.345087,3572.666091
20230925,0,3572.666091,3579.26991,3495.896695,3496.722173
20230926,0,3501.675037,3512.406243,3460.401168,3462.052123
20230927,0,3467.004987,3471.132374,3415.82539,3416.650867
20230928,0,3433.985892,3459.575691,3405.919661,3412.52348
20231009,0,3389.410113,3422.429209,3384.457249,3403.443229
20231010,0,3404.268706,3414.999912,3353.089109,3364.645792
20231011,0,3353.914586,3386.108204,3344.008858,3375.376998
20231012,0,3373.726043,3388.584636,3351.438154,3379.504385
20231013,0,3392.712023,3399.315842,3371.249611,3386.108204
20231016,0,3405.919661,3406.745138,3376.202475,3396.83941
20231017,0,3403.443229,3408.396093,3362.994837,3372.075089
20231018,0,3382.806294,3396.83941,3354.740064,3363.820315
20231019,0,3363.820315,3379.504385,3332.452174,3367.122224
20231020,0,3372.075089,3400.966797,3357.216496,3364.645792
20231023,0,3355.565541,3367.947702,3306.862376,3366.296747
20231024,0,3369.598656,3388.584636,3357.216496,3381.980817
20231025,0,3382.806294,3412.52348,3374.551521,3405.919661
20231026,0,3407.570616,3414.174435,3367.947702,3405.094184
20231027,0,3395.188455,3440.589711,3380.329862,3433.160414
20231030,0,3437.287801,3443.89162,3414.174435,3429.033028
20231031,0,3432.334937,3438.938756,3366.296747,3397.664887
20231101,0,3404.268706,3415.82539,3385.282727,3398.490365
20231102,0,3407.570616,3413.348957,3361.343883,3368.773179
20231103,0,3367.947702,3429.858505,3363.820315,3424.080163
20231106,0,3430.683982,3437.287801,3400.966797,3433.160414
20231107,0,3440.589711,3482.689057,3438.113279,3457.924736
20231108,0,3452.971872,3479.387148,3427.382073,3476.910715
20231109,0,3476.910715,3488.467399,3443.066143,3471.957851
20231110,0,3467.004987,3498.373127,3454.622826,3475.259761
20231113,0,3473.608806,3479.387148,3411.698003,3423.254686
20231114,0,3433.985892,3449.669962,3418.301822,3448.019007
20231115,0,3442.240666,3504.151469,3439.764233,3496.722173
20231116,0,3506.627901,3516.53363,3485.990967,3514.882675
20231117,0,3514.882675,3522.311971,3476.085238,3490.118354
20231120,0,3494.24574,3509.104333,3469.481419,3477.736193
20231121,0,3477.736193,3495.896695,3380.329862,3385.282727
20231122,0,3399.315842,3401.792274,3362.994837,3372.900566
20231123,0,3363.820315,3380.329862,3344.008858,3368.773179
20231124,0,3377.85343,3380.329862,3361.343883,3375.376998
20231127,0,3378.678908,3382.806294,3347.310767,3350.612677
20231128,0,3345.659812,3373.726043,3335.754084,3357.216496
20231129,0,3357.216496,3389.410113,3347.310767,3377.027953
20231130,0,3381.15534,3420.778254,3370.424134,3418.301822
20231201,0,3410.872525,3424.080163,3363.820315,3391.886546
20231204,0,3385.282727,3396.013932,3344.008858,3354.740064
20231205,0,3354.740064,3367.122224,3320.895491,3324.197401
20231206,0,3328.324787,3381.15534,3322.546446,3378.678908
20231207,0,3378.678908,3380.329862,3338.230516,3366.296747
20231208,0,3372.075089,3400.141319,3351.438154,3379.504385
20231211,0,3383.631772,3404.268706,3353.914586,3391.886546
20231212,0,3383.631772,3427.382073,3375.376998,3425.731118
20231213,0,3419.952776,3421.603731,3364.645792,3383.631772
20231214,0,3394.362978,3424.905641,3389.410113,3400.966797
20231215,0,3390.235591,3439.764233,3390.235591,3430.683982
20231218,0,3431.48163,3462.589902,3402.766303,3457.804014
20231219,0,3449.827534,3469.768734,3436.267518,3468.173438
20231220,0,3470.566382,3609.357131,3468.173438,3577.451212
20231221,0,3580.641803,3625.310091,3559.902956,3609.357131
20231222,0,3600.583003,3732.992569,3580.641803,3630.095979
20231225,0,3633.28657,3661.20425,3573.462972,3618.131259
20231226,0,3629.298331,3630.893626,3592.606523,3603.773595
20231227,0,3598.190059,3626.107739,3563.891196,3604.571243
20231228,0,3601.380651,3614.143019,3551.926476,3576.653564
20231229,0,3573.462972,3585.427691,3514.437021,3531.985276
20240102,0,3537.568812,3656.418362,3537.568812,3652.430122
20240103,0,3649.23953,3705.074889,3631.691274,3654.025418
20240104,0,3654.025418,3681.943098,3609.357131,3630.893626
20240105,0,3637.27481,3764.898488,3602.178299,3734.587865
20240108,0,3736.980808,3808.769127,3689.919577,3717.837257
20240109,0,3709.063129,3734.587865,3637.27481,3646.846586
20240110,0,3679.550154,3721.825497,3554.31942,3556.712364
20240111,0,3577.451212,3629.298331,3566.28414,3614.143019
20240112,0,3632.488922,3644.453642,3597.392411,3627.703035
20240115,0,3637.27481,3707.467833,3618.131259,3693.110169
20240116,0,3686.728985,3730.599625,3677.15721,3705.074889
20240117,0,3705.074889,3728.206681,3678.752506,3709.860777
20240118,0,3726.611385,3788.827927,3693.907817,3732.194921
20240119,0,3725.016089,3742.564344,3653.22777,3661.20425
20240122,0,3657.21601,3708.265481,3634.084218,3659.608954
20240123,0,3659.608954,3725.016089,3655.620714,3712.253721
20240124,0,3714.646665,3766.493784,3703.479593,3766.493784
20240125,0,3764.898488,3776.06556,3737.778456,3740.969048
20240126,0,3748.945528,3832.698567,3732.992569,3753.731416
20240129,0,3726.611385,3816.745607,3711.456073,3758.517304
20240130,0,3752.933768,3782.446744,3736.980808,3768.08908
20240131,0,3760.1126,3812.757367,3721.825497,3803.185591
20240201,0,3793.613815,3819.936199,3744.15964,3751.338472
20240202,0,3748.945528,3759.314952,3670.776026,3674.764266
20240205,0,3674.764266,3728.206681,3673.966618,3713.849017
20240206,0,3707.467833,3707.467833,3642.858346,3673.16897
20240207,0,3673.966618,3723.420793,3673.966618,3705.074889
20240208,0,3712.253721,3737.778456,3680.347802,3710.658425
20240219,0,3755.326712,3777.660856,3717.837257,3736.18316
20240220,0,3745.754936,3771.279672,3684.336041,3696.300761
20240221,0,3687.526633,3706.670185,3638.870106,3646.846586
20240222,0,3645.25129,3737.778456,3645.25129,3734.587865
20240223,0,3736.18316,3764.898488,3696.300761,3712.253721
20240226,0,3705.074889,3736.980808,3689.919577,3703.479593
20240227,0,3703.479593,3725.813737,3691.514873,3719.432553
20240228,0,3719.432553,3744.957288,3673.966618,3680.347802
20240229,0,3677.15721,3691.514873,3659.608954,3671.573674
20240301,0,3671.573674,3693.907817,3642.060698,3686.728985
20240304,0,3689.121929,3694.705465,3634.881866,3648.441882
20240305,0,3650.037178,3650.037178,3614.143019,3619.726555
20240306,0,3627.703035,3667.585434,3622.119499,3651.632474
20240307,0,3653.22777,3665.19249,3637.27481,3649.23953
20240308,0,3649.23953,3673.966618,3638.072458,3665.990138
20240311,0,3665.19249,3689.121929,3642.858346,3681.14545
20240312,0,3681.943098,3707.467833,3665.990138,3698.693705
20240313,0,3697.098409,3700.289001,3648.441882,3654.025418
20240314,0,3663.597194,3671.573674,3633.28657,3660.406602
20240315,0,3663.597194,3704.277241,3653.22777,3688.324281
20240318,0,3685.133689,3689.121929,3575.855916,3598.987707
20240319,0,3603.773595,3625.310091,3594.201819,3616.535963
20240320,0,3608.559483,3627.703035,3599.785355,3606.964187
20240321,0,3589.415931,3610.154779,3571.070028,3583.832395
20240322,0,3583.832395,3602.975947,3565.486492,3581.439451
20240325,0,3591.808875,3613.345371,3570.27238,3591.808875
20240326,0,3591.808875,3597.392411,3562.2959,3564.688844
20240327,0,3573.462972,3602.178299,3554.31942,3567.081788
20240328,0,3566.28414,3595.797115,3550.33118,3586.225339
20240329,0,3597.392411,3597.392411,3553.521772,3557.510012
20240401,0,3551.128828,3597.392411,3543.949996,3589.415931
20240402,0,3589.415931,3609.357131,3569.474732,3573.462972
20240403,0,3573.462972,3592.606523,3551.926476,3583.832395
20240408,0,3579.844155,3580.641803,3528.794684,3539.961756
20240409,0,3551.128828,3578.24886,3520.020557,3537.568812
20240410,0,3538.36646,3564.688844,3516.032317,3545.545292
20240411,0,3557.510012,3557.510012,3525.604093,3526.40174
20240412,0,3525.604093,3559.902956,3516.032317,3531.985276
20240415,0,3534.37822,3573.462972,3527.199388,3559.902956
20240416,0,3573.462972,3573.462972,3508.055837,3509.651133
20240417,0,3506.460541,3547.938236,3497.686413,3526.40174
20240418,0,3524.008797,3559.105308,3520.818205,3546.34294
20240419,0,3543.997475,3597.943168,3528.361042,3553.379335
20240422,0,3540.088367,3575.270341,3536.179259,3560.41573
20240423,0,3557.288443,3567.452124,3522.106469,3522.888291
20240424,0,3518.197361,3522.888291,3460.34256,3474.41535
20240425,0,3474.41535,3490.833604,3456.433452,3470.506241
20240426,0,3477.542636,3486.924496,3451.742522,3482.233566
20240429,0,3482.233566,3493.179069,3466.597133,3486.924496
20240430,0,3483.015388,3493.960891,3468.942598,3488.488139
20240506,0,3472.069885,3508.815502,3456.433452,3495.524534
20240507,0,3494.742712,3521.324648,3483.797209,3506.470037
20240508,0,3498.65182,3505.688215,3465.03349,3467.378955
20240509,0,3463.469847,3480.669923,3434.542446,3440.015198
20240510,0,3445.487949,3445.487949,3405.615046,3426.72423
20240513,0,3436.106089,3452.524344,3412.65144,3447.051592
20240514,0,3458.778917,3493.179069,3450.178879,3486.924496
20240515,0,3486.924496,3504.906393,3475.197171,3482.233566
20240516,0,3494.742712,3498.65182,3477.542636,3480.669923
20240517,0,3482.233566,3540.088367,3482.233566,3532.270151
20240520,0,3541.65201,3587.779487,3530.706507,3558.852086
20240521,0,3558.852086,3565.106659,3530.706507,3538.524724
20240522,0,3540.870189,3550.252048,3520.542826,3533.833794
20240523,0,3522.106469,3552.597513,3511.160967,3521.324648
20240524,0,3533.833794,3573.706697,3523.670113,3564.324838
20240527,0,3565.106659,3594.03406,3547.124762,3570.579411
20240528,0,3575.270341,3598.72499,3560.41573,3569.797589
20240529,0,3580.743092,3594.815882,3545.561118,3594.03406
20240530,0,3604.197741,3633.906963,3576.833984,3591.688595
20240531,0,3599.506811,3627.65239,3573.706697,3623.743282
20240603,0,3627.65239,3640.161536,3584.6522,3599.506811
20240604,0,3591.688595,3620.615996,3578.397627,3593.252238
20240605,0,3578.397627,3583.870379,3538.524724,3538.524724
20240606,0,3548.688405,3568.233946,3544.779297,3560.41573
20240607,0,3555.7248,3579.179449,3543.215654,3562.761194
20240611,0,3565.106659,3586.997665,3547.906583,3558.852086
20240612,0,3551.815692,3571.361232,3524.451934,3570.579411
20240613,0,3576.833984,3582.306735,3540.088367,3543.997475
20240614,0,3554.161156,3554.942978,3504.906393,3509.597323
20240617,0,3509.597323,3524.451934,3494.742712,3497.869999
20240618,0,3494.742712,3508.815502,3485.360853,3487.706317
20240619,0,3492.397247,3513.506431,3483.797209,3497.869999
20240620,0,3504.124572,3523.670113,3500.997285,3519.761004
20240621,0,3526.015578,3548.688405,3522.106469,3539.306545
20240624,0,3533.833794,3568.233946,3518.979183,3558.070265
20240625,0,3558.070265,3592.470417,3551.815692,3591.688595
20240626,0,3586.997665,3590.906773,3569.797589,3578.397627
20240627,0,3580.743092,3621.397817,3569.797589,3617.488709
20240628,0,3626.088747,3646.41611,3609.670493,3627.65239
20240701,0,3635.470607,3670.65258,3623.743282,3670.65258
20240702,0,3670.65258,3680.816261,3658.143434,3674.561688
20240703,0,3679.252618,3698.016337,3664.398007,3696.452694
20240704,0,3691.761764,3703.489089,3669.088937,3673.779867
20240705,0,3673.779867,3685.507191,3661.270721,3669.088937
20240708,0,3688.634478,3733.198311,3680.03444,3683.943548
20240709,0,3683.943548,3709.743662,3665.179829,3696.452694
20240710,0,3696.452694,3704.270911,3665.96165,3692.543586
20240711,0,3692.543586,3756.65296,3691.761764,3754.307495
20240712,0,3756.65296,3782.453074,3715.216413,3726.943738
20240715,0,3730.071025,3741.798349,3697.234516,3705.052732
20240716,0,3717.561878,3717.561878,3648.761574,3656.579791
20240717,0,3655.797969,3686.289013,3627.65239,3628.434212
20240718,0,3625.306925,3646.41611,3619.834174,3637.816072
20240719,0,3649.543396,3665.179829,3632.34332,3632.34332
20240722,0,3638.597893,3657.361612,3617.488709,3643.288823
20240723,0,3629.997855,3643.288823,3619.052352,3622.96146
20240724,0,3616.706887,3619.834174,3579.179449,3599.506811
20240725,0,3608.888671,3616.706887,3590.124952,3592.470417
20240726,0,3590.124952,3630.779677,3585.434022,3621.397817
20240729,0,3615.925066,3633.125142,3594.03406,3625.306925
20240730,0,3625.306925,3651.107039,3583.088557,3584.6522
20240731,0,3580.743092,3641.72518,3569.015768,3638.597893
20240801,0,3650.325218,3698.016337,3637.03425,3672.998045
20240802,0,3662.834364,3671.434402,3626.870569,3644.852466
20240805,0,3631.561498,3632.34332,3577.615806,3583.088557
20240806,0,3573.706697,3605.761384,3565.106659,3570.579411
20240807,0,3565.106659,3581.524914,3553.379335,3561.197551
20240808,0,3565.106659,3576.052162,3536.179259,3540.088367
20240809,0,3529.924686,3561.979373,3519.761004,3556.506621
20240812,0,3556.506621,3563.543016,3530.706507,3554.942978
20240813,0,3554.942978,3572.143054,3541.65201,3547.124762
20240814,0,3554.161156,3567.452124,3516.633718,3528.361042
20240815,0,3529.142864,3541.65201,3507.251858,3535.397437
20240816,0,3540.826964,3577.282356,3531.519204,3549.359077
20240819,0,3543.153904,3595.897876,3526.865324,3567.19895
20240820,0,3563.320717,3622.269862,3560.993777,3616.840336
20240821,0,3612.186456,3637.782795,3602.878696,3632.353269
20240822,0,3637.782795,3643.212322,3610.635162,3616.064689
20240823,0,3616.840336,3633.128915,3598.224816,3605.981282
20240826,0,3609.859516,3661.052195,3599.000463,3657.173961
20240827,0,3668.808661,3706.039701,3661.052195,3690.526767
20240828,0,3685.872888,3697.507587,3666.481721,3691.302414
20240829,0,3684.321594,3718.450047,3678.116421,3698.283234
20240830,0,3699.834527,3720.00134,3690.526767,3715.34746
20240902,0,3709.142287,3714.571814,3659.500901,3671.911248
20240903,0,3671.911248,3681.994654,3628.475035,3643.212322
20240904,0,3638.558442,3642.436675,3533.846144,3545.480844
20240905,0,3544.705197,3552.461664,3509.801098,3519.884504
20240906,0,3527.640971,3542.378257,3477.999585,3491.185578
20240909,0,3491.185578,3507.474158,3448.525012,3471.794412
20240910,0,3484.204758,3484.204758,3412.845266,3415.172206
20240911,0,3408.191386,3437.665959,3329.075428,3435.339019
20240912,0,3435.339019,3446.973719,3395.005393,3432.236433
20240913,0,3432.236433,3469.467472,3427.582553,3434.563373
20240918,0,3451.627599,3451.627599,3388.80022,3405.864446
20240919,0,3408.191386,3447.749366,3380.268107,3439.992899
20240920,0,3445.422426,3447.749366,3406.640093,3409.74268
20240923,0,3409.74268,3415.947853,3377.16552,3385.697633
20240924,0,3385.697633,3467.140532,3367.082114,3458.608419
20240925,0,3467.140532,3529.192264,3452.403246,3484.980405
20240926,0,3484.980405,3504.371571,3460.935359,3481.877818
20240927,0,3481.877818,3520.660151,3474.896998,3500.493338
20240930,0,3505.922864,3645.539262,3498.942045,3624.596802
20241008,0,3738.61686,3738.61686,3678.116421,3717.6744
20241009,0,3719.225694,3788.258246,3684.321594,3726.98216
20241010,0,3719.225694,3730.084747,3659.500901,3670.359955
20241011,0,3676.565128,3716.898754,3658.725255,3712.244874
20241014,0,3711.469227,3747.92462,3682.770301,3695.956294
20241015,0,3677.340774,3691.302414,3612.962102,3626.148095
20241016,0,3622.269862,3656.398315,3620.718569,3633.904562
20241017,0,3633.904562,3633.904562,3576.50671,3586.590116
20241018,0,3592.019643,3622.269862,3588.14141,3605.981282
20241021,0,3605.981282,3609.083869,3538.500024,3553.23731
20241022,0,3560.21813,3584.263176,3546.25649,3563.320717
20241023,0,3571.077183,3581.936236,3556.339897,3561.769423
20241024,0,3556.339897,3564.87201,3527.640971,3558.666837
20241025,0,3561.769423,3602.103049,3555.56425,3566.423303
20241028,0,3567.974597,3606.756929,3535.397437,3606.756929
20241029,0,3596.673523,3602.878696,3509.025451,3513.679331
20241030,0,3528.416617,3542.378257,3506.698511,3526.865324
20241031,0,3543.153904,3566.423303,3524.538384,3558.666837
20241101,0,3558.666837,3588.14141,3550.134724,3554.012957
20241104,0,3550.134724,3581.936236,3531.519204,3580.384943
20241105,0,3589.692703,3600.551756,3557.115543,3588.917056
20241106,0,3588.917056,3625.372449,3544.705197,3559.442483
20241107,0,3548.58343,3630.026329,3548.58343,3628.475035
20241108,0,3616.840336,3632.353269,3591.243996,3619.942922
20241111,0,3606.756929,3618.391629,3550.134724,3567.974597
20241112,0,3553.23731,3569.52589,3538.500024,3542.378257
20241113,0,3547.032137,3564.096363,3540.051317,3557.115543
20241114,0,3546.25649,3554.788603,3524.538384,3533.846144
20241115,0,3540.826964,3560.21813,3535.397437,3536.948731
20241118,0,3543.92955,3550.91037,3515.230624,3532.294851
20241119,0,3529.192264,3548.58343,3513.679331,3547.807784
20241120,0,3541.60261,3587.365763,3529.967911,3585.038823
20241121,0,3585.038823,3586.590116,3544.705197,3557.115543
20241122,0,3567.974597,3597.449169,3549.359077,3577.282356
20241125,0,3579.609296,3591.243996,3538.500024,3538.500024
20241126,0,3539.27567,3567.19895,3531.519204,3563.320717
20241127,0,3557.89119,3581.936236,3555.56425,3579.609296
20241128,0,3575.731063,3587.365763,3544.705197,3546.25649
20241129,0,3552.461664,3589.692703,3541.60261,3585.038823
20241202,0,3585.038823,3645.539262,3576.50671,3642.436675
20241203,0,3642.436675,3643.212322,3605.981282,3616.064689
20241204,0,3622.269862,3633.904562,3609.859516,3619.167276
20241205,0,3607.532576,3624.596802,3594.346583,3605.205636
20241206,0,3602.103049,3637.782795,3599.000463,3631.577622
20241209,0,3614.513396,3630.026329,3595.122229,3603.654343
20241210,0,3621.494216,3652.520082,3617.615982,3632.353269
20241211,0,3631.577622,3647.866202,3612.186456,3647.866202
20241212,0,3643.987968,3673.462541,3639.334089,3652.520082
20241213,0,3664.154781,3664.154781,3635.455855,3639.334089
20241216,0,3640.094025,3670.49147,3628.694983,3666.691789
20241217,0,3674.29115,3677.330895,3650.73313,3659.092428
20241218,0,3653.772875,3657.572555,3617.295941,3630.974791
20241219,0,3645.413577,3645.413577,3574.739518,3580.819007
20241220,0,3580.819007,3596.01773,3558.78086,3564.860349
20241223,0,3576.25939,3623.37543,3563.340476,3619.575749
20241224,0,3614.256196,3637.05428,3599.81741,3631.734727
20241225,0,3632.494663,3652.253003,3624.135366,3649.213258
20241226,0,3649.213258,3665.171917,3635.534408,3641.613897
20241227,0,3640.094025,3648.453322,3613.49626,3618.055877
20241230,0,3627.175111,3696.329298,3621.095622,3664.411981
20241231,0,3664.411981,3694.809425,3650.73313,3682.650447
20250102,0,3689.489873,3704.688595,3664.411981,3692.529617
20250103,0,3693.289553,3694.809425,3586.898496,3605.136963
20250106,0,3608.936644,3631.734727,3573.979582,3579.299135
20250107,0,3579.299135,3592.218049,3560.300732,3567.140157
20250108,0,3571.699774,3595.257793,3564.100412,3576.25939
20250109,0,3579.299135,3623.37543,3567.900093,3614.256196
20250110,0,3602.097219,3620.335685,3596.01773,3596.777666
20250113,0,3617.295941,3651.493066,3602.097219,3629.454919
20250114,0,3625.655238,3634.774472,3603.617091,3629.454919
20250115,0,3629.454919,3672.771278,3621.095622,3661.372236
20250116,0,3661.372236,3698.609106,3643.133769,3671.251406
20250117,0,3671.251406,3675.811022,3637.05428,3656.812619
20250120,0,3648.453322,3656.812619,3598.297538,3609.69658
20250121,0,3613.49626,3637.05428,3611.216452,3611.976388
20250122,0,3611.976388,3624.895302,3594.497857,3613.49626
20250123,0,3614.256196,3618.815813,3589.178304,3594.497857
20250124,0,3594.497857,3603.617091,3575.499454,3586.13856
20250127,0,3597.537602,3613.49626,3577.019326,3587.658432
20250205,0,3588.418368,3598.297538,3538.262584,3542.822201
20250206,0,3537.502648,3561.820604,3521.54399,3547.381818
20250207,0,3548.90169,3576.25939,3544.342073,3570.939838
20250210,0,3571.699774,3602.097219,3571.699774,3584.618688
20250211,0,3589.178304,3600.577346,3573.979582,3580.059071
20250212,0,3590.698177,3621.095622,3583.858752,3601.337282
20250213,0,3598.297538,3600.577346,3560.300732,3562.58054
20250214,0,3565.620285,3596.777666,3548.141754,3585.378624
20250217,0,3587.658432,3594.497857,3560.300732,3570.939838
20250218,0,3570.939838,3580.819007,3554.981179,3562.58054
20250219,0,3561.060668,3573.219646,3553.461307,3562.58054
20250220,0,3561.060668,3575.499454,3551.941434,3568.660029
20250221,0,3566.380221,3572.45971,3536.742712,3545.861945
20250224,0,3541.302329,3551.181498,3524.583734,3545.861945
20250225,0,3548.90169,3548.90169,3510.904884,3513.944628
20250226,0,3510.904884,3518.504245,3484.30712,3491.146545
20250227,0,3487.346864,3510.904884,3482.787247,3507.105203
20250228,0,3510.904884,3520.024117,3499.505842,3510.144948
20250303,0,3516.984373,3532.183095,3504.825395,3508.625076
20250304,0,3503.305523,3515.464501,3473.668014,3509.385012
20250305,0,3494.186289,3504.825395,3459.989164,3462.268972
20250306,0,3459.989164,3462.268972,3423.51223,3453.149739
20250307,0,3457.709355,3468.348461,3445.550377,3448.590122
20250310,0,3456.949419,3459.989164,3400.714146,3400.714146
20250311,0,3415.912869,3420.472485,3385.515424,3402.993955
20250312,0,3401.474082,3416.672805,3359.677596,3374.116382
20250313,0,3368.796829,3405.273763,3368.796829,3404.513827
20250314,0,3404.513827,3434.911272,3393.874721,3433.391399
20250317,0,3427.31191,3428.831783,3358.917659,3374.116382
20250318,0,3370.316701,3392.354849,3355.877915,3368.796829
20250319,0,3379.435935,3387.795232,3358.917659,3377.916063
20250320,0,3377.916063,3385.515424,3341.439129,3356.637851
20250321,0,3356.637851,3358.917659,3325.48047,3340.679193
20250324,0,3348.278554,3401.474082,3347.518618,3398.434338
20250325,0,3400.714146,3409.073444,3382.475679,3399.95421
20250326,0,3390.834977,3416.672805,3388.555168,3409.83338
20250327,0,3415.912869,3426.551974,3398.434338,3412.113188
20250328,0,3410.593316,3425.032102,3377.916063,3382.475679
20250331,0,3385.515424,3385.515424,3355.877915,3379.435935
20250401,0,3391.594913,3438.710952,3377.156126,3431.111591
20250402,0,3434.151336,3437.19108,3409.073444,3421.232421
20250403,0,3427.31191,3444.030505,3368.036893,3373.356446
20250407,0,3199.331074,3260.125964,3199.331074,3199.331074
20250408,0,3191.731713,3229.728519,3159.814395,3163.614076
20250409,0,3153.734907,3172.73331,3006.307299,3084.580719
20250410,0,3051.14353,3245.687177,3051.14353,3245.687177
20250411,0,3222.129157,3257.086219,3190.971776,3251.766666
20250414,0,3242.647433,3264.68558,3209.210243,3223.64903
20250415,0,3239.607688,3243.407369,3166.653821,3175.013118
20250416,0,3168.933629,3187.172096,3117.257973,3124.857334
20250417,0,3130.936823,3162.094204,3121.057653,3125.61727
20250418,0,3120.297717,3144.615673,3108.138739,3137.016312
20250421,0,3142.25465,3166.949674,3113.069622,3157.969665
20250422,0,3144.499652,3159.466333,3121.301297,3129.532971
20250423,0,3141.506316,3183.413023,3113.817956,3180.419686
20250424,0,3171.439678,3172.936346,3107.08295,3127.287969
20250425,0,3113.069622,3137.764646,3101.096278,3113.069622
20250428,0,3100.347944,3151.982993,3100.347944,3135.519644
20250429,0,3135.519644,3146.744654,3116.811293,3133.274642
20250430,0,3135.519644,3145.247986,3107.08295,3109.327952
20250506,0,3104.089614,3125.042967,3070.414582,3090.619601
20250507,0,3092.864603,3192.393031,3092.116269,3142.25465
20250508,0,3139.261314,3173.68468,3098.851276,3159.466333
20250509,0,3159.466333,3171.439678,3143.751318,3156.472997
20250512,0,3172.936346,3230.558067,3139.261314,3219.333057
20250513,0,3277.703112,3283.689784,3229.061399,3254.504757
20250514,0,3330.086495,3407.164902,3303.894804,3371.993202
20250515,0,3367.503197,3371.993202,3321.854821,3338.31817
20250516,0,3337.569836,3380.224876,3331.583163,3337.569836
20250519,0,3349.54318,3382.469878,3327.841493,3348.794846
20250520,0,3334.576499,3342.808174,3284.438118,3302.398136
20250521,0,3293.418127,3326.344825,3289.676457,3303.14647
20250522,0,3303.894804,3318.861484,3274.709776,3300.901467
20250523,0,3298.656465,3324.099823,3292.669793,3294.914795
20250526,0,3292.669793,3319.609819,3278.451446,3287.431455
20250527,0,3287.431455,3288.928123,3244.776414,3282.94145
20250528,0,3286.683121,3295.663129,3216.33972,3226.068063
20250529,0,3232.803069,3268.723104,3212.59805,3261.988097
20250530,0,3251.511421,3266.478101,3235.048072,3254.504757
20250603,0,3262.736431,3268.723104,3217.088055,3222.326393
20250604,0,3225.319729,3235.048072,3184.161357,3211.849716
20250605,0,3196.134701,3245.524748,3181.916354,3205.11471
20250606,0,3212.59805,3230.558067,3182.664689,3188.651361
20250609,0,3201.37304,3212.59805,3172.936346,3184.909691
20250610,0,3187.903027,3214.094718,3175.181348,3194.638033
20250611,0,3196.134701,3218.584723,3187.903027,3206.611378
20250612,0,3216.33972,3217.088055,3166.20134,3168.446342
20250613,0,3165.453005,3300.901467,3160.214667,3243.279746
20250616,0,3250.763086,3286.683121,3200.624706,3273.213108
20250617,0,3251.511421,3300.153133,3226.068063,3292.669793
20250618,0,3296.411463,3356.278187,3291.173125,3345.80151
20250619,0,3352.536516,3397.436559,3339.814838,3396.688225
20250620,0,3397.436559,3404.171565,3356.278187,3368.251531
20250623,0,3363.013193,3422.879917,3342.808174,3368.251531
20250624,0,3351.788182,3358.523189,3230.558067,3241.783078
20250625,0,3233.551403,3244.776414,3220.829725,3235.048072
20250626,0,3228.313065,3250.763086,3197.631369,3212.59805
20250627,0,3210.353048,3220.829725,3184.161357,3196.134701
20250630,0,3196.134701,3208.85638,3181.16802,3193.141365
20250701,0,3196.883035,3202.121374,3178.174684,3197.631369
20250702,0,3210.353048,3231.306401,3189.399695,3217.088055
20250703,0,3225.319729,3230.558067,3201.37304,3208.85638
20250704,0,3210.353048,3227.564731,3192.393031,3200.624706
20250707,0,3208.85638,3220.829725,3190.148029,3202.121374
20250708,0,3206.611378,3209.604714,3186.406359,3193.141365
20250709,0,3195.386367,3211.101382,3188.651361,3205.11471
20250710,0,3202.869708,3243.279746,3198.379703,3236.54474
20250711,0,3236.54474,3249.266418,3211.849716,3221.578059
20250714,0,3221.578059,3262.736431,3220.081391,3260.491429
20250715,0,3266.478101,3266.478101,3229.809733,3234.299738
20250716,0,3239.538076,3265.729767,3215.591386,3256.001425
20250717,0,3256.001425,3287.431455,3250.763086,3271.71644
20250718,0,3278.451446,3291.921459,3256.749759,3274.709776
20250721,0,3285.186453,3312.874812,3277.703112,3300.153133
20250722,0,3305.391472,3339.814838,3291.921459,3327.841493
20250723,0,3336.821502,3348.046512,3297.159797,3319.609819
20250724,0,3322.603155,3371.244868,3316.616482,3356.278187
20250725,0,3357.774855,3427.369921,3357.774855,3401.178229
20250728,0,3401.178229,3401.178229,3309.881476,3319.609819
20250729,0,3309.881476,3349.54318,3309.881476,3342.808174
20250730,0,3342.808174,3360.019857,3319.609819,3330.086495
20250731,0,3322.603155,3343.556508,3297.159797,3303.14647
20250801,0,3300.901467,3311.378144,3283.689784,3296.411463
20250804,0,3294.166461,3294.166461,3263.484765,3284.438118
20250805,0,3277.703112,3297.908131,3264.233099,3291.921459
20250806,0,3305.391472,3313.623146,3288.928123,3303.14647
20250807,0,3315.119814,3323.351489,3281.444782,3289.676457
20250808,0,3295.663129,3296.411463,3272.464774,3280.696448
20250811,0,3287.431455,3308.384808,3279.19978,3303.14647
20250812,0,3301.649801,3325.596491,3297.908131,3316.616482
20250813,0,3306.139806,3318.11315,3294.914795,3297.159797
20250814,0,3297.159797,3303.894804,3261.239763,3267.97477
20250815,0,3279.19978,3281.444782,3265.729767,3269.471438
20250818,0,3266.507275,3276.140804,3241.311892,3254.650624
20250819,0,3263.543112,3280.587048,3246.499177,3278.363926
20250820,0,3273.917682,3361.360481,3249.463339,3317.639081
20250821,0,3312.451796,3329.495732,3298.372024,3314.674918
20250822,0,3325.790529,3336.165098,3302.818268,3315.415959
20250825,0,3315.415959,3349.50383,3312.451796,3341.352383
20250826,0,3342.093423,3350.244871,3324.308447,3327.27261
20250827,0,3323.567407,3345.057586,3313.192837,3320.603244
20250828,0,3318.380122,3323.567407,3287.997454,3308.746593
20250829,0,3310.228674,3322.826366,3304.300349,3309.487634
20250901,0,3305.78243,3310.969715,3270.212478,3280.587048
20250902,0,3279.104966,3286.515373,3211.670265,3215.375469
