date,time,open,high,low,close
20220722,0,7050,7085.2,6857,6956.6
20220725,0,6974.2,7015.8,6850,6878.6
20220726,0,6898,6994,6844.8,6991
20220727,0,6982,7074.4,6965.2,7066.2
20220728,0,7110,7171.4,7072.4,7119
20220729,0,7130,7152,7068,7087
20220801,0,7070.2,7141,7004.4,7136.6
20220802,0,7070,7075,6820.4,6948.2
20220803,0,6990,7062,6861,6882.8
20220804,0,6933,6942.8,6778.2,6890.8
20220805,0,6903.4,7080.8,6903.4,7080
20220808,0,7060,7145,7039.6,7132.2
20220809,0,7120,7164.8,7084.4,7160.6
20220810,0,7138,7202,7130,7168.4
20220811,0,7201.4,7287.6,7179.6,7284.8
20220812,0,7275,7306,7205.4,7222.4
20220815,0,7210,7297.6,7206,7266
20220816,0,7275,7361.4,7257.2,7311
20220817,0,7317,7346.4,7263.8,7327.6
20220818,0,7312.699547,7382.771949,7302.228958,7366.260636
20220819,0,7368.676926,7386.799099,7231.955198,7235.176917
20220822,0,7228.532121,7302.0276,7167.722162,7281.489137
20220823,0,7273.032123,7309.075112,7257.527597,7302.83303
20220824,0,7312.296832,7326.391855,6998.58188,7017.106768
20220825,0,7042.47781,7046.50496,6911.595449,6987.507219
20220826,0,7015.898623,7079.728944,6933.1407,6958.511742
20220829,0,6856.222143,7026.369212,6851.188206,6997.172378
20220830,0,7001.400885,7012.676904,6933.94613,6988.111291
20220831,0,6965.357896,6978.848847,6744.468742,6755.744761
20220901,0,6765.611278,6833.26739,6694.934803,6727.957429
20220902,0,6751.918969,6819.373724,6715.07055,6775.880509
20220905,0,6772.054717,6857.027573,6737.219873,6792.995895
20220906,0,6815.950647,6931.731197,6783.733451,6926.495903
20220907,0,6897.500426,7001.199527,6897.500426,6967.170113
20220908,0,6968.378258,6991.937083,6910.588662,6921.059251
20220909,0,6939.785496,6965.760611,6882.599973,6959.921244
20220913,0,6982.271924,7004.823962,6918.642961,6938.174637
20220914,0,6856.222143,6897.500426,6830.851101,6872.330741
20220915,0,6911.734677,6911.734677,6545.318698,6620.064308
20220916,0,6601.174792,6659.874469,6468.338844,6482.556759
20220919,0,6472.197992,6528.2572,6354.392411,6396.233704
20220920,0,6460.011208,6565.426892,6441.731032,6488.243925
20220921,0,6467.120165,6547.959167,6401.108418,6512.41438
20220922,0,6472.604218,6608.080636,6467.120165,6535.975496
20220923,0,6537.194175,6559.333499,6343.221192,6421.825951
20220926,0,6385.874937,6490.478169,6348.502132,6352.361281
20220927,0,6386.890503,6504.696083,6368.407213,6498.399578
20220928,0,6479.510063,6492.712412,6297.723865,6299.145656
20220929,0,6372.672588,6406.186244,6276.396992,6329.409504
20220930,0,6339.158931,6344.642984,6193.120633,6197.995347
20221010,0,6216.884863,6238.414848,6033.879986,6069.018547
20221011,0,6083.236462,6123.859076,6027.380368,6087.501837
20221012,0,6078.767975,6278.631236,5986.960867,6265.225773
20221013,0,6243.289562,6403.139548,6237.805509,6339.565157
20221014,0,6398.061721,6537.600401,6370.84457,6517.898433
20221017,0,6499.618257,6588.378669,6496.368448,6548.365394
20221018,0,6566.64557,6649.718816,6532.522574,6598.331209
20221019,0,6577.816789,6646.875233,6552.833881,6562.989535
20221020,0,6539.643174,6632.209445,6399.36022,6518.549533
20221021,0,6528.789165,6578.758568,6466.327412,6530.222713
20221024,0,6522.645386,6711.464194,6417.177179,6512.405754
20221025,0,6491.926491,6542.100686,6361.26879,6492.745661
20221026,0,6500.322989,6735.629725,6488.035431,6656.374976
20221027,0,6690.780138,6717.198388,6607.634329,6628.113592
20221028,0,6580.192116,6617.464375,6350.619573,6373.351556
20221031,0,6351.643537,6512.405754,6333.621785,6437.246858
20221101,0,6468.375338,6626.065666,6421.682617,6626.065666
20221102,0,6613.778108,6719.041522,6601.49055,6688.527419
20221103,0,6648.592856,6746.89332,6648.592856,6720.679863
20221104,0,6745.869357,6912.570561,6721.499033,6908.269915
20221107,0,6892.705675,6939.398396,6820.618668,6872.635997
20221108,0,6190.266941,6878.779776,6190.266941,6868.335352
20221109,0,6860.962817,6909.703464,6819.594705,6834.74936
20221110,0,6797.067515,6826.762447,6741.773504,6774.540325
20221111,0,6962.949548,6974.827521,6800.958575,6804.235257
20221114,0,6827.78641,6874.888716,6722.932582,6750.170002
20221115,0,6753.037099,6915.028072,6740.339956,6914.82328
20221116,0,6909.498671,6936.940884,6851.951941,6858.710098
20221117,0,6848.038576,6884.978459,6788.319099,6882.105357
20221118,0,6875.538267,6936.489073,6804.531603,6819.923221
20221121,0,6778.673686,6870.612949,6753.020989,6859.530984
20221122,0,6848.243798,6861.377978,6684.476985,6728.394401
20221123,0,6734.345826,6755.894091,6589.869841,6724.495191
20221124,0,6741.528581,6767.796942,6690.633632,6730.446617
20221125,0,6716.081107,6724.905634,6655.1303,6666.622708
20221128,0,6591.922057,6670.316696,6537.743562,6661.492169
20221129,0,6671.753247,6805.968154,6670.72714,6769.233493
20221130,0,6772.517038,6795.912297,6726.547407,6754.662762
20221201,0,6829.773856,6889.08289,6811.098694,6835.930504
20221202,0,6836.135725,6923.149671,6824.848539,6856.247439
20221205,0,6904.67973,6911.862485,6847.21769,6878.000925
20221206,0,6864.866745,6923.149671,6830.799964,6872.665165
20221207,0,6864.456302,6914.940808,6845.781139,6869.997284
20221208,0,6876.359153,6876.359153,6806.994262,6837.777498
20221209,0,6840.034935,6874.512159,6785.85644,6859.325763
20221212,0,6852.348229,6866.303296,6786.677327,6828.337305
20221213,0,6833.673066,6833.673066,6762.666403,6777.237135
20221214,0,6787.703435,6811.714358,6722.442975,6745.22257
20221215,0,6740.683805,6793.704824,6716.545832,6774.105615
20221216,0,6755.950558,6772.661462,6682.5051,6737.795501
20221219,0,6729.74951,6760.283015,6578.31983,6619.375016
20221220,0,6604.933493,6621.025476,6537.470952,6550.67463
20221221,0,6556.451239,6570.686454,6445.870438,6500.954531
20221222,0,6527.361886,6533.344803,6365.823141,6401.72064
20221223,0,6376.963744,6428.746918,6323.736418,6359.633917
20221226,0,6366.854679,6504.25545,6364.791604,6483.418396
20221227,0,6503.842835,6538.915105,6462.993957,6536.0268
20221228,0,6509.000522,6517.665436,6461.343498,6491.877002
20221229,0,6477.848095,6534.582648,6458.248886,6466.913799
20221230,0,6488.576083,6502.811298,6458.455193,6484.037319
20230103,0,6478.054402,6645.988679,6473.928253,6622.469628
20230104,0,6622.469628,6642.068837,6576.050448,6616.693019
20230105,0,6636.704843,6698.80339,6610.297487,6695.089856
20230106,0,6691.788936,6749.967641,6682.5051,6710.356608
20230109,0,6723.766593,6778.231764,6718.402599,6723.766593
20230110,0,6732.844122,6753.062253,6694.883548,6738.208116
20230111,0,6745.22257,6769.360543,6685.393405,6699.216005
20230112,0,6704.992614,6747.904567,6677.966336,6696.740315
20230113,0,6715.10168,6758.426247,6685.599712,6748.729796
20230116,0,6746.254107,6868.800741,6746.047799,6805.464349
20230117,0,6814.33557,6856.215986,6800.51297,6816.604952
20230118,0,6829.602323,6863.643054,6819.905872,6830.014938
20230119,0,6819.725361,6912.743131,6795.23617,6911.508382
20230120,0,6931.264368,6973.863214,6911.919965,6973.863214
20230130,0,7080.463224,7087.460136,6987.651246,6989.50337
20230131,0,6993.001826,7046.301831,6971.805299,7015.433102
20230201,0,7028.809551,7123.473653,7019.754724,7123.06207
20230202,0,7133.351646,7185.622694,7111.949328,7128.618441
20230203,0,7110.097204,7133.763229,7022.635806,7120.38678
20230206,0,7091.781758,7125.119985,7038.275961,7093.222299
20230207,0,7107.421914,7116.27095,7038.893336,7112.978285
20230208,0,7105.775582,7126.560526,7051.446619,7064.617277
20230209,0,7039.099128,7226.369416,7036.423838,7224.105709
20230210,0,7212.787175,7227.192582,7111.126161,7179.654739
20230213,0,7170.188329,7249.006483,7161.750877,7243.450112
20230214,0,7254.768646,7269.585636,7219.166712,7259.913434
20230215,0,7255.591812,7276.582548,7229.044706,7253.94548
20230216,0,7263.644372,7302.852657,7082.460822,7128.891686
20230217,0,7148.289469,7161.290111,7059.554929,7067.602946
20230220,0,7089.477042,7149.114907,7012.092268,7142.098688
20230221,0,7145.606797,7210.610007,7109.081184,7155.718408
20230222,0,7135.907906,7212.054523,7130.542561,7189.561349
20230223,0,7189.561349,7209.371851,7102.684043,7165.623659
20230224,0,7167.893612,7187.910473,7091.127917,7148.908548
20230227,0,7122.700904,7142.717766,7047.998803,7097.937777
20230228,0,7118.367357,7175.116191,7065.332992,7157.988361
20230301,0,7147.670391,7206.27646,7132.193437,7202.561991
20230302,0,7199.879318,7236.611291,7162.321908,7182.957848
20230303,0,7176.354347,7215.149914,7118.780076,7162.734627
20230306,0,7169.957206,7213.08632,7121.669107,7177.592504
20230307,0,7171.814441,7184.815083,7062.443961,7064.507555
20230308,0,7045.109772,7108.668465,7038.71263,7089.477042
20230309,0,7094.636027,7107.22395,7050.268756,7097.318699
20230310,0,7058.316773,7082.048103,7003.425174,7014.568581
20230313,0,7007.96508,7055.427741,6958.851544,7049.856038
20230314,0,7037.474474,7047.792444,6909.325289,6991.249969
20230315,0,7016.219456,7072.761931,7002.599736,7023.648394
20230316,0,7002.293617,7010.586735,6900.495602,6923.716331
20230317,0,6961.035359,7034.222119,6940.924549,6972.438395
20230320,0,7002.500945,7010.172079,6932.009448,6966.011229
20230321,0,6986.95135,7057.23552,6977.621593,7040.234629
20230322,0,7060.552767,7092.481268,7049.771714,7075.687706
20230323,0,7065.735965,7103.676977,7058.272159,7101.396369
20230324,0,7105.957584,7121.714507,7080.24892,7108.238191
20230327,0,7108.238191,7137.056774,7065.528637,7111.34811
20230328,0,7099.945074,7113.214062,7058.479487,7077.553657
20230329,0,7099.945074,7100.981714,7035.466087,7055.369568
20230330,0,7054.332929,7071.541147,7005.196208,7071.541147
20230331,0,7074.23641,7126.897705,7062.833374,7125.653738
20230403,0,7137.264102,7214.804749,7132.080904,7194.279283
20230404,0,7200.913777,7209.621551,7160.692158,7204.853008
20230406,0,7173.54649,7222.268554,7171.473211,7214.390093
20230407,0,7228.488392,7291.516084,7216.463372,7283.637623
20230410,0,7295.869971,7305.821712,7207.962927,7226.415113
20230411,0,7237.196166,7246.940579,7200.499121,7227.866409
20230412,0,7234.70823,7268.917339,7225.585801,7258.758271
20230413,0,7251.294465,7268.088028,7213.975437,7222.268554
20230414,0,7233.878919,7272.85657,7205.68232,7260.83155
20230417,0,7256.063008,7279.076408,7240.928068,7266.429404
20230418,0,7251.294465,7262.904829,7210.243534,7235.952198
20230419,0,7229.110376,7258.758271,7200.291794,7210.036206
20230420,0,7190.060925,7212.949268,7168.421037,7208.787751
20230421,0,7198.383959,7206.498917,7035.044418,7043.575528
20230424,0,7046.280514,7048.9855,6960.345189,6993.637325
20230425,0,6975.742802,6987.395049,6786.809932,6878.987532
20230426,0,6862.965692,6934.127632,6855.891113,6896.673979
20230427,0,6867.751437,6959.30481,6867.751437,6916.025033
20230428,0,6918.521943,7015.277213,6916.025033,7010.491468
20230504,0,6994.469628,7019.646806,6959.096734,6996.758462
20230505,0,6994.053476,6996.134235,6874.61794,6918.521943
20230508,0,6928.925736,6991.972718,6925.804598,6957.848279
20230509,0,6957.848279,6973.870119,6878.571381,6880.652139
20230510,0,6880.860215,6926.844977,6846.5277,6891.888235
20230511,0,6899.17089,6923.72384,6878.987532,6882.732898
20230512,0,6871.288726,6907.910075,6792.42798,6802.623696
20230515,0,6806.369061,6851.937672,6730.421377,6842.782335
20230516,0,6852.978051,6852.978051,6759.34392,6782.440339
20230517,0,6767.666954,6831.130087,6767.666954,6809.074047
20230518,0,6817.009788,6856.688489,6810.535894,6841.234679
20230519,0,6835.178456,6900.126226,6803.853166,6881.748722
20230522,0,6876.11017,6891.146309,6820.351152,6868.800935
20230523,0,6870.680453,6884.672416,6798.841119,6800.720637
20230524,0,6790.278873,6846.455561,6752.688524,6784.013815
20230525,0,6781.925462,6828.704563,6686.278907,6762.921452
20230526,0,6755.821053,6842.278856,6715.098175,6824.527858
20230529,0,6842.487691,6868.5921,6781.507792,6813.668423
20230530,0,6808.029871,6857.732666,6739.323067,6847.708573
20230531,0,6839.355162,6863.997724,6792.367226,6836.222633
20230601,0,6818.471635,6901.170402,6798.005778,6857.732666
20230602,0,6879.869205,6928.110153,6871.515794,6904.511767
20230605,0,6912.865178,6924.768788,6886.969604,6903.885261
20230606,0,6897.829038,6897.829038,6735.981702,6753.523865
20230607,0,6766.053981,6799.67646,6741.82909,6756.656394
20230608,0,6756.447559,6756.865229,6671.869274,6722.82508
20230609,0,6734.728691,6780.881286,6701.523882,6770.439522
20230612,0,6766.262817,6829.748739,6758.118241,6800.929472
20230613,0,6790.278873,6842.278856,6790.278873,6828.913398
20230614,0,6834.551951,6872.351135,6823.901352,6856.688489
20230615,0,6870.313826,6920.62276,6855.430766,6901.75691
20230616,0,6901.547289,6976.80107,6897.774119,6951.646603
20230619,0,6958.354461,6986.233995,6954.162049,6967.577765
20230620,0,6958.14484,7000.278573,6952.485085,6972.189418
20230621,0,6956.887117,6964.643077,6838.661121,6839.080363
20230626,0,6811.620069,6832.791746,6709.954098,6736.366289
20230627,0,6743.493388,6817.699065,6731.754636,6790.029152
20230628,0,6790.029152,6790.029152,6665.933781,6773.888369
20230629,0,6763.407341,6823.358821,6757.118724,6804.073729
20230630,0,6793.592701,6913.28604,6793.592701,6891.275882
20230703,0,6916.430349,6944.729124,6872.200411,6900.289566
20230704,0,6898.19336,6932.151891,6896.516396,6931.523029
20230705,0,6927.540238,6934.248096,6868.008,6882.052577
20230706,0,6872.410031,6924.605551,6846.207462,6849.980632
20230707,0,6845.78822,6853.334561,6779.338503,6826.293508
20230710,0,6852.496078,6866.959897,6801.348662,6834.049469
20230711,0,6842.224671,6896.516396,6821.472236,6887.083471
20230712,0,6890.64702,6894.42019,6789.40029,6795.688907
20230713,0,6813.925895,6876.812063,6813.925895,6864.654071
20230714,0,6877.650545,6887.712332,6853.544181,6855.640387
20230717,0,6834.887951,6843.901635,6785.417499,6828.180093
20230718,0,6832.582125,6852.705699,6794.011942,6828.389714
20230719,0,6823.358821,6846.836323,6774.936471,6813.716275
20230720,0,6823.595186,6839.989975,6722.704178,6734.684985
20230721,0,6728.589487,6783.028593,6708.201095,6733.423848
20230724,0,6719.761524,6773.780251,6702.736166,6719.341144
20230725,0,6806.990208,6844.824336,6783.869352,6828.639736
20230726,0,6825.697082,6826.74803,6775.251578,6797.952055
20230727,0,6799.843761,6819.601584,6729.850624,6748.13712
20230728,0,6723.544936,6821.913669,6705.048251,6803.416984
20230731,0,6825.907272,6911.03406,6817.079308,6857.015333
20230801,0,6850.709645,6872.779553,6828.219357,6840.620544
20230802,0,6832.843529,6855.123626,6799.633572,6826.74803
20230803,0,6806.359639,6831.162012,6786.391627,6826.53784
20230804,0,6852.811541,6911.03406,6835.155614,6867.524813
20230807,0,6857.645901,6882.658464,6832.21296,6847.556801
20230808,0,6833.684287,6846.085473,6785.130489,6815.187602
20230809,0,6785.971248,6810.143052,6750.659395,6760.958685
20230810,0,6750.239016,6782.608214,6723.334747,6751.920532
20230811,0,6759.487358,6763.69115,6622.653928,6625.176203
20230814,0,6564.221219,6652.290662,6529.329746,6645.354405
20230815,0,6658.806539,6659.226919,6520.922162,6587.552265
20230816,0,6563.170271,6582.507714,6503.896804,6503.896804
20230817,0,6475.573382,6580.89455,6432.353939,6564.320103
20230818,0,6565.788725,6588.447462,6423.332405,6427.73827
20230821,0,6419.346145,6472.006729,6200.101882,6350.530721
20230822,0,6392.491346,6408.22658,6265.77026,6382.210993
20230823,0,6368.783593,6372.769852,6247.517388,6267.658488
20230824,0,6297.450531,6348.222887,6239.544869,6270.595731
20230825,0,6241.642901,6279.617266,6137.790355,6170.100036
20230828,0,6535.367272,6535.367272,6176.813736,6197.164639
20230829,0,6197.584245,6444.942126,6194.227395,6398.15603
20230830,0,6421.02457,6507.67326,6402.142289,6428.577483
20230831,0,6424.591224,6439.697048,6379.693355,6410.114808
20230901,0,6423.542208,6450.187205,6379.903158,6402.142289
20230904,0,6430.465711,6501.798773,6399.205046,6501.798773
20230905,0,6493.406648,6513.128141,6444.102914,6464.244014
20230906,0,6446.200945,6511.239913,6395.218786,6481.657673
20230907,0,6461.936179,6473.265548,6365.426743,6375.077687
20230908,0,6346.964068,6410.534414,6346.964068,6373.189458
20230911,0,6391.652133,6502.008576,6354.936587,6467.181257
20230912,0,6467.181257,6501.169363,6455.012676,6474.73417
20230913,0,6459.838148,6467.600864,6337.522928,6392.701149
20230914,0,6380.298342,6389.127459,6314.290181,6368.315969
20230915,0,6376.724651,6422.131539,6328.374725,6377.355303
20230918,0,6348.555564,6418.978283,6326.692988,6394.382885
20230919,0,6388.707025,6390.178544,6317.023003,6347.714696
20230920,0,6327.533857,6352.549688,6290.745869,6293.058257
20230921,0,6274.979589,6313.028879,6231.254438,6245.338982
20230922,0,6245.128765,6377.985954,6227.890965,6374.832698
20230925,0,6364.532061,6380.088125,6316.812786,6339.51623
20230926,0,6329.215593,6346.66361,6307.353018,6314.079964
20230927,0,6311.767576,6390.598978,6304.199762,6359.276635
20230928,0,6373.150961,6388.917242,6353.810991,6385.343551
20231009,0,6385.343551,6390.178544,6324.380601,6364.321844
20231010,0,6384.502683,6406.155041,6336.362974,6342.038835
20231011,0,6369.367054,6426.756315,6333.840369,6348.975998
20231012,0,6388.496807,6408.257212,6361.168588,6404.263088
20231013,0,6379.037039,6396.485056,6367.895534,6395.013537
20231016,0,6401.320049,6403.212002,6301.256723,6320.596693
20231017,0,6327.744074,6332.158632,6265.519821,6313.449313
20231018,0,6296.001296,6296.001296,6195.097102,6206.238606
20231019,0,6178.619717,6232.381678,6133.712667,6146.151709
20231020,0,6135.188485,6165.126519,6052.753479,6078.474887
20231023,0,6062.873377,6062.873377,5872.914448,5905.382456
20231024,0,5927.098072,6035.043656,5891.467596,5982.546683
20231025,0,6035.043656,6106.51544,6035.043656,6050.434335
20231026,0,6030.194538,6118.532819,6010.798066,6093.865566
20231027,0,6074.258263,6248.40485,6059.500078,6226.900066
20231030,0,6221.629285,6328.099051,6216.147674,6298.58268
20231031,0,6298.58268,6313.973359,6234.48999,6266.957998
20231101,0,6272.228778,6288.041119,6233.014171,6257.681424
20231102,0,6267.590491,6292.890238,6191.26959,6195.697045
20231103,0,6206.8711,6320.087465,6206.8711,6280.662027
20231106,0,6325.147414,6430.141361,6324.936583,6415.383176
20231107,0,6415.172345,6459.868563,6385.655974,6428.24388
20231108,0,6427.189724,6471.253449,6401.257484,6441.526247
20231109,0,6432.460505,6479.475867,6383.758493,6401.046653
20231110,0,6378.06605,6408.636577,6351.501317,6394.510885
20231113,0,6418.123982,6456.706095,6390.715923,6455.651939
20231114,0,6455.651939,6513.841355,6442.369572,6499.294001
20231115,0,6546.309363,6565.705835,6505.197276,6534.924477
20231116,0,6515.383637,6526.853261,6459.947121,6466.319134
20231117,0,6456.761114,6536.623681,6448.265096,6534.712077
20231120,0,6547.668504,6603.529821,6494.993194,6599.069412
20231121,0,6610.963837,6623.707863,6532.588073,6543.845296
20231122,0,6526.003659,6579.10377,6468.018337,6470.779543
20231123,0,6467.805937,6562.961336,6443.379886,6559.562929
20231124,0,6545.119699,6547.880905,6434.883868,6458.035517
20231127,0,6450.813901,6481.611966,6408.546213,6458.247917
20231128,0,6446.990693,6493.29399,6389.854974,6475.239953
20231129,0,6471.629145,6488.40878,6428.299454,6451.238702
20231130,0,6441.043481,6451.451103,6359.48171,6410.245416
20231201,0,6410.245416,6489.683183,6383.27056,6469.929941
20231204,0,6478.213559,6488.621181,6432.972264,6434.246667
20231205,0,6425.325848,6425.325848,6313.815615,6327.621644
20231206,0,6306.169199,6421.927441,6298.310382,6369.676932
20231207,0,6356.083303,6414.493425,6314.665216,6387.093768
20231208,0,6398.775792,6441.043481,6367.765328,6372.862938
20231211,0,6343.339276,6473.96555,6303.195592,6446.990693
20231212,0,6446.353492,6463.345528,6423.414244,6455.911512
20231213,0,6438.069875,6455.486711,6386.244166,6396.014587
20231214,0,6425.952468,6461.877926,6356.667656,6368.215125
20231215,0,6393.876167,6409.700475,6283.106004,6311.546992
20231218,0,6298.716471,6315.182306,6209.33051,6235.205393
20231219,0,6229.217817,6274.12464,6201.84604,6242.048338
20231220,0,6250.602018,6266.426327,6138.334962,6142.611802
20231221,0,6117.592287,6200.562988,6057.288839,6169.555896
20231222,0,6154.586955,6198.852251,6091.289719,6118.875339
20231225,0,6121.441443,6153.303903,6075.679252,6113.315446
20231226,0,6106.686344,6106.686344,6008.53286,6026.709432
20231227,0,6045.955213,6083.377565,6004.683704,6065.628678
20231228,0,6050.659737,6221.519505,6033.124692,6205.05367
20231229,0,6200.349145,6311.760834,6199.921461,6302.779469
20240102,0,6302.993311,6310.477782,6235.633078,6237.343814
20240103,0,6220.664137,6257.658805,6165.065213,6211.46893
20240104,0,6201.418356,6203.770618,6126.573651,6164.209845
20240105,0,6149.027063,6180.034154,6035.904638,6056.861155
20240108,0,6039.967636,6044.886003,5840.666881,5859.484978
20240109,0,5885.787545,5970.682824,5849.648245,5894.982752
20240110,0,5881.083021,5952.720095,5786.778694,5864.189502
20240111,0,5864.831028,6030.344746,5851.145139,5982.444135
20240112,0,5962.342986,6027.778642,5935.18505,5935.18505
20240115,0,5910.593219,5987.362501,5878.516917,5912.945481
20240116,0,5908.027115,5931.335894,5809.232105,5894.555068
20240117,0,5880.869179,5886.001387,5698.889627,5716.424672
20240118,0,5694.248605,5769.908126,5474.879477,5731.860953
20240119,0,5704.901814,5771.864838,5658.375556,5671.637714
20240122,0,5657.940732,5674.681488,5137.455406,5250.944688
20240123,0,5250.727275,5498.360018,5188.547324,5433.136293
20240124,0,5495.098832,5555.974308,5253.771049,5534.015654
20240125,0,5495.533656,5769.908126,5476.618776,5768.603652
20240126,0,5744.036049,5779.691685,5648.374585,5670.985477
20240129,0,5704.901814,5730.339066,5498.360018,5503.795328
20240130,0,5473.575002,5543.364388,5311.385339,5334.431056
20240131,0,5314.646526,5365.086206,5116.148989,5138.759881
20240201,0,5111.148504,5281.165014,5055.92575,5108.322142
20240202,0,5137.672819,5204.853255,4716.76238,4899.606222
20240205,0,4840.687457,4846.775005,4436.517775,4540.223498
20240206,0,4506.959398,5050.273027,4488.479342,5010.269142
20240207,0,5029.571466,5309.455164,5008.295041,5256.593118
20240208,0,5314.938779,5569.15916,5314.938779,5462.118999
20240219,0,5560.385376,5618.073003,5325.906008,5433.823547
20240220,0,5398.289723,5516.735802,5343.67292,5471.550817
20240221,0,5429.656,5719.410204,5418.250081,5485.150181
20240222,0,5517.613181,5634.523848,5501.381681,5617.853659
20240223,0,5648.123212,5722.700373,5556.656518,5721.60365
20240226,0,5721.60365,5818.334615,5662.599955,5719.410204
20240227,0,5689.798685,5913.310823,5682.340968,5906.949829
20240228,0,5922.303951,5992.49422,5593.287065,5612.589389
20240229,0,5602.060848,5857.816641,5601.622159,5849.700891
20240301,0,5851.016959,5924.278052,5799.032291,5913.530167
20240304,0,5922.303951,5942.702998,5800.567703,5904.09835
20240305,0,5865.274357,5886.989472,5792.013264,5825.134297
20240306,0,5812.851,5942.044964,5791.35523,5861.984188
20240307,0,5876.460931,5942.044964,5777.536521,5787.407027
20240308,0,5812.851,5901.466215,5764.156501,5865.274357
20240311,0,5845.533344,5991.836186,5834.34677,5991.397497
20240312,0,6009.383753,6060.491043,5953.012193,6019.034915
20240313,0,6026.273287,6106.553407,5993.590943,6051.059226
20240314,0,6047.742365,6088.650312,5946.688681,6011.478023
20240315,0,5992.240232,6118.502056,5967.47434,6116.51194
20240318,0,6147.248181,6238.793532,6088.871436,6235.255547
20240319,0,6213.585392,6234.149927,6157.419887,6171.129577
20240320,0,6170.466205,6247.638493,6156.093142,6223.535973
20240321,0,6249.849733,6274.836749,6186.387135,6221.324733
20240322,0,6203.63481,6224.862717,6097.495273,6145.921437
20240325,0,6139.951088,6163.832484,5992.68248,6009.487907
20240326,0,6015.67938,6046.415621,5932.315619,5971.454573
20240327,0,5959.292751,5969.906705,5766.472592,5767.799336
20240328,0,5789.248368,5983.395271,5783.056895,5914.625696
20240329,0,5918.384804,5991.355736,5861.113679,5983.616395
20240401,0,6017.89062,6144.152444,6014.57376,6126.90477
20240402,0,6115.185196,6128.673762,6039.339652,6088.208064
20240403,0,6075.382869,6085.554575,5993.566976,6053.270466
20240408,0,6036.686163,6036.686163,5905.780734,5913.298952
20240409,0,5920.596045,6013.247016,5911.751083,6005.28655
20240410,0,5990.250116,5997.989457,5843.64488,5892.95554
20240411,0,5860.229183,6000.200697,5850.057477,5919.269301
20240412,0,5930.988874,5964.820852,5854.479958,5869.737517
20240415,0,5852.268718,5907.549727,5721.363289,5818.657864
20240416,0,5793.670849,5820.869105,5570.335573,5588.909992
20240417,0,5678.907474,5853.153214,5660.775303,5847.846237
20240418,0,5845.38728,5921.167857,5764.241708,5850.081652
20240419,0,5820.797713,5884.283505,5755.300047,5802.914391
20240422,0,5762.229834,5872.435805,5717.297988,5800.008351
20240423,0,5806.491055,5843.598948,5737.416725,5758.206086
20240424,0,5787.713568,5898.590163,5751.499841,5896.354748
20240425,0,5867.964974,5965.205537,5858.129147,5900.602037
20240426,0,5914.014528,6055.739853,5909.320156,6045.233402
20240429,0,6069.152345,6227.643284,6069.152345,6211.101212
20240430,0,6209.536421,6224.737245,6120.790437,6139.567924
20240506,0,6238.149736,6312.812605,6223.395995,6248.209105
20240507,0,6250.44452,6291.129077,6234.573072,6266.763051
20240508,0,6243.961816,6246.867855,6148.733127,6169.522488
20240509,0,6180.699565,6306.776984,6180.699565,6278.163669
20240510,0,6289.340745,6315.04802,6179.805399,6218.478082
20240513,0,6155.215831,6208.642255,6092.624205,6160.804369
20240514,0,6199.924136,6241.949942,6155.439373,6188.747059
20240515,0,6184.276229,6205.065591,6121.23752,6135.320636
20240516,0,6187.579451,6204.772827,6109.7568,6125.140347
20240517,0,6139.61898,6262.008672,6117.222345,6255.448042
20240520,0,6258.841471,6320.149432,6228.979291,6265.62833
20240521,0,6243.910381,6260.425072,6159.074642,6195.044996
20240522,0,6204.32037,6226.038319,6155.681213,6198.212197
20240523,0,6172.648361,6173.779504,6023.563689,6061.796328
20240524,0,6051.61604,6092.789652,5982.616306,5985.104821
20240527,0,6017.681744,6045.734095,5917.914915,6035.553807
20240528,0,6017.681744,6049.353753,5955.016412,5971.304874
20240529,0,5979.449105,6042.340666,5940.764008,5976.96059
20240530,0,5958.862299,6021.980088,5927.416518,5985.331049
20240531,0,6009.763742,6055.235698,6004.108026,6010.894885
20240603,0,6006.370312,6011.347342,5860.67907,5907.282169
20240604,0,5893.029765,5978.091733,5860.226613,5959.540985
20240605,0,5945.514809,5982.163848,5886.242906,5892.803537
20240606,0,5921.987031,5933.977149,5736.479548,5770.866301
20240607,0,5826.518546,5845.521752,5724.489431,5785.797391
20240611,0,5762.495842,5871.990502,5710.010798,5852.534839
20240612,0,5842.128322,5889.862564,5834.662777,5860.000384
20240613,0,5881.718333,5881.718333,5807.51534,5823.577574
20240614,0,5805.253054,5874.931474,5783.535105,5857.964327
20240617,0,5827.649689,5889.862564,5817.243172,5852.308611
20240618,0,5849.367638,5930.131262,5849.367638,5915.878858
20240619,0,5927.868975,5943.026294,5815.207114,5831.043119
20240620,0,5816.425541,5846.574295,5696.515724,5713.188898
20240621,0,5698.79972,5751.56004,5673.447359,5703.824513
20240624,0,5665.681771,5686.922938,5511.283606,5520.419592
20240625,0,5540.975561,5558.790733,5444.819307,5491.184436
20240626,0,5491.184436,5671.391762,5450.072499,5657.916182
20240627,0,5637.360214,5644.897402,5502.14762,5521.56159
20240628,0,5510.141607,5654.946987,5508.086011,5540.290362
20240701,0,5547.82755,5629.366226,5473.826063,5588.025889
20240702,0,5595.791477,5615.662247,5524.987585,5554.45114
20240703,0,5551.481945,5571.809514,5505.573614,5518.363995
20240704,0,5531.382775,5542.117559,5368.990622,5400.509774
20240705,0,5399.367776,5488.90044,5344.55186,5456.696089
20240708,0,5445.961305,5446.189705,5295.445935,5325.137889
20240709,0,5317.143901,5476.566859,5283.797552,5443.448909
20240710,0,5431.115328,5497.122827,5421.979342,5433.627724
20240711,0,5527.271581,5582.315898,5481.134852,5574.550309
20240712,0,5562.673527,5586.655491,5529.783978,5554.907939
20240715,0,5538.919964,5546.000353,5470.628468,5491.641236
20240716,0,5476.795258,5524.302386,5443.905708,5500.548822
20240717,0,5504.660016,5520.647991,5449.1589,5469.714869
20240718,0,5435.253052,5517.822641,5378.818935,5500.938663
20240719,0,5452.599604,5578.188643,5447.74257,5501.169951
20240722,0,5525.223836,5560.148228,5478.041214,5511.809169
20240723,0,5523.14225,5529.849584,5347.826428,5348.52029
20240724,0,5342.506819,5376.737349,5275.896058,5285.147553
20240725,0,5267.569713,5369.336153,5252.536034,5295.555484
20240726,0,5321.228381,5410.967879,5319.840657,5394.315188
20240729,0,5410.967879,5410.967879,5341.812957,5364.247831
20240730,0,5341.119095,5418.369074,5302.494105,5384.369832
20240731,0,5388.995579,5665.152692,5375.118337,5660.758232
20240801,0,5665.615266,5707.015704,5582.81439,5619.589081
20240802,0,5574.02547,5657.288921,5529.849584,5542.570389
20240805,0,5527.767997,5611.262736,5379.975372,5401.253809
20240806,0,5480.816663,5509.727583,5404.029258,5469.714869
20240807,0,5459.538225,5503.482824,5427.157994,5457.225351
20240808,0,5436.640776,5518.516503,5383.213395,5475.728341
20240809,0,5518.516503,5541.645239,5414.437189,5420.219373
20240812,0,5420.219373,5439.416224,5378.587648,5410.274017
20240813,0,5410.042729,5441.035236,5362.397532,5423.457396
20240814,0,5423.688684,5436.409489,5366.560705,5367.717142
20240815,0,5355.322727,5518.320977,5347.839306,5422.439653
20240816,0,5436.003353,5459.155185,5381.046984,5385.957979
20240819,0,5388.062691,5480.903875,5378.942272,5405.3681
20240820,0,5409.109811,5417.060945,5283.060948,5305.043496
20240821,0,5297.092362,5330.767753,5277.68224,5287.504229
20240822,0,5294.519936,5306.446637,5210.79917,5230.443149
20240823,0,5236.055714,5254.764265,5198.170898,5232.547861
20240826,0,5238.394283,5281.657807,5213.371596,5249.1517
20240827,0,5233.717145,5238.394283,5171.511213,5194.195331
20240828,0,5183.437914,5254.530408,5169.640358,5203.549606
20240829,0,5185.308769,5324.453617,5182.26863,5293.818365
20240830,0,5294.052222,5492.830576,5291.245939,5403.263389
20240902,0,5392.739829,5419.399514,5272.069675,5280.020809
20240903,0,5289.842798,5370.289567,5278.149954,5317.204054
20240904,0,5296.858505,5363.507718,5269.964963,5304.108068
20240905,0,5313.930057,5392.038258,5313.930057,5352.04873
20240906,0,5372.861993,5375.668276,5240.732852,5258.505975
20240909,0,5246.813131,5283.528662,5197.703184,5211.968454
20240910,0,5227.870723,5264.586254,5120.062698,5230.910862
20240911,0,5215.008594,5255.231979,5190.453621,5232.314004
20240912,0,5243.07142,5314.397771,5216.879449,5224.830583
20240913,0,5232.547861,5236.757285,5161.455367,5164.495506
20240918,0,5160.052225,5171.74507,5071.654322,5150.69795
20240919,0,5157.069072,5320.830496,5120.730081,5254.995572
20240920,0,5257.355247,5259.478954,5177.362274,5217.948679
20240923,0,5209.217883,5306.672448,5194.115964,5234.938337
20240924,0,5304.548741,5494.266587,5236.354142,5490.019173
20240925,0,5557.033934,5666.522841,5512.908017,5517.391399
20240926,0,5511.492213,5828.396526,5500.873676,5825.328949
20240927,0,5925.143189,6326.995791,5845.386184,6326.523856
20240930,0,6513.882028,6858.86647,6362.390912,6858.86647
20241008,0,7528.778119,7528.778119,6968.119409,7338.35237
20241009,0,7138.015988,7231.931041,6700.29633,6783.828814
20241010,0,6913.846891,7001.862757,6642.012365,6682.598769
20241011,0,6642.720267,6666.081047,6306.230654,6398.257967
20241014,0,6441.911949,6652.630901,6297.499857,6622.427064
20241015,0,6553.996498,6735.219515,6466.688534,6467.160469
20241016,0,6416.427463,6630.685926,6400.617642,6521.19702
20241017,0,6567.189393,6651.58777,6478.049535,6483.028091
20241018,0,6515.98139,7148.020916,6472.122683,6795.491743
20241021,0,6873.963267,7060.066428,6835.32019,6922.563456
20241022,0,6920.429789,7017.156018,6864.954451,6962.628977
20241023,0,6936.787901,7114.119321,6919.007344,6983.254423
20241024,0,6946.270865,6975.430978,6876.334008,6945.085494
20241025,0,6964.051421,7144.938953,6958.835791,7107.481246
20241028,0,7107.481246,7198.754771,7056.510317,7194.250364
20241029,0,7217.720699,7241.428108,7063.385466,7085.907504
20241030,0,7064.570836,7159.163398,7017.630166,7119.334951
20241031,0,7135.063022,7307.595189,7089.546939,7224.903667
20241101,0,7206.315947,7225.141971,6998.991381,7018.055709
20241104,0,7007.570329,7197.022087,7007.570329,7191.779397
20241105,0,7172.238461,7498.715076,7162.229689,7460.58642
20241106,0,7467.258935,7564.725312,7388.618583,7468.68876
20241107,0,7417.453379,7623.109816,7414.117121,7612.624435
20241108,0,7673.391981,7753.223854,7565.20192,7604.045488
20241111,0,7576.878821,7771.334965,7557.09958,7733.444614
20241112,0,7744.88321,7790.160989,7581.406599,7635.025021
20241113,0,7610.956307,7668.864203,7510.391977,7622.633208
20241114,0,7603.092272,7621.918295,7412.448992,7434.611274
20241115,0,7458.918292,7513.966539,7262.31741,7271.849574
20241118,0,7317.365657,7320.701914,7031.639043,7094.551325
20241119,0,7124.101033,7269.943141,7066.908049,7259.934369
20241120,0,7244.444603,7397.912442,7233.24431,7376.465074
20241121,0,7363.596652,7416.023554,7298.063025,7372.1756
20241122,0,7355.256009,7398.865659,7081.206295,7090.976763
20241125,0,7117.190214,7144.118577,7008.761849,7140.544016
20241126,0,7125.530858,7188.919748,7014.481148,7046.652201
20241127,0,7013.527931,7262.794018,6912.010385,7252.546942
20241128,0,7257.551328,7300.207762,7162.706297,7192.970918
20241129,0,7184.868578,7418.168291,7135.063022,7335.00016
20241202,0,7335.238464,7514.919755,7328.089342,7467.020631
20241203,0,7473.454842,7535.413907,7379.324723,7465.352502
20241204,0,7465.114198,7470.833497,7305.450452,7353.826184
20241205,0,7334.761856,7484.893439,7331.663903,7453.675602
20241206,0,7462.731157,7590.22385,7357.877354,7546.6142
20241209,0,7534.937299,7571.63613,7409.112735,7463.684374
20241210,0,7744.88321,7790.160989,7542.56303,7575.925604
20241211,0,7574.257476,7688.643443,7574.019171,7661.71508
20241212,0,7664.098121,7742.500169,7597.849581,7718.431455
20241213,0,7648.37005,7676.728238,7539.703381,7576.878821
20241216,0,7579.261862,7583.78964,7437.947531,7462.969461
20241217,0,7446.764783,7467.497239,7313.552792,7320.225306
20241218,0,7351.443143,7438.662443,7299.254546,7375.273553
20241219,0,7315.321728,7424.913664,7256.808746,7410.765034
20241220,0,7390.861028,7523.95408,7380.309506,7465.441098
20241223,0,7458.246879,7465.201291,7261.8447,7269.75834
20241224,0,7299.734253,7359.206464,7248.895105,7350.333594
20241225,0,7329.949973,7333.78689,7210.28613,7290.141961
20241226,0,7284.146779,7389.661991,7284.146779,7351.292823
20241227,0,7358.007427,7478.390693,7314.362499,7366.400683
20241230,0,7356.328776,7409.805804,7293.739071,7354.410318
20241231,0,7375.273553,7383.427001,7103.571881,7105.969954
20250102,0,7106.209761,7152.012956,6855.371324,6928.032936
20250103,0,6956.809812,6961.605958,6716.283089,6744.580351
20250106,0,6738.585168,6810.287551,6664.244905,6711.247136
20250107,0,6726.83461,6813.884661,6677.194499,6801.894296
20250108,0,6786.546628,6832.110016,6566.163718,6762.086284
20250109,0,6731.467716,6822.3514,6730.252694,6756.983189
20250110,0,6754.310139,6840.576738,6624.302731,6629.162821
20250113,0,6597.086227,6712.999374,6538.036132,6659.295379
20250114,0,6695.989059,6988.809484,6654.678294,6983.463385
20250115,0,6965.724056,6980.304327,6893.551719,6928.544368
20250116,0,6966.696074,7111.040749,6897.682796,6950.414773
20250117,0,6929.273381,7086.011285,6908.617998,7020.400069
20250120,0,7071.431015,7150.407478,7043.971506,7067.056934
20250121,0,7113.956803,7135.584203,7005.819799,7102.535591
20250122,0,7067.785947,7082.366217,6987.594462,7055.149713
20250123,0,7118.816893,7243.721207,7016.755002,7018.213029
20250124,0,7018.942042,7200.70941,7018.942042,7192.933266
20250127,0,7227.439905,7234.244031,7030.120249,7035.709353
20250205,0,7121.246938,7173.492906,7042.270475,7086.25429
20250206,0,7082.123213,7304.715337,7043.485497,7276.28381
20250207,0,7286.246995,7503.979029,7275.554797,7406.048214
20250210,0,7429.862656,7496.445889,7390.981935,7464.612299
20250211,0,7459.023196,7479.678579,7383.6918,7451.976065
20250212,0,7440.068845,7566.917195,7435.208755,7561.085087
20250213,0,7553.794952,7564.730154,7478.463556,7502.764006
20250214,0,7506.409074,7557.197015,7450.518038,7539.457686
20250217,0,7582.955492,7605.797915,7494.744858,7556.468001
20250218,0,7541.158718,7576.88038,7369.840544,7424.030548
20250219,0,7420.142476,7591.217645,7411.151309,7581.74047
20250220,0,7571.777285,7644.678636,7540.429704,7599.236794
20250221,0,7624.023253,7804.089589,7589.030605,7774.929049
20250224,0,7751.843621,7788.051292,7688.419446,7735.562319
20250225,0,7666.063032,7782.462188,7644.92164,7721.954067
20250226,0,7747.712545,7855.120535,7681.61532,7801.41654
20250227,0,7791.453355,7841.269278,7684.531374,7794.369409
20250228,0,7761.320797,7772.499004,7542.859749,7570.076253
20250303,0,7593.890695,7684.531374,7528.765488,7551.850916
20250304,0,7514.671227,7661.931955,7495.473871,7629.369352
20250305,0,7636.416483,7690.849491,7573.478316,7670.437113
20250306,0,7718.795009,7902.992421,7718.065995,7868.242778
20250307,0,7842.970309,7897.646322,7797.771472,7840.29726
20250310,0,7846.615377,7868.728787,7744.067477,7809.435688
20250311,0,7740.908419,7886.71112,7733.618283,7885.496097
20250312,0,7928.021885,8003.353281,7876.018922,7914.413633
20250313,0,7906.15148,7922.675786,7727.786175,7807.734657
20250314,0,7810.650711,7980.267853,7763.021828,7973.949736
20250317,0,7974.192741,7986.342966,7925.834845,7950.378299
20250318,0,7978.809826,8060.945348,7965.201574,7991.203056
20250319,0,7970.547673,7999.708213,7904.936458,7958.397448
20250320,0,7934.814828,7989.840942,7886.91263,7925.234388
20250321,0,7891.580023,7920.566994,7720.851677,7760.401697
20250324,0,7768.753875,7775.140835,7608.342926,7713.482108
20250325,0,7706.11254,7746.153864,7621.60815,7677.616873
20250326,0,7676.634264,7765.069091,7672.458175,7691.127749
20250327,0,7677.325027,7782.476674,7583.968434,7708.69485
20250328,0,7715.721691,7754.620271,7611.824837,7627.13331
20250331,0,7591.999108,7644.198494,7503.410728,7590.242398
20250401,0,7615.087298,7676.321193,7603.041286,7609.315251
20250402,0,7619.353594,7705.683347,7607.809499,7654.236837
20250403,0,7616.342091,7697.903631,7529.259462,7568.65996
20250407,0,7213.804521,7326.484926,6816.78804,6816.78804
20250408,0,6901.361083,6901.612042,6527.432792,6667.467682
20250409,0,6527.68375,6886.303568,6340.719604,6813.023661
20250410,0,6964.602646,7153.825419,6962.845936,6999.48589
20250411,0,6970.374694,7210.793018,6957.826765,7117.436425
20250414,0,7193.727834,7239.904214,7139.771739,7143.536117
20250415,0,7139.52078,7179.925112,7073.267714,7127.725727
20250416,0,7102.127951,7111.915336,6969.872777,7030.604754
20250417,0,7011.78286,7171.141562,6999.234931,7094.348235
20250418,0,7088.325229,7151.064875,7019.060659,7079.541678
20250421,0,7061.47266,7256.467481,7031.35763,7240.155173
20250422,0,7240.406131,7281.31238,7192.724,7239.653255
20250423,0,7327.990677,7369.649802,7267.509658,7302.894819
20250424,0,7284.072925,7306.659197,7190.96729,7236.892711
20250425,0,7262.741445,7327.990677,7207.530556,7260.984735
20250428,0,7252.703102,7271.023078,7152.319668,7188.708663
20250429,0,7176.160733,7262.239528,7152.319668,7244.672427
20250430,0,7258.977066,7319.207127,7246.429137,7279.55567
20250506,0,7346.812571,7472.291863,7343.048192,7470.033236
20250507,0,7547.579439,7641.688908,7428.876028,7472.542822
20250508,0,7459.743934,7582.462682,7459.743934,7552.347652
20250509,0,7544.818895,7544.818895,7417.833851,7459.994893
20250512,0,7531.267131,7577.694469,7497.638681,7575.184883
20250513,0,7623.368932,7628.639062,7504.91648,7524.491249
20250514,0,7541.556433,7656.495465,7495.631012,7582.713641
20250515,0,7561.63312,7566.150374,7433.8952,7464.763106
20250516,0,7452.466135,7518.97016,7444.937378,7445.690253
20250519,0,7453.46997,7499.646349,7365.885424,7497.889639
20250520,0,7508.680858,7563.891747,7457.234348,7553.100528
20250521,0,7540.050681,7551.343818,7496.132929,7529.510421
20250522,0,7511.190444,7576.188718,7440.92204,7466.017899
20250523,0,7464.763106,7526.247959,7366.889258,7368.144051
20250526,0,7378.182394,7455.22668,7366.889258,7434.648076
20250527,0,7425.864525,7448.450798,7354.592287,7422.100147
20250528,0,7434.648076,7459.492976,7370.151719,7402.02346
20250529,0,7421.849188,7568.158043,7410.80701,7567.656126
20250530,0,7530.263297,7534.027675,7443.431626,7486.094586
20250603,0,7467.272692,7562.636954,7454.473804,7526.247959
20250604,0,7538.293971,7612.828671,7518.719202,7596.516363
20250605,0,7604.045121,7678.077903,7566.401333,7656.244506
20250606,0,7647.962873,7672.556814,7625.627559,7654.487796
20250609,0,7679.332696,7768.673952,7664.275181,7739.311798
20250610,0,7742.072342,7747.091514,7606.554706,7671.55298
20250611,0,7685.104743,7775.449834,7682.344199,7709.447726
20250612,0,7682.595158,7747.84439,7658.252175,7725.509076
20250613,0,7688.116246,7716.725525,7604.045121,7634.411109
20250616,0,7608.813334,7706.93814,7608.813334,7688.618164
20250617,0,7698.15459,7716.976484,7654.236837,7691.880625
20250618,0,7685.606661,7704.177596,7627.635228,7684.602826
20250619,0,7664.442199,7695.337706,7571.493851,7600.8184
20250620,0,7608.67319,7627.001033,7567.30463,7576.992204
20250623,0,7553.689661,7680.413605,7547.144002,7659.991151
20250624,0,7683.293695,7859.240989,7680.413605,7848.244283
20250625,0,7848.244283,8028.904452,7847.982457,8011.362088
20250626,0,7992.248766,8048.279601,7973.39727,7982.823018
20250627,0,8011.88574,8083.102503,7986.488586,7999.841729
20250630,0,8038.592026,8082.055197,8010.576609,8049.326906
20250701,0,8041.995769,8051.15969,7954.545774,8029.428105
20250702,0,8024.977057,8027.333494,7959.520474,8007.958346
20250703,0,8021.311488,8065.560138,7983.608497,8032.570021
20250704,0,8024.977057,8095.931993,7965.018827,8001.674514
20250707,0,7985.703107,8024.977057,7979.419275,8000.889035
20250708,0,8004.292777,8165.054144,7988.321371,8163.483186
20250709,0,8168.981539,8181.81103,8127.351153,8134.944116
20250710,0,8134.944116,8201.709831,8117.663578,8157.984833
20250711,0,8169.243366,8326.077338,8131.540374,8273.450246
20250714,0,8281.566862,8286.541562,8238.365517,8250.409528
20250715,0,8244.911175,8293.872699,8154.581091,8217.943063
20250716,0,8231.819859,8319.53168,8208.517315,8244.911175
20250717,0,8240.98378,8367.445899,8232.081685,8365.874941
20250718,0,8386.297394,8426.880476,8342.834223,8396.246795
20250721,0,8430.807871,8513.544991,8417.97838,8461.179725
20250722,0,8461.179725,8532.92014,8445.470145,8529.516398
20250723,0,8537.109361,8589.736454,8475.580173,8509.35577
20250724,0,8498.882717,8674.568185,8497.835412,8664.618785
20250725,0,8665.142437,8665.142437,8597.067591,8647.861899
20250728,0,8651.527468,8699.17986,8587.90367,8642.887199
20250729,0,8618.013698,8724.315188,8570.361305,8721.435099
20250730,0,8692.634202,8716.198572,8582.667143,8645.767289
20250731,0,8625.868488,8684.779412,8505.690201,8559.102773
20250801,0,8580.834359,8633.199625,8518.519692,8565.386605
20250804,0,8546.011457,8697.870729,8525.327176,8696.037944
20250805,0,8716.198572,8751.545127,8680.852017,8747.617732
20250806,0,8737.144678,8882.458292,8729.289889,8853.133743
20250807,0,8861.25036,8895.025956,8785.58255,8836.638684
20250808,0,8823.547368,8850.777306,8778.251412,8817.00171
20250811,0,8849.468175,9017.298853,8844.755301,8969.122808
20250812,0,8970.43194,9022.273553,8933.776253,9011.538674
20250813,0,9034.055738,9184.867705,9030.651996,9166.278036
20250814,0,9183.558573,9200.315459,9023.844511,9071.235077
20250815,0,9070.973251,9277.554226,9056.572803,9276.768747
20250818,0,9326.253924,9504.034003,9286.194495,9405.325476
20250819,0,9405.325476,9471.567538,9367.622484,9396.161555
20250820,0,9356.887605,9534.405858,9278.339705,9525.241936
20250821,0,9550.115437,9572.370676,9368.407963,9428.62802
20250822,0,9438.839247,9621.855852,9438.839247,9620.284894
20250825,0,9687.574261,9812.465421,9637.827258,9703.545668
20250826,0,9676.315729,9801.206889,9663.224413,9707.734889
20250827,0,9739.939528,9833.673354,9524.98011,9539.90421
20250828,0,9569.752412,9667.937287,9373.64449,9639.398216
20250829,0,9632.328905,9713.495068,9530.478463,9643.849264
20250901,0,9687.574261,9747.532491,9595.149566,9662.177107
20250902,0,9665.58085,9679.457645,9402.707213,9493.037297
