date,time,open,high,low,close
20230721,0,238900,238900,214150,215100
20230724,0,214500,214700,209000,211400
20230725,0,211000,225900,211000,225900
20230726,0,226100,240450,223050,227800
20230727,0,234000,234100,223000,224900
20230728,0,223800,230450,222050,227900
20230731,0,228300,232850,227850,228050
20230801,0,229000,230000,225700,228400
20230802,0,228450,230350,227950,228550
20230803,0,226000,230050,224600,229650
20230804,0,231000,232600,228400,228950
20230807,0,227500,228800,219500,219800
20230808,0,219200,221450,216300,217000
20230809,0,217450,218200,215200,217800
20230810,0,217450,219000,210050,210500
20230811,0,210000,211700,205300,208800
20230814,0,207200,207500,196750,196750
20230815,0,196000,198050,193400,194500
20230816,0,194000,200300,192050,196250
20230817,0,196000,198350,192250,194000
20230818,0,195200,197700,194600,195750
20230821,0,198000,203500,196200,201150
20230822,0,201200,204350,197100,198300
20230823,0,198300,200200,195600,200000
20230824,0,200500,203000,197300,199450
20230825,0,199700,200950,194200,194250
20230828,0,195500,197900,183450,185700
20230829,0,185200,188700,180700,186350
20230830,0,188100,188800,184600,186100
20230831,0,186800,187200,180850,186850
20230901,0,187900,190650,185300,186750
20230904,0,187700,191900,187150,189900
20230905,0,191350,193900,188700,190450
20230906,0,191000,192450,189500,190550
20230907,0,190000,190100,183250,184700
20230908,0,183200,184100,175550,176500
20230911,0,176900,179500,170750,178650
20230912,0,178850,181850,176950,177750
20230913,0,177000,179250,174900,176050
20230914,0,175200,176100,169150,169150
20230915,0,170500,171300,167000,170100
20230918,0,169500,171000,166400,167150
20230919,0,166400,167250,158900,159400
20230920,0,158450,159700,153100,154150
20230921,0,153600,160500,153100,159950
20230922,0,160000,161950,154650,156150
20230925,0,156000,160500,155750,158750
20230926,0,158000,158300,149100,149100
20230927,0,149000,151900,145000,148450
20230928,0,150000,152500,147750,150000
20231009,0,150000,153300,148500,151900
20231010,0,152600,155300,150800,151900
20231011,0,152900,156000,152350,155900
20231012,0,157100,164950,156350,164950
20231013,0,167500,171000,166000,170250
20231016,0,171150,175050,164800,168900
20231017,0,168650,171500,165450,169150
20231018,0,170150,171550,165500,165900
20231019,0,164750,167050,157050,159450
20231020,0,157000,160150,151700,151950
20231023,0,152000,152600,148150,150800
20231024,0,151000,155100,150500,155000
20231025,0,156700,158150,150700,150950
20231026,0,150350,152600,148000,151150
20231027,0,151500,154450,149150,154050
20231030,0,154500,157450,152500,156850
20231031,0,155900,157700,151950,153750
20231101,0,153450,156150,152800,154000
20231102,0,153500,155300,151900,152400
20231103,0,153250,154400,150500,151400
20231106,0,150000,151500,146900,147150
20231107,0,146350,147150,141200,142550
20231108,0,141900,146300,138300,145350
20231109,0,145300,146750,142800,144150
20231110,0,144600,149750,143200,148900
20231113,0,149800,151400,141600,141650
20231114,0,141150,145350,140800,142550
20231115,0,144000,144450,141500,142600
20231116,0,142500,142700,140450,140900
20231117,0,139500,140350,137450,138000
20231120,0,138000,141300,136350,137200
20231121,0,137900,138400,131050,132300
20231122,0,132300,132800,124700,124700
20231123,0,124400,125450,120400,124800
20231124,0,125050,128450,122800,124050
20231127,0,123000,123400,116650,116650
20231128,0,114000,117600,111800,113200
20231129,0,113200,116450,108700,109850
20231130,0,110000,111350,106200,106200
20231201,0,106700,107100,101500,101750
20231204,0,101550,104500,96350,96350
20231205,0,96000,97600,93050,93050
20231206,0,89900,93900,85650,92450
20231207,0,93934.743041,94776.09743,90371.359743,94776.09743
20231208,0,100665.578158,101259.475375,98982.869379,101259.475375
20231211,0,112494.031049,112642.505353,94627.623126,95815.417559
20231212,0,95023.554604,96013.383298,90767.291221,92153.051392
20231213,0,91262.205567,102496.761242,89282.54818,102496.761242
20231214,0,103536.08137,104377.43576,92697.457173,101506.932548
20231215,0,100962.526767,106852.007495,99477.783726,103536.08137
20231218,0,103140.149893,107049.973233,99081.852248,101704.898287
20231219,0,100962.526767,102843.201285,99774.732334,100863.543897
20231220,0,100863.543897,102447.269807,99279.817987,99774.732334
20231221,0,98982.869379,100814.052463,94281.183084,96607.280514
20231222,0,96161.857602,102595.744111,95221.520343,99774.732334
20231225,0,99477.783726,102892.692719,99131.343683,101803.881156
20231226,0,101754.389722,107000.481799,101457.441113,106010.653105
20231227,0,105911.670236,108336.750535,102447.269807,104624.892934
20231228,0,104525.910064,106258.110278,103288.624197,105466.247323
20231229,0,104921.841542,107990.310493,103288.624197,106604.550321
20240102,0,106604.550321,109178.104925,105119.807281,107247.938972
20240103,0,107099.464668,108089.293362,104921.841542,105515.738758
20240104,0,105416.755889,106060.14454,99378.800857,99428.292291
20240105,0,98982.869379,98982.869379,96508.297645,97646.600642
20240108,0,97003.211991,99477.783726,95320.503212,96211.349036
20240109,0,96013.383298,99477.783726,94528.640257,97943.549251
20240110,0,97498.126338,98784.90364,96112.366167,96904.229122
20240111,0,97399.143469,103932.012848,97349.652034,103635.06424
20240112,0,103635.06424,104228.961456,101259.475375,101803.881156
20240115,0,100962.526767,102298.795503,99675.749465,100913.035332
20240116,0,100962.526767,103437.098501,100962.526767,103090.658458
20240117,0,103833.029979,104921.841542,99923.206638,100715.069593
20240118,0,101259.475375,102397.778373,99279.817987,101358.458244
20240119,0,101754.389722,102150.321199,100220.155246,100368.62955
20240122,0,99774.732334,100863.543897,97547.617773,98834.395075
20240123,0,99824.223769,101655.406852,99329.309422,100962.526767
20240124,0,101457.441113,102051.33833,100566.595289,101308.966809
20240125,0,101952.35546,102348.286938,99477.783726,100319.138116
20240126,0,100467.61242,101457.441113,99527.275161,99626.25803
20240129,0,100269.646681,101754.389722,98685.920771,100913.035332
20240130,0,100913.035332,101457.441113,99873.715203,99972.698073
20240131,0,100121.172377,100863.543897,97696.092077,98141.514989
20240201,0,97844.566381,98933.377944,97003.211991,98586.937901
20240202,0,98586.937901,100467.61242,98289.989293,99131.343683
20240205,0,99378.800857,100220.155246,98537.446467,99428.292291
20240206,0,99428.292291,99626.25803,95419.486081,96161.857602
20240207,0,96112.366167,97349.652034,96062.874732,96656.771949
20240208,0,96607.280514,97993.040685,94825.588865,95320.503212
20240219,0,96013.383298,96953.720557,93588.302998,93786.268737
20240220,0,94033.72591,94528.640257,91509.662741,91856.102784
20240221,0,91757.119914,101952.35546,91757.119914,95914.400428
20240222,0,95963.891863,97448.634904,95617.45182,96656.771949
20240223,0,97151.686296,101952.35546,97151.686296,100764.561028
20240226,0,100962.526767,103684.555675,100220.155246,101259.475375
20240227,0,101259.475375,106505.567452,99972.698073,105565.230193
20240228,0,106703.533191,111108.270878,106060.14454,106901.498929
20240229,0,107346.921842,118581.477516,107346.921842,117987.5803
20240301,0,117987.5803,119769.271949,115216.059957,118235.037473
20240304,0,119769.271949,123728.586724,114077.756959,116403.85439
20240305,0,116997.751606,117740.123126,110365.899358,110415.390792
20240306,0,109673.019272,114028.265525,108287.259101,112840.471092
20240307,0,113830.299786,115265.551392,110662.847966,111850.642398
20240308,0,112048.608137,112939.453961,109969.96788,112197.082441
20240311,0,111603.185225,115908.940043,110266.916488,115216.059957
20240312,0,116750.294433,118779.443255,115414.025696,118630.968951
20240313,0,119967.237687,120709.609208,117393.683084,117591.648822
20240314,0,118284.528908,118581.477516,110019.459315,110959.796574
20240315,0,111157.762313,114028.265525,110959.796574,113879.791221
20240318,0,113533.351178,117789.614561,113384.876874,115710.974304
20240319,0,114968.602784,116997.751606,112939.453961,113780.808351
20240320,0,113285.894004,116354.362955,112543.522484,116007.922912
20240321,0,116799.785867,117641.140257,115117.077088,116156.397216
20240322,0,116007.922912,116156.397216,111900.133833,113186.911135
20240325,0,113483.859743,113632.334047,106109.635974,106307.601713
20240326,0,106802.51606,108485.224839,105466.247323,107297.430407
20240327,0,108237.767666,108287.259101,104723.875803,107297.430407
20240328,0,107693.361884,108485.224839,105911.670236,107396.413276
20240329,0,107792.344754,108584.207709,105268.281585,105961.16167
20240401,0,106010.653105,111702.168094,104921.841542,111454.710921
20240402,0,111652.67666,111801.150964,109376.070664,109870.985011
20240403,0,110415.390792,112494.031049,109574.036403,110662.847966
20240408,0,111355.728051,114176.739829,110910.305139,112345.556745
20240409,0,112840.471092,113681.825482,110910.305139,112988.945396
20240410,0,113681.825482,116156.397216,113483.859743,114770.637045
20240411,0,114424.197002,114523.179872,106703.533191,111355.728051
20240412,0,109920.476445,112246.573876,109425.562099,111058.779443
20240415,0,112048.608137,112741.488223,110365.899358,110613.356531
20240416,0,110266.916488,110514.373662,105763.195931,107049.973233
20240417,0,107297.430407,108831.664882,107049.973233,108287.259101
20240418,0,108782.173448,110712.3394,107148.956103,107297.430407
20240419,0,107099.464668,109376.070664,105020.824411,106604.550321
20240422,0,107495.396146,109178.104925,106555.058887,107445.904711
20240423,0,107544.88758,109376.070664,106010.653105,108039.801927
20240424,0,108683.190578,110860.813704,108138.784797,109277.087794
20240425,0,109376.070664,111504.202355,107297.430407,108485.224839
20240426,0,108683.190578,109574.036403,107693.361884,108782.173448
20240429,0,108584.207709,115958.431478,108287.259101,114721.14561
20240430,0,114820.12848,116007.922912,109425.562099,110316.407923
20240506,0,110860.813704,111850.642398,109722.510707,111256.745182
20240507,0,111850.642398,114077.756959,111355.728051,112741.488223
20240508,0,112840.471092,113335.385439,110266.916488,110910.305139
20240509,0,111355.728051,112296.06531,108930.647752,110563.865096
20240510,0,110761.830835,111355.728051,106109.635974,107247.938972
20240513,0,106456.076017,107396.413276,104921.841542,106010.653105
20240514,0,105664.213062,107792.344754,102942.184154,103932.012848
20240515,0,103932.012848,104822.858672,100616.086724,101952.35546
20240516,0,102744.218415,103882.521413,102100.829764,102942.184154
20240517,0,103437.098501,106208.618844,103437.098501,105367.264454
20240520,0,106505.567452,107297.430407,104327.944325,104921.841542
20240521,0,105218.79015,108336.750535,104674.384368,105614.721627
20240522,0,105911.670236,106802.51606,104674.384368,105317.773019
20240523,0,104327.944325,105416.755889,102447.269807,105070.315846
20240524,0,105416.755889,106802.51606,104822.858672,106505.567452
20240527,0,106505.567452,107396.413276,104426.927195,105119.807281
20240528,0,106208.618844,106654.041756,103684.555675,103932.012848
20240529,0,103783.538544,104822.858672,102744.218415,104129.978587
20240530,0,104921.841542,106654.041756,103833.029979,104921.841542
20240531,0,104921.841542,106109.635974,103140.149893,103783.538544
20240603,0,102942.184154,103437.098501,100022.189507,101655.406852
20240604,0,101655.406852,102348.286938,100368.62955,100814.052463
20240605,0,100863.543897,101308.966809,98240.497859,98784.90364
20240606,0,99279.817987,100319.138116,98289.989293,100121.172377
20240607,0,100962.526767,101308.966809,98784.90364,99032.360814
20240611,0,98982.869379,99279.817987,95765.926124,96013.383298
20240612,0,96508.297645,97498.126338,94231.691649,97448.634904
20240613,0,97201.17773,98289.989293,95073.046039,96805.246253
20240614,0,96805.246253,97250.669165,95271.011777,95914.400428
20240617,0,95518.468951,96112.366167,94528.640257,94825.588865
20240618,0,95518.468951,96062.874732,91757.119914,91856.102784
20240619,0,92400.508565,93538.811563,91559.154176,93043.897216
20240620,0,93043.897216,93984.234475,92450,93439.828694
20240621,0,93637.794433,94578.131692,90866.27409,90965.256959
20240624,0,90222.885439,91559.154176,86758.485011,87649.330835
20240625,0,88120.563797,90005.495643,85905.768878,89204.399608
20240626,0,89345.769496,92927.140004,88120.563797,91466.317823
20240627,0,91089.331454,91324.947935,88874.536535,89157.276312
20240628,0,88591.796758,90005.495643,87743.577427,89063.02972
20240701,0,88403.303573,90288.235419,86094.262062,90146.865531
20240702,0,89911.24905,90712.345085,88403.303573,88638.920054
20240703,0,88591.796758,89958.372346,87743.577427,89110.153016
20240704,0,89628.509273,90570.975196,88261.933685,88544.673462
20240705,0,88167.687093,89675.632569,86895.358097,88497.550166
20240708,0,88780.289943,89675.632569,87837.82402,88261.933685
20240709,0,88073.4405,89345.769496,87507.960947,88733.166647
20240710,0,88497.550166,88968.783127,86329.878543,86518.371728
20240711,0,86706.864912,87555.084243,85104.672843,87178.097874
20240712,0,87178.097874,87649.330835,85764.398989,86094.262062
20240715,0,85575.905805,86188.508655,82889.877924,82889.877924
20240716,0,82842.754628,84162.20692,82088.78189,83690.973959
20240717,0,83879.467143,84350.700105,81806.042113,81853.165409
20240718,0,81523.302336,83690.973959,81476.17904,82889.877924
20240719,0,82465.768259,85340.289324,82277.275074,84633.439882
20240722,0,83785.220551,84303.576809,83125.494405,83832.343847
20240723,0,83738.097255,85151.796139,82465.768259,82842.754628
20240724,0,83172.617701,83408.234182,81523.302336,81900.288705
20240725,0,81334.809151,82324.39837,80109.603451,82041.658594
20240726,0,82748.508036,83219.740997,80910.699486,80910.699486
20240729,0,80816.452894,81476.17904,78413.16479,78601.657975
20240730,0,78837.274455,79167.137528,76056.999983,76481.109648
20240731,0,77282.205683,79261.384121,77093.712498,77941.931829
20240801,0,78413.16479,79072.890936,75821.383502,76198.369871
20240802,0,75585.767021,77423.575571,75020.287467,76339.73976
20240805,0,75585.767021,77706.315348,75397.273837,76810.972721
20240806,0,77282.205683,77470.698867,76245.493167,76575.35624
20240807,0,77140.835794,77140.835794,75491.520429,75680.013614
20240808,0,75962.75339,75962.75339,73889.32836,73983.574952
20240809,0,74549.054506,75208.780652,73041.109029,73088.232325
20240812,0,73465.218695,73512.341991,71533.163553,71627.410145
20240813,0,71721.656737,73323.848806,71156.177183,72569.876068
20240814,0,72381.382883,72664.12266,68611.519191,69224.122041
20240815,0,69365.49193,69459.738522,67669.053268,68234.532822
20240816,0,68988.505561,69978.09478,68234.532822,68752.88908
20240819,0,69129.875449,69553.985114,67574.806676,69176.998745
20240820,0,69176.998745,70779.190814,68894.258968,70684.944222
20240821,0,71156.177183,74266.314729,69978.09478,73418.095398
20240822,0,72993.985733,73465.218695,70684.944222,71109.053887
20240823,0,70920.560703,71203.300479,68894.258968,69129.875449
20240826,0,69742.478299,70684.944222,69129.875449,70072.341372
20240827,0,70307.957853,72428.506179,70072.341372,71768.780033
20240828,0,71627.410145,72192.889699,70025.218076,71391.793664
20240829,0,71580.286849,73606.588583,70402.204445,72428.506179
20240830,0,72428.506179,74784.670987,72145.766402,74360.561321
20240902,0,73747.958471,73889.32836,70260.834557,70873.437406
20240903,0,70967.683999,71250.423776,69412.615226,70590.69763
20240904,0,69789.601595,70590.69763,68988.505561,69365.49193
20240905,0,69271.245337,69506.861818,66255.354384,66679.464049
20240906,0,67480.560084,68281.656118,65689.87483,67103.573715
20240909,0,66255.354384,68941.382264,66113.984496,68941.382264
20240910,0,68988.505561,69553.985114,67574.806676,67998.916341
20240911,0,68705.765784,74737.547691,68705.765784,73936.451656
20240912,0,75020.287467,75208.780652,71014.807295,72522.752772
20240913,0,73323.848806,73747.958471,71815.903329,73088.232325
20240918,0,73088.232325,73229.602214,70260.834557,70967.683999
20240919,0,71156.177183,72287.136291,69459.738522,71344.670368
20240920,0,71863.026626,72004.396514,69930.971484,70967.683999
20240923,0,70496.451037,72381.382883,68988.505561,70543.574333
20240924,0,70826.31411,72946.862437,70260.834557,72381.382883
20240925,0,73606.588583,75915.630094,71344.670368,71486.040256
20240926,0,71863.026626,72852.615845,71014.807295,72616.999364
20240927,0,73465.218695,74549.054506,71815.903329,72522.752772
20240930,0,74784.670987,76339.73976,73088.232325,75161.657356
20241008,0,76810.972721,79921.110267,72098.643106,72240.012995
20241009,0,71815.903329,73276.72551,71250.423776,72004.396514
20241010,0,72381.382883,73512.341991,69365.49193,69459.738522
20241011,0,70402.204445,70496.451037,68564.395895,69648.231707
20241014,0,70307.957853,70826.31411,68705.765784,68894.258968
20241015,0,68894.258968,69648.231707,68423.026007,69176.998745
20241016,0,69459.738522,69459.738522,66962.203826,67056.450418
20241017,0,67150.697011,67763.299861,64417.545834,64653.162315
20241018,0,65030.148684,67810.423157,64323.299242,66585.217457
20241021,0,66495.419456,67124.005461,64789.257445,65058.651447
20241022,0,64744.358444,66675.015458,64025.974439,66226.025455
20241023,0,66450.520456,67617.894464,66136.227454,67572.995464
20241024,0,67887.288466,68246.480468,65732.136451,66630.116457
20241025,0,66809.712459,67842.389466,66719.914458,67079.10646
20241028,0,67572.995464,69458.753477,67348.500462,68785.268472
20241029,0,68695.470471,68964.864473,67034.20746,67258.702462
20241030,0,66899.510459,67213.803461,65507.64145,66315.823455
20241031,0,66585.217457,67752.591465,66046.429453,67213.803461
20241101,0,66899.510459,70042.440481,66630.116457,68695.470471
20241104,0,68560.773471,69683.248478,68291.379469,69368.955476
20241105,0,69189.359475,70311.834483,68830.167472,69458.753477
20241106,0,69593.450478,69593.450478,67124.005461,68156.682468
20241107,0,68066.884467,69279.157475,67707.692465,69009.763474
20241108,0,69368.955476,70895.521487,68560.773471,68605.672471
20241111,0,68515.87447,72781.2795,67842.389466,72691.481499
20241112,0,72691.481499,74083.350508,71973.097494,72871.0775
20241113,0,73634.360505,78214.058537,73364.966504,77675.270533
20241114,0,77675.270533,78663.04854,72287.390496,72736.380499
20241115,0,72556.784498,73005.774501,69907.74348,70311.834483
20241118,0,70311.834483,72915.9765,69952.64248,72691.481499
20241119,0,72826.1785,75026.229515,72062.895495,74218.047509
20241120,0,74218.047509,75116.027516,72781.2795,74262.94651
20241121,0,74262.94651,75654.815519,73275.168503,73589.461505
20241122,0,72960.875501,73185.370502,70940.420487,71389.41049
20241125,0,72377.188497,73005.774501,71479.208491,72152.693495
20241126,0,72377.188497,72556.784498,70042.440481,70626.127485
20241127,0,71030.218488,71209.814489,70266.935482,70491.430484
20241128,0,70177.137482,71030.218488,69009.763474,70491.430484
20241129,0,70401.632483,71613.905492,69952.64248,70536.329484
20241202,0,70491.430484,71254.713489,69862.844479,70311.834483
20241203,0,70715.925485,71120.016488,69593.450478,70042.440481
20241204,0,70177.137482,70895.521487,68470.97547,68515.87447
20241205,0,68785.268472,69054.662474,68156.682468,68695.470471
20241206,0,68785.268472,69458.753477,68111.783467,68830.167472
20241209,0,68426.07647,69279.157475,67572.995464,68964.864473
20241210,0,70222.036482,70715.925485,68470.97547,68785.268472
20241211,0,68650.571471,69189.359475,68470.97547,68830.167472
20241212,0,68919.965473,69683.248478,68291.379469,69189.359475
20241213,0,69099.561474,69099.561474,68066.884467,68066.884467
20241216,0,67887.288466,68605.672471,67348.500462,68246.480468
20241217,0,68336.278469,68336.278469,67124.005461,67528.096463
20241218,0,68084.844067,68084.844067,66719.914458,66773.793258
20241219,0,66468.480056,66809.712459,66235.005255,66378.682056
20241220,0,66378.682056,67504.037907,66222.863553,67417.472072
20241223,0,67227.027236,67607.916908,66655.692727,66811.511229
20241224,0,66655.692727,67919.553913,66655.692727,67694.482743
20241225,0,67521.351074,67607.916908,66776.884895,67088.5219
20241226,0,67175.087735,67486.72474,66898.077064,67105.835067
20241227,0,67192.400902,67625.230075,66222.863553,66222.863553
20241230,0,66222.863553,68213.877751,65738.094879,67798.361745
20241231,0,67538.664241,67694.482743,66378.682056,66742.258561
20250102,0,66759.571728,68023.432915,66759.571728,67348.219404
20250103,0,67140.461401,67278.966737,65790.03438,66118.984551
20250106,0,66378.682056,68681.333259,66309.429388,67227.027236
20250107,0,67400.158905,68992.970264,66655.692727,68231.190918
20250108,0,68317.756753,68387.009421,66724.945394,66811.511229
20250109,0,67001.956065,68006.119748,66846.137563,67729.109077
20250110,0,67521.351074,67884.92758,66880.763897,67452.098406
20250113,0,67971.493414,68664.020092,67521.351074,68179.251418
20250114,0,68161.938251,69200.728267,67954.180247,68473.575256
20250115,0,68283.130419,70447.276287,68040.746082,69477.738938
20250116,0,69685.496942,70066.386614,68629.393758,69131.475599
20250117,0,69685.496942,70343.397285,69339.233603,69893.254945
20250120,0,70031.76028,70706.973791,68819.838594,69875.941778
20250121,0,70118.326115,70222.205117,66967.329732,67971.493414
20250122,0,67971.493414,68750.585927,67954.180247,68560.14109
20250123,0,68490.888423,69114.162432,68473.575256,68889.091262
20250124,0,68837.151761,69183.4151,68283.130419,68889.091262
20250127,0,68802.525427,69321.920436,68092.685583,68923.717596
20250205,0,68161.938251,68664.020092,67382.845738,67625.230075
20250206,0,67625.230075,67867.614413,66828.824396,67088.5219
20250207,0,67088.5219,68075.372416,67088.5219,67348.219404
20250210,0,67175.087735,68785.212261,66880.763897,68040.746082
20250211,0,67781.048578,67936.86708,66707.632227,66915.390231
20250212,0,66915.390231,67590.603742,66915.390231,67088.5219
20250213,0,66915.390231,67469.411573,66742.258561,66915.390231
20250214,0,66828.824396,67088.5219,66361.368889,66465.24789
20250217,0,66309.429388,67071.208733,66118.984551,66794.198062
20250218,0,67019.269232,67175.087735,66482.561057,66707.632227
20250219,0,66880.763897,67348.219404,66776.884895,66915.390231
20250220,0,66915.390231,67209.714069,66673.005894,66811.511229
20250221,0,66673.005894,66863.45073,66309.429388,66326.742555
20250224,0,66395.995223,66517.187391,65928.539715,66413.308389
20250225,0,66413.308389,66915.390231,66188.237219,66344.055722
20250226,0,66222.863553,66482.561057,65582.276376,65790.03438
20250227,0,65755.408046,66205.550386,65443.771041,65911.226548
20250228,0,65703.468545,65824.660713,65028.255034,65097.507702
20250303,0,65010.941867,65616.90271,65010.941867,65270.639371
20250304,0,65184.073537,65391.83154,65062.881368,65149.447203
20250305,0,65201.386704,65443.771041,64924.376032,65218.69987
20250306,0,65218.69987,66621.066393,64976.315533,66482.561057
20250307,0,66413.308389,66655.692727,65807.347546,65893.913381
20250310,0,65824.660713,66222.863553,65461.084208,65582.276376
20250311,0,65461.084208,65807.347546,65270.639371,65755.408046
20250312,0,65876.600214,65911.226548,65409.144707,65443.771041
20250313,0,65443.771041,65668.842211,65184.073537,65218.69987
20250314,0,65391.83154,65824.660713,65270.639371,65391.83154
20250317,0,65599.589543,66257.489887,65478.397375,65997.792383
20250318,0,65963.166049,66222.863553,65114.820869,65270.639371
20250319,0,65426.457874,65426.457874,65062.881368,65097.507702
20250320,0,65114.820869,65149.447203,63296.93834,63418.130509
20250321,0,63625.888512,63781.707014,62690.977497,63400.817342
20250324,0,63539.322677,63920.21235,63383.504175,63816.333348
20250325,0,63816.333348,64474.233692,63712.454347,63885.586016
20250326,0,63729.767513,64699.304862,63729.767513,64474.233692
20250327,0,64422.294191,64941.689199,64076.030852,64387.667857
20250328,0,64387.667857,64716.618029,64024.091351,64058.717685
20250331,0,64058.717685,64578.112694,63643.201679,64197.223021
20250401,0,64249.162522,64751.244363,64127.970353,64370.35469
20250402,0,64370.35469,64508.860026,63452.756842,63487.383176
20250403,0,63262.312006,63747.08068,63019.927669,63331.564674
20250407,0,61288.610975,62344.714158,60596.084297,61513.682145
20250408,0,61756.066482,61946.511318,60474.892128,60838.468634
20250409,0,60648.023798,60717.276466,59211.030942,60509.518462
20250410,0,61634.874313,61842.632317,60803.8423,61063.539804
20250411,0,60769.215966,60994.287137,60526.831629,60821.155467
20250414,0,61132.792472,61617.561147,61028.913471,61253.984641
20250415,0,61253.984641,61271.297808,60942.347636,61219.358307
20250416,0,61409.803143,61808.005983,60751.902799,60959.660803
20250417,0,61080.92185,61219.505904,60786.430735,61028.95283
20250418,0,60890.368776,61202.182897,60370.678573,60786.430735
20250421,0,60838.399755,60942.337796,59331.298167,59764.373336
20250422,0,59331.298167,59660.435295,58690.346917,58759.638944
20250423,0,58898.222998,59868.311377,58465.147829,59747.050329
20250424,0,59591.143268,59729.727322,58967.515025,59158.068099
20250425,0,59123.422086,59625.789282,58863.576984,59054.130059
20250428,0,58967.515025,59036.807052,57876.165599,57997.426646
20250429,0,58032.07266,58032.07266,57252.537355,57391.121409
20250430,0,57269.860362,57772.227558,57096.630294,57131.276308
20250506,0,57148.599315,57391.121409,56386.387017,56524.971071
20250507,0,56992.692254,57165.922321,55295.037591,55572.205699
20250508,0,55398.975631,56109.218909,54567.471307,55676.14374
20250509,0,55520.236679,56195.833943,54411.564246,54584.794314
20250512,0,55191.09955,55849.373807,54186.365158,55468.267659
20250513,0,55606.851713,55624.174719,54498.17928,54758.024381
20250514,0,55312.360598,56854.1082,55243.068571,56473.002051
20250515,0,56022.603875,56524.971071,55364.329618,55537.559686
20250516,0,55520.236679,55520.236679,53510.767894,53528.090901
20250519,0,53528.090901,53787.936002,52783.20161,52991.077691
20250520,0,52973.754685,53164.307759,52211.542387,52713.909583
20250521,0,52887.139651,53562.736914,52506.033502,52921.785664
20250522,0,53008.400698,54550.1483,53008.400698,53822.582016
20250523,0,53805.259009,53943.843063,52696.586576,52800.524617
20250526,0,52887.139651,53025.723705,51899.728265,52055.635326
20250527,0,51917.051272,53181.630766,51726.498197,52765.878603
20250528,0,53008.400698,53043.046712,51535.945123,52298.157421
20250529,0,52194.21938,52228.865394,50635.148771,50981.608907
20250530,0,50929.639886,52298.157421,50912.31688,51795.790225
20250603,0,51795.790225,52090.28134,50756.409819,51917.051272
20250604,0,52124.927353,53320.21482,51397.361069,52904.462657
20250605,0,52402.095461,52558.002522,51969.020292,52055.635326
20250606,0,52592.648536,53112.338739,52142.25036,52350.126441
20250609,0,52211.542387,52800.524617,52211.542387,52575.325529
20250610,0,52280.834414,53146.984752,51795.790225,52627.294549
20250611,0,52488.710495,53787.936002,52436.741475,53424.15286
20250612,0,53181.630766,53233.599786,52211.542387,52350.126441
20250613,0,52246.257143,52609.799687,51657.664451,51761.53375
20250616,0,51934.649247,51934.649247,51051.76021,51744.2222
20250617,0,51692.287551,52090.453195,51501.860503,51813.468399
20250618,0,51934.649247,52453.995739,51657.664451,51830.779949
20250619,0,51709.5991,52194.322493,51571.106702,51986.583896
20250620,0,52021.206996,52280.880242,50947.890911,50982.514011
20250623,0,50947.890911,51328.745006,50549.725267,51172.941058
20250624,0,51017.13711,53371.507876,50965.202461,52540.553488
20250625,0,52540.553488,53094.52308,52246.257143,52696.357436
20250626,0,52523.241938,53527.311824,52471.307289,53233.015478
20250627,0,53665.804222,54825.678055,53665.804222,54791.054956
20250630,0,54929.547354,55050.728202,53821.60817,53890.854369
20250701,0,53786.98507,54427.512411,53042.588431,54340.954662
20250702,0,54358.266212,55725.878642,54150.527615,55362.336097
20250703,0,55396.959197,55847.05949,54531.381709,55466.205396
20250704,0,55483.516946,55864.37104,54669.874107,54773.743406
20250707,0,54704.497207,55275.778349,54358.266212,55102.662851
20250708,0,55275.778349,56418.340632,54877.612704,55293.089898
20250709,0,55275.778349,56262.536684,55171.90905,55743.190192
20250710,0,55881.68259,56227.913585,55483.516946,55552.763145
20250711,0,55535.451595,56037.486538,54825.678055,55639.320893
20250714,0,55656.632443,59170.877042,55656.632443,57543.591366
20250715,0,57249.29502,58305.299555,56037.486538,57699.395313
20250716,0,58253.364905,58391.857303,56747.260077,57491.656716
20250717,0,57820.576162,60573.112572,57058.867973,58824.646047
20250718,0,59707.535084,61438.690059,58928.515346,60555.801022
20250721,0,61594.494007,62131.152049,60434.620174,61698.363305
20250722,0,62235.021348,64468.211265,61386.75541,63083.287285
20250723,0,63619.945328,64641.326763,58876.580696,60053.766079
20250724,0,60746.228069,66857.205131,60244.193127,66372.481738
20250725,0,67082.255277,69696.29929,66389.793287,69696.29929
20250728,0,63360.272081,67861.275016,63291.025882,63291.025882
20250729,0,60728.91652,62113.840499,59378.615639,61317.509211
20250730,0,63169.845034,64035.422522,59292.05789,61109.770614
20250731,0,59326.68099,59724.846634,57751.329963,59101.630843
20250801,0,59794.092833,60538.489472,58513.038152,59655.600435
20250804,0,59967.208331,61161.705263,58859.269147,59655.600435
20250805,0,59482.785834,60433.266142,58013.861721,58618.712826
20250806,0,58843.371808,60329.577381,58411.335304,60156.762779
20250807,0,60398.703221,63509.366048,59897.540877,62472.478439
20250808,0,63077.329545,66568.184495,62731.700342,66499.058654
20250811,0,69989.913604,69989.913604,69989.913604,69989.913604
20250812,0,76729.683063,76764.245983,71286.023116,71303.304576
20250813,0,71718.059619,75952.017356,71286.023116,73532.612935
20250814,0,73878.242138,74863.285366,71562.526478,73705.427536
20250815,0,73930.086518,75174.351649,72582.132627,75087.944348
20250818,0,76176.676338,77852.977972,75796.484214,77109.875186
20250819,0,77334.534168,77369.097088,75329.88479,75640.951073
20250820,0,74016.493819,74206.589881,69972.632144,69972.632144
20250821,0,70853.986612,72409.318025,70491.075949,71510.682097
20250822,0,71286.023116,71700.778159,67484.101883,68227.204669
20250825,0,69989.913604,70473.794488,67898.856926,68590.115332
20250826,0,68486.426571,69212.247898,67224.87998,68279.04905
20250827,0,68486.426571,70007.195064,67985.264227,68140.797368
20250828,0,67224.87998,67708.760865,65444.889585,67518.664803
20250829,0,67224.87998,67812.449626,66378.088433,66689.154716
20250901,0,66533.621574,66896.532238,64649.942418,65289.356444
20250902,0,64840.03848,65496.733966,62610.730121,62748.981802
