date,time,open,high,low,close
20210111,0,26225,26720,26030,26030
20210112,0,25760,26210,25205,25560
20210113,0,25830,26350,25715,25870
20210114,0,25805,26155,24860,24890
20210115,0,25155,25155,24460,24725
20210118,0,24825,25780,24805,25140
20210119,0,25185,25390,24880,25025
20210120,0,25005,25090,24500,24910
20210121,0,24910,25185,24800,24870
20210122,0,24860,25045,24530,24565
20210125,0,24510,25300,24510,24930
20210126,0,25100,25770,24925,25555
20210127,0,25610,25645,25200,25275
20210128,0,25150,25535,25020,25190
20210129,0,25295,25620,25280,25570
20210201,0,25600,25970,25420,25685
20210202,0,25700,26040,25300,25380
20210203,0,25300,25555,25210,25315
20210204,0,25325,25485,25250,25445
20210205,0,25500,26175,25500,26170
20210208,0,26225,27400,26225,26900
20210209,0,26900,27110,26400,26845
20210210,0,26845,26870,26500,26705
20210218,0,27000,27100,26525,27000
20210219,0,27100,28390,27055,28330
20210222,0,28350,29430,28115,29380
20210223,0,29350,29380,28050,28980
20210224,0,29600,29805,28600,28900
20210225,0,29000,29140,28630,28915
20210226,0,28800,29325,28440,28970
20210301,0,29430,29435,28800,29185
20210302,0,29150,29250,28500,28750
20210303,0,28945,29000,28510,28785
20210304,0,28745,29115,28550,28845
20210305,0,28865,28880,27000,28400
20210308,0,28550,28900,28400,28545
20210309,0,28465,28615,27820,27900
20210310,0,27880,28300,27200,28050
20210311,0,28000,28755,27805,28595
20210312,0,28880,28885,28485,28750
20210315,0,28785,28995,28280,28405
20210316,0,28370,28695,28120,28450
20210317,0,28390,28760,28310,28610
20210318,0,28470,28630,28365,28470
20210319,0,28205,28600,28135,28505
20210322,0,28455,28470,27935,28250
20210323,0,28280,28325,27960,28135
20210324,0,28000,28190,27850,28000
20210325,0,27850,27980,27520,27520
20210326,0,27500,27570,27215,27215
20210329,0,27000,27030,26520,26555
20210330,0,26480,27230,26310,27030
20210331,0,26870,27130,26655,26985
20210401,0,27110,27995,26870,27940
20210402,0,27940,27940,27535,27660
20210406,0,27230,27495,27060,27120
20210407,0,27050,27120,26665,26810
20210408,0,26740,27320,26615,26920
20210409,0,26995,27070,26465,26610
20210412,0,26830,27345,26815,27095
20210413,0,27300,27640,27120,27605
20210414,0,27365,27700,27350,27425
20210415,0,27280,27495,27150,27190
20210416,0,27000,27150,26785,26920
20210419,0,26900,27245,26800,27180
20210420,0,27180,27480,27110,27110
20210421,0,26995,27180,26755,27170
20210422,0,27155,27330,27050,27195
20210423,0,27195,27990,27195,27720
20210426,0,27680,27680,27330,27370
20210427,0,27400,27440,26660,27035
20210428,0,26875,27355,26850,27250
20210429,0,27210,27385,27075,27320
20210430,0,27320,27480,27200,27290
20210506,0,27000,27160,26405,26700
20210507,0,26700,26945,26485,26900
20210510,0,26700,26750,24975,25005
20210511,0,24960,25180,24750,24950
20210512,0,25000,25500,25000,25255
20210513,0,25210,25250,24710,25020
20210514,0,25020,25130,24420,24970
20210517,0,24900,25000,24800,24940
20210518,0,24940,25090,24500,24585
20210519,0,24515,24515,23550,23550
20210520,0,23400,23870,23080,23565
20210521,0,23500,24200,23380,23890
20210524,0,23880,24050,23430,23940
20210525,0,24050,24300,23620,23895
20210526,0,23760,23760,23100,23120
20210527,0,23000,23000,22400,22445
20210528,0,22425,23395,22425,22485
20210531,0,22410,22695,22035,22245
20210601,0,22360,22520,22000,22025
20210602,0,21980,22190,21435,21525
20210603,0,21500,21500,20170,20640
20210604,0,20500,20500,19830,19870
20210607,0,19670,20355,19310,20025
20210608,0,20200,20395,19735,19770
20210609,0,19620,20670,19555,20215
20210610,0,20050,20440,19860,19935
20210611,0,19930,20150,19730,19795
20210615,0,19310,19495,18550,18810
20210616,0,18810,19270,18800,18970
20210617,0,18890,19150,18400,18465
20210618,0,18200,18415,17600,17600
20210621,0,17400,17490,16710,16735
20210622,0,16690,17280,16675,17040
20210623,0,17100,18165,17100,18160
20210624,0,18200,18350,17665,17840
20210625,0,17980,18940,17980,18925
20210628,0,19600,19800,18620,18925
20210629,0,18820,19285,18820,19240
20210630,0,19200,19480,19065,19370
20210701,0,19480,19615,18730,18890
20210702,0,18980,18980,18435,18580
20210705,0,18800,19105,18620,18745
20210706,0,18800,19045,18740,18985
20210707,0,18900,19100,18340,18625
20210708,0,18700,18950,18510,18865
20210709,0,19000,19200,18850,19165
20210712,0,19000,19000,18730,18760
20210713,0,18760,18825,18210,18270
20210714,0,18260,18385,17905,18210
20210715,0,18080,18275,17955,18120
20210716,0,18125,18480,18075,18400
20210719,0,18500,18895,18450,18785
20210720,0,18750,19070,18700,18840
20210721,0,18950,19050,18600,18740
20210722,0,18700,18700,18375,18375
20210723,0,18300,18485,18050,18295
20210726,0,18500,18600,18200,18460
20210727,0,18385,18520,18310,18390
20210728,0,18520,18520,18335,18430
20210729,0,18500,18750,18445,18600
20210730,0,18645,18900,18645,18765
20210802,0,18585,18600,17855,18160
20210803,0,18050,18255,17705,17785
20210804,0,17785,18030,17435,17440
20210805,0,17400,17520,17215,17400
20210806,0,17260,17600,17260,17550
20210809,0,17700,17930,17325,17365
20210810,0,17320,17450,17005,17025
20210811,0,16990,17150,16830,17085
20210812,0,16889.0497,17080.334517,16889.0497,17052.341617
20210813,0,17029.0142,17154.98225,16814.401966,16926.373566
20210816,0,16926.373566,17122.323867,16870.387766,16917.0426
20210817,0,16917.0426,16973.0284,16665.106499,16823.732933
20210818,0,16791.074549,16889.0497,16473.821682,16501.814582
20210819,0,16422.501365,16422.501365,16105.248498,16198.558165
20210820,0,16207.889132,16744.419716,16151.903332,16585.793282
20210823,0,16329.191699,16403.839432,15820.654014,15862.643364
20210824,0,15862.643364,15913.963681,15620.03823,15764.668214
20210825,0,15764.668214,15923.294648,15676.024031,15848.646914
20210826,0,15806.657564,16095.917531,15806.657564,15993.276898
20210827,0,16002.607865,16095.917531,15867.308848,16025.935281
20210830,0,15937.291098,15937.291098,15316.781813,15330.778263
20210831,0,15531.394047,15806.657564,15508.06663,15638.700164
20210901,0,15676.024031,15769.333697,15209.475696,15456.746313
20210902,0,15433.418897,15559.386947,14966.870563,15008.859913
20210903,0,14971.536046,15209.475696,14817.575096,15013.525396
20210906,0,14976.201529,15097.504096,14714.934462,14896.888312
20210907,0,14966.870563,15078.842163,14789.582196,14845.567996
20210908,0,14836.237029,14910.884762,14532.980612,14542.311578
20210909,0,14462.998362,14462.998362,13954.460677,13991.784544
20210910,0,13879.812944,14225.058711,13777.17231,14061.766794
20210913,0,14047.770344,14047.770344,13576.556526,13599.883943
20210914,0,13660.535227,13711.855543,13403.933643,13422.595576
20210915,0,13375.940743,13511.23976,13161.328509,13165.993992
20210916,0,13198.652376,13851.820044,12839.410158,13604.549427
20210917,0,13571.891043,13763.17586,13189.321409,13226.645276
20210922,0,12970.043692,13119.339159,12624.797925,12769.427908
20210923,0,12760.096942,12942.050792,12550.150191,12690.114691
20210924,0,12596.805025,12862.737575,12470.836974,12755.431458
20210927,0,12671.452758,13436.592026,12634.128891,13399.268159
20210928,0,13417.930093,13590.552977,12970.043692,12988.705625
20210929,0,12988.705625,13156.663026,12746.100492,12942.050792
20210930,0,12886.064992,13179.990442,12806.751775,12951.381759
20211008,0,13068.018842,13375.940743,12988.705625,13273.300109
20211011,0,13529.901693,14262.382578,13413.26461,14262.382578
20211012,0,14462.998362,14724.265429,14024.442927,14267.048061
20211013,0,14556.308028,14901.553796,13851.820044,14379.019661
20211014,0,14369.688695,14444.336428,13697.859093,13702.524577
20211015,0,13716.521027,14211.062261,13702.524577,14159.741944
20211018,0,14920.215729,15134.827963,14546.977062,14784.916712
20211019,0,14775.585745,15354.10568,14556.308028,15279.457946
20211020,0,15256.13053,15489.404697,14644.952212,15139.493446
20211021,0,15069.511196,15377.433097,14649.617695,14756.923812
20211022,0,14761.589295,15256.13053,14761.589295,15232.803113
20211025,0,16291.867832,16301.198798,15732.009831,16035.266248
20211026,0,15876.639814,16170.565265,15676.024031,16161.234298
20211027,0,16161.234298,16441.163299,15871.974331,16324.526215
20211028,0,16324.526215,16487.818132,15764.668214,16221.885582
20211029,0,16240.547515,16357.184599,15559.386947,15587.379847
20211101,0,15750.671764,15755.337247,14789.582196,14822.240579
20211102,0,14817.575096,15228.13763,14565.638995,15120.831513
20211103,0,15116.166029,15349.440197,15022.856363,15158.15538
20211104,0,15223.472146,15629.369197,14938.877662,15587.379847
20211105,0,15596.710814,15704.016931,15312.11633,15559.386947
20211108,0,15638.700164,15881.305298,15083.507646,15158.15538
20211109,0,15209.475696,15288.788913,14845.567996,15074.176679
20211110,0,15069.511196,15228.13763,14873.560896,15116.166029
20211111,0,15144.15893,15144.15893,14836.237029,14850.233479
20211112,0,14798.913162,15167.486346,14705.603495,15162.820863
20211115,0,15396.09503,15704.016931,15340.10923,15606.04178
20211116,0,15610.707264,15722.678864,15153.489896,15190.813763
20211117,0,15120.831513,15209.475696,14976.201529,15018.190879
20211118,0,15008.859913,15209.475696,14957.539596,15153.489896
20211119,0,15153.489896,15386.764063,15120.831513,15386.764063
20211122,0,15489.404697,15512.732114,15074.176679,15116.166029
20211123,0,15134.827963,15349.440197,15120.831513,15223.472146
20211124,0,15293.454397,15461.411797,15265.461496,15452.08083
20211125,0,15494.07018,15722.678864,15452.08083,15694.685964
20211126,0,15699.351447,15815.988531,15470.742764,15606.04178
20211129,0,15302.785363,15302.785363,14976.201529,15004.194429
20211130,0,14929.546696,15167.486346,14826.906062,15027.521846
20211201,0,15111.500546,15228.13763,15027.521846,15130.16248
20211202,0,15119.626155,15167.039616,14750.854785,14803.536409
20211203,0,14750.854785,14966.849444,14708.709486,14782.46376
20211206,0,14750.854785,14919.435983,14671.832349,14766.659272
20211207,0,14698.173161,14898.363333,14692.904998,14761.39111
20211208,0,14761.39111,14808.804572,14497.982989,14571.737263
20211209,0,14571.737263,14951.044957,14471.642177,14887.827008
20211210,0,14856.218034,15077.480855,14661.296024,15024.799231
20211213,0,14845.681709,15251.330215,14671.832349,15182.844104
20211214,0,15119.626155,15330.352652,14951.044957,15024.799231
20211215,0,15066.94453,15193.380429,14987.922094,15066.94453
20211216,0,15167.039616,15224.989403,15066.94453,15119.626155
20211217,0,15109.08983,15256.598378,14766.659272,14951.044957
20211220,0,14908.899658,14977.385769,14798.268247,14798.268247
20211221,0,14750.854785,15088.01718,14666.564186,14982.653932
20211222,0,15014.262906,15066.94453,14803.536409,14829.877221
20211223,0,14856.218034,15298.743677,14824.609059,15277.671027
20211224,0,15330.352652,15551.615473,15214.453078,15361.961626
20211227,0,15404.106926,15656.978722,15235.525728,15267.134703
20211228,0,15330.352652,15462.056712,15119.626155,15388.302438
20211229,0,15435.7159,15446.252225,15272.402865,15314.548164
20211230,0,15314.548164,15383.034276,15151.235129,15219.721241
20211231,0,15224.989403,15335.620814,15119.626155,15224.989403
20220104,0,15088.01718,15198.648591,14898.363333,14924.704145
20220105,0,14924.704145,15130.16248,14877.290683,15008.994744
20220106,0,15014.262906,15077.480855,14803.536409,14829.877221
20220107,0,14908.899658,14940.508632,14592.809912,14661.296024
20220110,0,14403.156065,14524.323801,14118.675294,14234.574868
20220111,0,14202.965893,14476.910339,14145.016106,14397.887903
20220112,0,14424.228715,14645.491537,14413.69239,14492.714826
20220113,0,14497.982989,14587.54175,14392.61974,14445.301364
20220114,0,14392.61974,14613.882562,14308.329141,14497.982989
20220117,0,14524.323801,14724.513973,14471.642177,14529.591963
20220118,0,14529.591963,14703.441323,14529.591963,14634.955212
20220119,0,14656.027861,14798.268247,14497.982989,14524.323801
20220120,0,14629.687049,14682.368674,14513.787476,14571.737263
20220121,0,14666.564186,14713.977648,14550.664613,14592.809912
20220124,0,14487.446664,14487.446664,14224.038543,14229.306705
20220125,0,14239.84303,14329.401791,14181.893243,14260.91568
20220126,0,14224.038543,14313.597304,14129.211619,14187.161406
20220127,0,14208.234055,14292.524654,13913.21696,13950.094097
20220128,0,14008.043883,14224.038543,13950.094097,14145.016106
20220207,0,14224.038543,14698.173161,14050.189183,14440.033202
20220208,0,14440.033202,14700.346726,14273.039621,14528.441569
20220209,0,14498.972113,14621.761511,14302.509076,14317.243804
20220210,0,14317.243804,14440.033202,14115.869191,14371.271139
20220211,0,14317.243804,14587.38048,14248.481741,14454.76793
20220214,0,14440.033202,14543.176296,14145.338647,14228.835438
20220215,0,14174.808102,14228.835438,13904.671427,13924.317731
20220216,0,13924.317731,14169.896527,13865.37882,14101.134464
20220217,0,14125.692343,14223.923862,14037.283977,14086.399736
20220218,0,14110.957615,14145.338647,13914.494579,13939.052458
20220221,0,13958.698762,14066.753432,13678.738935,13703.296814
20220222,0,13718.031542,13767.147301,13536.303233,13590.330568
20220223,0,13590.330568,13865.37882,13590.330568,13703.296814
20220224,0,13703.296814,13948.87561,13639.446327,13943.964034
20220225,0,13899.759851,14076.576584,13830.997788,14007.814521
20220228,0,14047.107129,14243.570165,13929.229306,14022.549249
20220301,0,14096.222888,14194.454406,13791.705181,13830.997788
20220302,0,13899.759851,14032.372401,13835.909364,13885.025123
20220303,0,13929.229306,13934.140882,13614.888448,13624.7116
20220304,0,13634.534751,13752.412573,13546.126385,13644.357903
20220307,0,13551.037961,13551.037961,13138.465584,13148.288735
20220308,0,13290.724437,13305.459165,12976.383578,13054.968793
20220309,0,13079.526672,13339.840196,13059.880369,13182.669767
20220310,0,13192.492919,13379.132804,13074.615097,13084.438248
20220311,0,13059.880369,13153.200311,12848.682604,12897.798363
20220314,0,12779.920541,12878.15206,12583.457505,12612.92696
20220315,0,12588.369081,12730.804782,12495.049138,12583.457505
20220316,0,12583.457505,12681.689023,12372.25974,12401.729196
20220317,0,12377.171316,12436.110227,12308.409253,12406.640772
20220318,0,12396.81762,12603.103808,12367.348164,12426.287075
20220321,0,12524.518594,12937.090971,12495.049138,12883.063636
20220322,0,12966.560426,13000.941458,12671.865871,12706.246903
20220323,0,12720.98163,12779.920541,12573.634353,12578.545929
20220324,0,12593.280657,12716.070054,12534.341745,12622.750112
20220325,0,12652.219568,12706.246903,12401.729196,12480.31441
20220328,0,12445.933379,12504.87229,12342.790285,12421.375499
20220329,0,12465.579683,12829.036301,12455.756531,12760.274238
20220330,0,12829.036301,12829.036301,12593.280657,12666.954295
20220331,0,12671.865871,12927.267819,12652.219568,12775.008966
20220401,0,12868.328908,12966.560426,12524.518594,12725.893206
20220406,0,12725.893206,12770.09739,12480.31441,12519.607018
20220407,0,12514.695442,12598.192232,12421.375499,12549.076473
20220408,0,12524.518594,12622.750112,12391.906044,12450.844955
20220411,0,12426.287075,12524.518594,12141.415672,12303.497677
20220412,0,12318.232405,12553.988049,12318.232405,12470.491259
20220413,0,12524.518594,12563.811201,12411.552347,12524.518594
20220414,0,12573.634353,12622.750112,12391.906044,12470.491259
20220415,0,12475.402834,12539.253321,12406.640772,12436.110227
20220418,0,12671.865871,13339.840196,12671.865871,13163.023463
20220419,0,13229.16931,13464.354542,13170.373002,13251.217925
20220420,0,13302.664695,13552.549004,13045.430847,13122.601001
20220421,0,13045.430847,13287.965618,12971.935462,13082.17854
20220422,0,13030.73177,13287.965618,12938.862539,13251.217925
20220425,0,13596.646235,13728.937928,13372.485311,13545.199465
20220426,0,13567.248081,13578.272389,13328.388079,13471.70408
20220427,0,13442.305926,13706.889313,13379.834849,13651.767774
20220428,0,13651.767774,13681.165928,13409.233003,13537.849927
20220429,0,13515.801311,13743.637005,13434.956388,13637.068697
20220505,0,13515.801311,13688.515466,13376.16008,13519.476081
20220506,0,13501.102234,13592.971466,13427.606849,13585.621927
20220509,0,13754.661313,14140.512084,13754.661313,14078.041007
20220510,0,14037.618545,14063.34193,13831.831467,13931.050237
20220511,0,13931.050237,14243.405623,13927.375468,14199.308392
20220512,0,14243.405623,14316.901008,14122.138238,14210.3327
20220513,0,14225.031777,14548.411471,14221.357008,14493.289933
20220516,0,14496.964702,14588.833933,14405.095471,14544.736702
20220517,0,14552.086241,14636.605933,13802.433313,13831.831467
20220518,0,13942.074545,14063.34193,13758.336082,13949.424083
20220519,0,13964.12316,14169.910238,13846.530544,14011.89516
20220520,0,13964.12316,14096.414853,13897.977314,14011.89516
20220523,0,14037.618545,14169.910238,14000.870853,14033.943776
20220524,0,14037.618545,14085.390546,13817.13239,14011.89516
20220525,0,14070.691469,14136.837315,14000.870853,14055.992392
20220526,0,14011.89516,14059.667161,13633.393927,13721.58839
20220527,0,13725.263159,13835.506236,13618.69485,13769.36039
20220530,0,13765.685621,13923.700698,13559.898542,13872.253929
20220531,0,13872.253929,14037.618545,13773.035159,14022.919468
20220601,0,14000.870853,14026.594237,13861.229621,13927.375468
20220602,0,13927.375468,14022.919468,13787.734236,13978.822237
20220606,0,13964.12316,14210.3327,13934.725006,14147.861623
20220607,0,14147.861623,14184.609315,13670.14162,13739.962236
20220608,0,13743.637005,13857.554852,13673.816389,13743.637005
20220609,0,13728.937928,13835.506236,13699.539774,13762.010851
20220610,0,13769.36039,13813.457621,13567.248081,13743.637005
20220613,0,13971.472699,14184.609315,13964.12316,14107.439161
20220614,0,14114.7887,14305.876701,14008.220391,14276.478547
20220615,0,14225.031777,14331.600085,14162.5607,14250.755162
20220616,0,14232.381316,14250.755162,14133.162546,14206.657931
20220617,0,14180.934546,14441.843163,14133.162546,14394.071163
20220620,0,14430.818855,14577.809625,14379.372086,14522.688087
20220621,0,14577.809625,14677.028395,14405.095471,14496.964702
20220622,0,14544.736702,14666.004087,14122.138238,14236.056085
20220623,0,14254.429931,14588.833933,14155.211161,14530.037625
20220624,0,14507.98901,14548.411471,14394.071163,14460.217009
20220627,0,14688.052703,15320.113014,14669.678857,15176.797014
20220628,0,15287.040091,15411.982246,15037.155782,15077.578244
20220629,0,15213.544706,15272.341014,14996.73332,15184.146552
20220630,0,15220.894245,15397.283169,15162.097937,15309.088707
20220701,0,15309.088707,15713.313324,15118.000706,15709.638555
20220704,0,16073.440711,16723.874869,15867.653633,16679.777638
20220705,0,16429.893329,16668.75333,16095.489327,16326.99979
20220706,0,15911.750864,16066.091173,15411.982246,15595.720708
20220707,0,15522.225323,16268.203482,15500.176708,16165.309943
20220708,0,16238.805328,16900.263793,16231.455789,16859.841331
20220711,0,16536.461637,16801.045023,16080.79025,16687.127176
20220712,0,16756.947792,17117.075179,16448.267175,16657.729022
20220713,0,16536.461637,16841.467485,16374.77179,16672.428099
20220714,0,16609.957022,16745.923484,16231.455789,16389.470867
20220715,0,16301.276405,16301.276405,15507.526246,15551.623477
20220718,0,15801.507787,16033.018249,15647.167478,15959.522864
20220719,0,16007.294865,16088.139788,15661.866555,15838.255479
20220720,0,15801.507787,15801.507787,15323.787784,15511.201016
20220721,0,15434.030861,15551.623477,15070.228705,15106.976398
20220722,0,15140.049321,15426.681323,15073.903475,15411.982246
20220725,0,15066.553936,15066.553936,14794.621011,14846.067781
20220726,0,14721.125626,15103.301629,14673.353626,14897.51455
20220727,0,14801.97055,15253.967168,14717.450857,15202.520398
20220728,0,15180.471783,15592.045939,15180.471783,15378.909322
20220729,0,15459.754246,15720.662863,15242.94286,15434.030861
20220801,0,15434.030861,15595.720708,15187.821321,15294.38963
20220802,0,15204.136763,15530.435589,15155.539066,15450.596514
20220803,0,15384.642496,15502.665476,15186.780443,15263.148253
20220804,0,15204.136763,15339.516063,15079.171255,15263.148253
20220805,0,15273.562045,15634.573512,15218.021819,15634.573512
20220808,0,15461.010307,15585.975814,15134.711481,15134.711481
20220809,0,15148.596537,15370.75744,14870.895409,15238.849404
20220810,0,15214.550555,15214.550555,14999.332181,15096.527576
20220811,0,15096.527576,15242.320668,15020.159766,15086.113784
20220812,0,15034.044822,15197.194235,14964.61954,15127.768953
20220815,0,15068.757463,15530.435589,15068.757463,15436.711458
20220816,0,15481.837891,15731.768906,15381.171232,15665.814888
20220817,0,15690.113737,15794.25166,15585.975814,15631.102247
20220818,0,15683.171209,15749.125227,15551.263173,15658.87236
20220819,0,15620.688455,15884.504527,15575.562022,15818.550509
20220822,0,15953.929809,16210.803352,15853.26315,16179.561975
20220823,0,16217.745881,16314.941275,16113.607958,16217.745881
20220824,0,16196.918296,16301.056219,16044.182676,16151.791863
20220825,0,16169.148183,16467.676896,16127.493014,16460.734368
20220826,0,16453.791839,16530.15965,16335.76886,16530.15965
20220829,0,16540.573442,16641.240101,15832.435565,16377.424029
20220830,0,16280.228634,16384.366557,16179.561975,16373.952765
20220831,0,16373.952765,16426.021727,16196.918296,16203.860824
20220901,0,16214.274616,16307.998747,16051.125204,16165.676919
20220902,0,16106.665429,16217.745881,15884.504527,15985.171186
20220905,0,16155.263127,16415.607934,16071.952788,16231.630937
20220906,0,16231.630937,16297.584955,15981.699922,15988.64245
20220907,0,15967.814865,16228.159673,15721.355114,16210.803352
20220908,0,16217.745881,16242.044729,15919.217168,15926.159696
20220909,0,15967.814865,16071.952788,15891.447055,16030.297619
20220913,0,16179.561975,16342.711388,16106.665429,16186.504504
20220914,0,16158.734391,16297.584955,16134.435542,16224.688409
20220915,0,16245.515993,16273.286106,16023.355091,16169.148183
20220916,0,16169.148183,16370.481501,16162.205655,16242.044729
20220919,0,16339.240124,16398.251614,16176.090711,16245.515993
20220920,0,16235.102201,16280.228634,15769.952812,15790.780396
20220921,0,15790.780396,15905.332111,15634.573512,15707.470058
20220922,0,15724.826378,15867.148206,15384.642496,15388.11376
20220923,0,15408.941345,15537.378117,15283.975837,15485.309155
20220926,0,15426.297666,15447.12525,15020.159766,15131.240217
20220927,0,15148.596537,15582.50455,15044.458614,15558.205701
20220928,0,15565.14823,15606.803399,15367.286176,15551.263173
20220929,0,15617.217191,15620.688455,15395.056289,15516.550532
20220930,0,15509.608004,15703.998794,15426.297666,15683.171209
20221010,0,16419.079198,16627.355045,16158.734391,16498.918273
20221011,0,16523.217121,16547.51597,16287.171163,16512.803329
20221012,0,16537.102178,16766.205609,16488.50448,16616.941252
20221013,0,16696.780327,16703.722855,16537.102178,16644.711365
20221014,0,16731.492968,16870.343532,16353.125181,16578.757347
20221017,0,16266.343578,16544.044706,16210.803352,16509.332065
20221018,0,16544.044706,16696.780327,16474.619424,16693.309062
20221019,0,16662.067686,16675.952742,16349.653916,16377.424029
20221020,0,16301.056219,16439.906783,16054.596468,16210.803352
20221021,0,16189.975768,16314.941275,16106.665429,16269.814842
20221024,0,16040.711411,16110.136693,15624.159719,15634.573512
20221025,0,15620.688455,15964.343601,15565.14823,15953.929809
20221026,0,15828.964301,15894.918319,15544.320645,15558.205701
20221027,0,15655.401096,15707.470058,15398.527553,15530.435589
20221028,0,15474.895363,15502.665476,15141.654009,15211.079291
20221031,0,15433.240194,15592.918342,15023.63103,15183.309178
20221101,0,15134.711481,15273.562045,14877.837938,15034.044822
20221102,0,15034.044822,15509.608004,14947.26322,15474.895363
20221103,0,15447.12525,15461.010307,15152.067802,15256.205725
20221104,0,15256.205725,15617.217191,15242.320668,15412.412609
20221107,0,15336.044799,15481.837891,15211.079291,15464.481571
20221108,0,15433.240194,15433.240194,14926.435635,14926.435635
20221109,0,14787.585071,14870.895409,14666.090827,14728.573581
20221110,0,14926.435635,15051.401143,14596.665545,14686.918412
20221111,0,14745.929902,15044.458614,14704.274732,14954.205748
20221114,0,15072.228727,15093.056312,14829.24024,14988.918389
20221115,0,14957.677012,15134.711481,14874.366673,15127.768953
20221116,0,15072.228727,15127.768953,14857.010353,15103.470104
20221117,0,15127.768953,15204.136763,14926.435635,14999.332181
20221118,0,14926.435635,15079.171255,14787.585071,14832.711504
20221121,0,14683.447148,14766.757486,14443.929925,14509.883943
20221122,0,14520.297735,14617.49313,14416.159812,14506.412679
20221123,0,14294.665569,14353.677058,13989.194328,14020.435705
20221124,0,13989.194328,14159.286269,13923.24031,14096.803515
20221125,0,14190.527646,14221.769022,13989.194328,14096.803515
20221128,0,14200.941438,14419.631076,14134.98742,14332.849474
20221129,0,14371.033379,14398.803492,14134.98742,14242.596607
20221130,0,14225.240287,14280.780512,14166.228797,14221.769022
20221201,0,14197.470174,14471.700038,14180.113853,14436.987397
20221202,0,14423.10234,14881.309202,14384.918435,14832.711504
20221205,0,14582.780489,14759.814958,14478.642566,14617.49313
20221206,0,14509.883943,14624.435658,14464.757509,14572.366697
20221207,0,14509.883943,14509.883943,13975.309271,13992.665592
20221208,0,13808.688594,13815.631123,13281.056451,13301.884036
20221209,0,13437.263336,13517.10241,13097.079454,13190.803584
20221212,0,12253.562277,12604.159951,12253.562277,12423.654218
20221213,0,12586.884711,12623.158154,11912.198672,11955.726804
20221214,0,12006.509624,12039.155723,11788.868966,11966.608837
20221215,0,12035.528378,12169.740117,11868.670541,12071.801821
20221216,0,11970.236181,12002.88228,11484.172045,11531.327521
20221219,0,11462.407979,11592.992374,11179.475124,11223.003256
20221220,0,11139.574337,11520.445488,11139.574337,11415.252503
20221221,0,11418.879848,11647.402538,11259.276699,11607.501751
20221222,0,11643.775194,11948.472115,11480.544701,11912.198672
20221223,0,11817.88772,11919.453361,11498.681422,11534.954865
20221226,0,12024.646345,12332.970611,11981.118214,12282.18779
20221227,0,12158.858084,12249.541692,12068.174477,12195.131527
20221228,0,12079.05651,12267.678413,12042.783067,12162.485429
20221229,0,12118.957297,12129.83933,11770.732245,11825.142409
20221230,0,11607.501751,11872.297885,11484.172045,11712.694736
20230103,0,11164.965747,11473.290012,11161.338403,11328.19624
20230104,0,11331.823585,11498.681422,11288.295453,11404.37047
20230105,0,11317.314207,11640.14785,11317.314207,11527.700177
20230106,0,11571.228308,11592.992374,11291.922797,11447.898602
20230109,0,11447.898602,11654.657227,11302.80483,11433.389225
20230110,0,11389.861093,11498.681422,11146.829025,11172.220435
20230111,0,11034.381352,11172.220435,10758.703186,10787.72194
20230112,0,10762.33053,10878.405547,10689.783644,10733.311776
20230113,0,10773.212563,10965.461811,10718.802398,10751.448497
20230116,0,10929.188368,11063.400107,10889.28758,11012.617286
20230117,0,10983.598532,11088.791517,10813.11335,10863.89617
20230118,0,10914.67899,10965.461811,10856.641482,10918.306335
20230119,0,11019.871975,11019.871975,10758.703186,10860.268826
20230120,0,10863.89617,11168.593091,10853.014137,11067.027451
20230130,0,10519.298462,10628.118791,10352.440624,10457.633609
20230131,0,10446.751576,10591.845348,10421.360166,10559.199249
20230201,0,10577.335971,10642.628168,10446.751576,10515.671118
20230202,0,10515.671118,10631.746135,10457.633609,10490.279708
20230203,0,10450.37892,10457.633609,10181.955442,10207.346852
20230206,0,10374.20469,10591.845348,10279.893738,10548.317216
20230207,0,10526.553151,10617.236758,10468.515642,10483.025019
20230208,0,10435.869543,10522.925806,10356.067969,10392.341412
20230209,0,10392.341412,10533.807839,10319.794526,10461.260953
20230210,0,10435.815502,10547.13935,10305.407567,10473.983679
20230213,0,10610.752977,10814.316583,10572.5848,10801.593857
20230214,0,10801.593857,10874.749528,10699.812054,10737.98023
20230215,0,10814.316583,10833.400671,10712.53478,10798.413176
20230216,0,10763.425681,10970.169969,10750.702956,10951.085881
20230217,0,10938.363155,11141.926762,10897.014298,11138.74608
20230220,0,11195.998345,11199.179026,10909.737023,10989.254057
20230221,0,10989.254057,11148.288124,10966.989288,11138.74608
20230222,0,11138.74608,11348.671049,11135.565399,11246.889246
20230223,0,11253.250609,11285.057422,11046.506321,11110.119948
20230224,0,11119.661992,11192.817663,11056.048365,11157.830168
20230227,0,11132.384718,11170.552894,10830.21999,10881.110891
20230228,0,10909.737023,11024.241552,10782.509769,10976.531332
20230301,0,10947.905199,11036.964277,10862.026803,10916.098386
20230302,0,10881.110891,11033.783596,10849.304078,10973.35065
20230303,0,10909.737023,10957.447243,10750.702956,10833.400671
20230306,0,10862.026803,10900.194979,10655.282515,10658.463197
20230307,0,10706.173417,10747.522275,10604.391614,10702.992736
20230308,0,10687.089329,10725.257505,10524.87458,10575.765482
20230309,0,10540.777987,10540.777987,10340.395062,10356.298469
20230310,0,10372.201875,10445.357546,10130.470093,10130.470093
20230313,0,9955.532619,10076.39851,9911.00308,10009.604202
20230314,0,9990.520114,10340.395062,9990.520114,10334.033699
20230315,0,10283.142798,10369.021194,10120.928049,10184.541676
20230316,0,10174.999632,10286.323479,10031.868971,10165.457588
20230317,0,10165.457588,10273.600754,10133.650774,10203.625764
20230320,0,10203.625764,10257.697347,10063.675785,10079.579191
20230321,0,10044.591697,10133.650774,9911.00308,10111.386005
20230322,0,10111.386005,10216.348489,10038.230334,10095.482598
20230323,0,10098.66328,10162.276907,9974.616707,9996.881476
20230324,0,10003.242839,10063.675785,9866.473541,10000.062158
20230327,0,9821.944002,9891.918992,9771.053101,9825.124684
20230328,0,9818.763321,9917.364443,9799.679233,9844.208772
20230329,0,9821.944002,9869.654223,9602.476989,9656.548572
20230330,0,9662.909935,9694.716748,9580.21222,9656.548572
20230331,0,9602.476989,9681.994023,9548.405406,9589.754264
20230403,0,9618.380396,9716.981518,9481.611098,9503.875868
20230404,0,9516.598593,9561.128132,9456.165647,9519.779274
20230406,0,9433.900878,9487.972461,9395.732702,9427.539515
20230407,0,9456.165647,9586.573583,9456.165647,9519.779274
20230410,0,9462.52701,9491.153142,9335.299756,9392.55202
20230411,0,9408.455427,9465.707691,9367.10657,9408.455427
20230412,0,9383.009976,9443.442922,9351.203163,9389.371339
20230413,0,9373.467932,9395.732702,9258.963404,9274.86681
20230414,0,9271.916789,9351.567363,9192.266215,9268.966768
20230417,0,9233.566513,9546.268765,9233.566513,9516.768553
20230418,0,9581.66902,9684.919764,9499.068425,9590.519084
20230419,0,9605.26919,9867.821082,9561.018872,9835.370848
20230420,0,9823.570763,9835.370848,9693.769828,9770.47038
20230421,0,9782.270465,9953.371698,9782.270465,9917.971443
20230424,0,10124.47293,10177.573313,9991.721974,10077.27259
20230425,0,10074.322569,10077.27259,9593.469105,9643.619467
20230426,0,9640.669445,9764.570338,9510.86851,9611.169233
20230427,0,9602.319169,9714.419977,9558.06885,9608.219212
20230428,0,9661.319594,9814.720699,9646.569488,9746.87021
20230504,0,9661.319594,9661.319594,9363.367448,9384.017597
20230505,0,9381.067575,9602.319169,9295.516959,9537.418702
20230508,0,9472.518234,9510.86851,9386.967618,9475.468255
20230509,0,9537.418702,9563.968893,9416.46783,9440.068
20230510,0,9416.46783,9460.718149,9248.316619,9263.066725
20230511,0,9263.066725,9345.66732,9156.86596,9192.266215
20230512,0,9251.26664,9398.767703,9224.716449,9357.467405
20230515,0,9280.766853,9369.26749,9207.016322,9339.767278
20230516,0,9298.46698,9487.26834,9292.566938,9357.467405
20230517,0,9298.46698,9325.017172,9177.516109,9204.0663
20230518,0,9183.416152,9283.716874,9124.415727,9257.166683
20230519,0,9289.616917,9304.367023,9115.565663,9127.365748
20230522,0,9115.565663,9115.565663,8926.764303,8953.314494
20230523,0,8997.564813,9080.165408,8985.764728,9032.965068
20230524,0,9142.115854,9313.217087,9097.865535,9289.616917
20230525,0,9295.516959,9330.917214,9153.915939,9257.166683
20230526,0,9333.867235,9351.567363,9251.26664,9310.267065
20230529,0,9192.266215,9227.66647,9133.26579,9186.366173
20230530,0,9165.716024,9165.716024,8968.0646,8991.66477
20230531,0,9015.26494,9083.115429,8932.664345,8965.114579
20230601,0,8928.964924,9029.071662,8853.88487,8956.772351
20230602,0,8951.210866,8984.579778,8814.954471,8831.638928
20230605,0,8901.157496,8942.868637,8778.804816,8823.2967
20230606,0,8870.569326,9065.221318,8812.173729,8995.702749
20230607,0,8995.702749,9015.167948,8851.104127,8865.007841
20230608,0,8865.007841,8951.210866,8820.515957,8853.88487
20230609,0,8859.446355,8870.569326,8753.778131,8845.542642
20230612,0,8848.323384,8992.922007,8814.954471,8953.991608
20230613,0,8959.553094,9087.46726,8959.553094,9006.82572
20230614,0,9026.290919,9195.916226,8976.23755,9145.862857
20230615,0,9123.616915,9204.258454,9073.563546,9156.985828
20230616,0,9159.766571,9265.434795,8492.388314,8890.034525
20230619,0,8965.114579,9006.82572,8826.077442,8848.323384
20230620,0,8870.569326,8890.034525,8792.70853,8837.200413
20230621,0,8834.419671,8881.692297,8798.270015,8851.104127
20230626,0,8709.286248,8739.874418,8542.441683,8609.179509
20230627,0,8570.249111,8703.724762,8570.249111,8684.259563
20230628,0,8723.189961,8723.189961,8589.71431,8614.740995
20230629,0,8634.206194,8712.06699,8614.740995,8650.89065
20230630,0,8656.452136,8700.944019,8592.495053,8625.863965
20230703,0,8792.70853,8837.200413,8720.409218,8826.077442
20230704,0,8881.692297,8881.692297,8734.312932,8759.339617
20230705,0,8731.532189,8784.366301,8703.724762,8756.558874
20230706,0,8695.382534,8731.532189,8636.986936,8712.06699
20230707,0,8692.601791,8717.628476,8659.232878,8664.794364
20230710,0,8598.056538,8598.056538,8456.238659,8478.4846
20230711,0,8464.580887,8511.853513,8436.773459,8484.046086
20230712,0,8489.607571,8520.195742,8364.474148,8383.939347
20230713,0,8431.211974,8439.554202,8275.490381,8300.517065
20230714,0,8319.982265,8386.72009,8253.244439,8306.078551
20230717,0,8372.816377,8395.062318,8322.763007,8350.570435
20230718,0,8389.500833,8470.142372,8381.158605,8425.650489
20230719,0,8414.527518,8495.169057,8333.885978,8425.650489
20230720,0,8453.457916,8573.029853,8453.457916,8531.318712
20230721,0,8531.318712,8542.441683,8414.527518,8425.650489
20230724,0,8620.30248,8898.376754,8620.30248,8814.954471
20230725,0,8901.157496,8956.772351,8828.858185,8920.622695
20230726,0,8926.184181,8976.23755,8831.638928,8917.841953
20230727,0,8831.638928,9129.178401,8792.70853,9095.809488
20230728,0,9065.221318,9237.627367,9029.071662,9187.573998
20230731,0,9340.514848,9543.509068,9268.215537,9532.386097
20230801,0,9576.877981,9585.220209,9373.883761,9429.498616
20230802,0,9507.561836,9523.712847,9273.372176,9313.749704
20230803,0,9249.145659,9410.65577,9232.994648,9278.755846
20230804,0,9319.133374,9448.341462,9302.982363,9416.03944
20230807,0,9389.121088,9507.561836,9311.057868,9421.42311
20230808,0,9421.42311,9564.090375,9367.586407,9399.888429
20230809,0,9381.045583,9480.643484,9346.051726,9421.42311
20230810,0,9367.586407,9367.586407,9168.390604,9192.617121
20230811,0,9160.315099,9276.064011,9144.164088,9270.680341
20230814,0,9265.29667,9356.819066,9232.994648,9273.372176
20230815,0,9292.215022,9329.900715,9238.378319,9284.139517
20230816,0,9292.215022,9346.051726,9165.698769,9195.308956
20230817,0,9214.151802,9246.453824,8996.113153,9020.33967
20230818,0,9044.566186,9074.176373,8926.125438,8966.502966
20230821,0,9039.182516,9200.692626,9004.188658,9173.774274
20230822,0,9179.157945,9192.617121,9049.949856,9122.629406
20230823,0,9122.629406,9316.441539,9082.251879,9300.290528
20230824,0,9286.831352,9356.819066,9249.145659,9270.680341
20230825,0,9294.906857,9416.03944,9286.831352,9346.051726
20230828,0,9340.668055,9340.668055,8885.747911,9144.164088
20230829,0,9168.390604,9173.774274,8982.653977,9033.798845
20230830,0,9071.484538,9173.774274,9041.874351,9082.251879
20230831,0,9103.78656,9111.862065,9017.647834,9068.792703
20230901,0,9060.717197,9141.472252,9039.182516,9066.100867
20230904,0,8936.892779,9076.868208,8893.823416,9060.717197
20230905,0,9052.641692,9109.17023,9004.188658,9068.792703
20230906,0,9068.792703,9119.937571,8979.962142,9006.880494
20230907,0,9006.880494,9055.333527,8958.42746,9028.415175
20230908,0,9001.496823,9041.874351,8829.219372,8839.986713
20230911,0,8893.823416,9023.031505,8877.672405,8990.729483
20230912,0,9025.72334,9211.459967,9025.72334,9168.390604
20230913,0,9168.390604,9168.390604,9071.484538,9125.321241
20230914,0,9133.396747,9235.686483,9114.553901,9146.855923
20230915,0,9206.076297,9311.057868,9173.774274,9251.837495
20230918,0,9095.711054,9095.711054,8958.42746,9012.264164
20230919,0,9006.880494,9058.025362,8953.04379,9044.566186
20230920,0,9036.490681,9176.46611,9001.496823,9160.315099
20230921,0,9141.472252,9171.082439,9009.572329,9017.647834
20230922,0,9017.647834,9047.258021,8955.735625,9025.72334
20230925,0,9141.472252,9152.239593,9001.496823,9031.10701
20230926,0,9052.641692,9052.641692,8896.515251,8944.968285
20230927,0,8931.509109,8974.578472,8839.986713,8942.276449
20230928,0,8963.811131,9004.188658,8888.439746,8918.049933
20231009,0,8619.256229,8710.778624,8549.268514,8584.262371
20231010,0,8555.897431,8599.734157,8421.808623,8429.544515
20231011,0,8421.808623,8604.891419,8398.600944,8576.526478
20231012,0,8566.211955,8620.363204,8522.375229,8602.312788
20231013,0,8589.419633,8664.19993,8530.111122,8573.947848
20231016,0,8646.149514,8715.772549,8617.784573,8674.514454
20231017,0,8648.728145,8677.093085,8594.576895,8646.149514
20231018,0,8646.149514,8697.722132,8524.95386,8550.740169
20231019,0,8561.054693,8586.841002,8494.010289,8540.425645
20231020,0,8535.268384,8558.476062,8370.236004,8377.971897
20231023,0,8313.506123,8540.425645,8308.348862,8483.695765
20231024,0,8452.752194,8470.80261,8326.399278,8354.764218
20231025,0,8298.034338,8354.764218,8166.52416,8189.731839
20231026,0,8156.209637,8316.084754,8151.052375,8274.826659
20231027,0,8228.411303,8292.877076,8200.046362,8287.719814
20231030,0,8264.512136,8403.758206,8264.512136,8393.443682
20231031,0,8406.336837,8437.280408,8336.713802,8396.022313
20231101,0,8406.336837,8447.594932,8331.55654,8344.449695
20231102,0,8303.1916,8411.494099,8303.1916,8383.129159
20231103,0,8385.70779,8406.336837,8308.348862,8328.977909
20231106,0,8354.764218,8367.657373,8202.624993,8323.820647
20231107,0,8259.354874,8323.820647,8112.372911,8130.423327
20231108,0,8112.372911,8130.423327,8035.013983,8102.058387
20231109,0,8065.957554,8094.322494,7937.026007,8037.592614
20231110,0,8045.328507,8096.901125,8006.649043,8045.328507
20231113,0,8102.058387,8212.939517,8086.586601,8133.001958
20231114,0,8158.788268,8200.046362,8122.687434,8189.731839
20231115,0,8205.203624,8241.304457,8125.266065,8156.209637
20231116,0,8158.788268,8161.366898,8078.850709,8114.951542
20231117,0,8112.372911,8112.372911,8024.699459,8045.328507
20231120,0,8174.260053,8251.618981,8153.631006,8197.467732
20231121,0,8192.31047,8220.67541,8151.052375,8192.31047
20231122,0,8166.52416,8171.681422,7983.441364,8022.120828
20231123,0,8016.963566,8050.485768,7949.919162,7967.969579
20231124,0,8022.120828,8135.580589,7895.767913,7957.655055
20231127,0,7735.892795,7795.201306,7537.338213,7560.545891
20231128,0,7583.75357,7674.005652,7511.551904,7653.376605
20231129,0,7681.741545,7712.685116,7609.539879,7637.904819
20231130,0,7632.747557,7689.477438,7514.130535,7545.074106
20231201,0,7515.559236,7515.559236,7325.054164,7362.618544
20231204,0,7381.400734,7445.796815,7247.242233,7255.291743
20231205,0,7266.024423,7266.024423,7142.598602,7174.796643
20231206,0,7174.796643,7443.113645,7094.301542,7418.965115
20231207,0,7405.549265,7432.380965,7317.004654,7357.252204
20231208,0,7357.252204,7773.143558,7341.153184,7724.846497
20231211,0,7727.529667,7738.262348,7579.955316,7628.252377
20231212,0,7617.519696,8036.09422,7617.519696,7856.321829
20231213,0,7781.193068,7891.203039,7746.311858,7791.925748
20231214,0,7791.925748,7840.222808,7647.034567,7692.648457
20231215,0,7695.331627,7802.658428,7663.133587,7687.282117
20231218,0,7767.777218,7791.925748,7545.074106,7625.569207
20231219,0,7665.816757,7665.816757,7437.747305,7443.113645
20231220,0,7432.380965,7577.272146,7413.598775,7520.925576
20231221,0,7520.925576,7609.470186,7475.311685,7571.905806
20231222,0,7574.588976,7622.886036,7448.479985,7504.826555
20231225,0,7512.876066,7596.054336,7408.232435,7571.905806
20231226,0,7585.321656,7692.648457,7553.123616,7577.272146
20231227,0,7566.539466,7566.539466,7443.113645,7475.311685
20231228,0,7448.479985,7448.479985,7343.836354,7346.519524
20231229,0,7341.153184,7389.450244,7314.321484,7359.935374
20240102,0,7290.172954,7475.311685,7249.925403,7421.648285
20240103,0,7392.133414,7429.697795,7335.786844,7386.767074
20240104,0,7394.816585,7483.361195,7365.301714,7378.717564
20240105,0,7405.549265,7410.915605,7268.707593,7287.489784
20240108,0,7292.856124,7341.153184,7223.093703,7260.658083
20240109,0,7263.341253,7373.351224,7196.262003,7263.341253
20240110,0,7233.826383,7260.658083,7182.846153,7215.044193
20240111,0,7217.727363,7257.974913,7177.479813,7239.192723
20240112,0,7231.143213,7292.856124,7198.945173,7268.707593
20240115,0,7298.222464,7456.529495,7279.440273,7429.697795
20240116,0,7445.796815,7480.678025,7373.351224,7408.232435
20240117,0,7429.697795,7437.747305,7303.588804,7322.370994
20240118,0,7343.836354,7346.519524,7282.123444,7322.370994
20240119,0,7327.737334,7370.668054,7306.271974,7346.519524
20240122,0,7459.212665,7512.876066,7418.965115,7435.064135
20240123,0,7424.331455,7445.796815,7351.885864,7410.915605
20240124,0,7413.598775,7477.994855,7413.598775,7469.945345
20240125,0,7512.876066,7617.519696,7491.410705,7569.222636
20240126,0,7571.905806,7593.371166,7483.361195,7542.390936
20240129,0,7625.569207,7660.450417,7539.707766,7571.905806
20240130,0,7577.272146,7588.004826,7386.767074,7410.915605
20240131,0,7483.361195,7531.658256,7410.915605,7467.262175
20240201,0,7486.044365,7553.123616,7451.163155,7467.262175
20240202,0,7432.380965,7432.380965,7271.390763,7290.172954
20240205,0,7351.885864,7357.252204,7252.608573,7284.806614
20240206,0,7295.539294,7335.786844,7274.073933,7311.638314
20240207,0,7317.004654,7330.420504,7220.410533,7239.192723
20240208,0,7244.559063,7306.271974,7236.509553,7239.192723
20240219,0,7298.222464,7333.103674,7172.113473,7298.222464
20240220,0,7298.222464,7350.890048,7265.618721,7278.158622
20240221,0,7255.5868,7258.09478,7162.791531,7205.427195
20240222,0,7177.839413,7426.129455,7177.839413,7353.398029
20240223,0,7330.826207,7393.525712,7305.746404,7375.969851
20240226,0,7353.398029,7398.541673,7308.254385,7340.858128
20240227,0,7363.42995,7438.669356,7348.382068,7391.017732
20240228,0,7411.081574,7458.733198,7375.969851,7391.017732
20240229,0,7375.969851,7421.113495,7350.890048,7393.525712
20240301,0,7370.95389,7408.573594,7325.810246,7396.033693
20240304,0,7406.065613,7436.161376,7350.890048,7373.461871
20240305,0,7375.969851,7428.637436,7370.95389,7406.065613
20240306,0,7411.081574,7561.560388,7380.985811,7559.052407
20240307,0,7556.544427,7589.14817,7503.876842,7528.956645
20240308,0,7531.464625,7616.735953,7511.400783,7586.64019
20240311,0,7616.735953,7666.895557,7576.608269,7601.688071
20240312,0,7621.751913,7694.48334,7611.719992,7666.895557
20240313,0,7649.339696,7671.911518,7551.528467,7589.14817
20240314,0,7599.180091,7611.719992,7503.876842,7518.924724
20240315,0,7523.940684,7614.227972,7473.78108,7606.704032
20240318,0,7591.65615,7804.83447,7589.14817,7772.230727
20240319,0,7804.83447,7834.930232,7747.150924,7799.818509
20240320,0,7827.406292,7849.978114,7752.166885,7829.914272
20240321,0,7849.978114,7985.409046,7794.802549,7802.32649
20240322,0,7777.246687,7837.438213,7754.674865,7807.34245
20240325,0,7849.978114,7927.725501,7767.214766,7872.549936
20240326,0,7907.661659,7937.757422,7789.786588,7807.34245
20240327,0,7802.32649,7844.962153,7661.879597,7702.00728
20240328,0,7676.927478,7702.00728,7574.100289,7639.307775
20240329,0,7639.307775,7689.467379,7528.956645,7538.988566
20240401,0,7599.180091,7636.799794,7541.496546,7589.14817
20240402,0,7564.068368,7591.65615,7491.336941,7528.956645
20240403,0,7516.416744,7579.116249,7496.352902,7559.052407
20240408,0,7624.259893,7656.863636,7576.608269,7586.64019
20240409,0,7586.64019,7725.521308,7532.746025,7708.938488
20240410,0,7669.55429,7731.739866,7607.368715,7646.752913
20240411,0,7628.09724,7636.38865,7487.143269,7512.017499
20240412,0,7524.454615,7538.964582,7406.302021,7414.593431
20240415,0,7416.666284,7520.30891,7381.427791,7487.143269
20240416,0,7468.487597,7518.236057,7271.566608,7323.387921
20240417,0,7350.335004,7408.374874,7317.169363,7395.937759
20240418,0,7383.500644,7487.143269,7317.169363,7447.759072
20240419,0,7453.977629,7541.037435,7404.229169,7532.746025
20240422,0,7545.18314,7605.295862,7447.759072,7458.123334
20240423,0,7464.341892,7516.163205,7329.606479,7352.407856
20240424,0,7387.646349,7431.176252,7323.387921,7402.156316
20240425,0,7395.937759,7410.447726,7238.400968,7261.202346
20240426,0,7236.328116,7356.553561,7219.745295,7325.460774
20240429,0,7304.732248,7310.950806,7163.778278,7186.579655
20240430,0,7186.579655,7236.328116,7157.55972,7190.72536
20240506,0,7172.069688,7315.096511,7145.122605,7302.659396
20240507,0,7335.825036,7412.520579,7298.513691,7306.805101
20240508,0,7292.295133,7391.792054,7292.295133,7352.407856
20240509,0,7371.063529,7389.719201,7296.440838,7366.917824
20240510,0,7371.063529,7514.090352,7257.056641,7491.288974
20240513,0,7458.123334,7563.838812,7422.884842,7534.818877
20240514,0,7534.818877,7572.130222,7474.706154,7512.017499
20240515,0,7545.18314,7555.547402,7433.249104,7466.414744
20240516,0,7485.070417,7507.871794,7441.540514,7478.851859
20240517,0,7503.726089,7599.077305,7485.070417,7567.984517
20240520,0,7565.911665,7657.117175,7505.798942,7514.090352
20240521,0,7507.871794,7592.858747,7493.361827,7574.203075
20240522,0,7586.64019,7663.335733,7586.64019,7648.825765
20240523,0,7657.117175,7663.335733,7503.726089,7534.818877
20240524,0,7526.527467,7590.785895,7509.944647,7555.547402
20240527,0,7588.713042,7619.80583,7520.30891,7534.818877
20240528,0,7555.547402,7619.80583,7400.083464,7404.229169
20240529,0,7433.249104,7470.560449,7385.573496,7429.103399
20240530,0,7453.977629,7468.487597,7389.719201,7422.884842
20240531,0,7416.666284,7489.216122,7362.772119,7447.759072
20240603,0,7578.34878,7752.468391,7514.090352,7576.275927
20240604,0,7588.713042,7609.441568,7520.30891,7536.89173
20240605,0,7538.964582,7572.130222,7485.070417,7487.143269
20240606,0,7526.527467,7543.110287,7458.123334,7530.673172
20240607,0,7549.328845,7601.150157,7420.811989,7445.686219
20240611,0,7520.30891,7611.51442,7431.176252,7605.295862
20240612,0,7621.878683,7671.627143,7578.34878,7599.077305
20240613,0,7549.328845,7557.620255,7339.970741,7387.646349
20240614,0,7420.811989,7445.686219,7377.282086,7412.520579
20240617,0,7412.520579,7412.520579,7300.586543,7315.096511
20240618,0,7306.805101,7335.825036,7261.202346,7273.639461
20240619,0,7288.149428,7329.606479,7261.202346,7313.023658
20240620,0,7308.877953,7364.844971,7263.275198,7281.930871
20240621,0,7271.566608,7302.659396,7221.818148,7244.619526
20240624,0,7172.069688,7246.692378,7134.758343,7213.526738
20240625,0,7252.910936,7259.129493,7124.39408,7151.341163
20240626,0,7165.85113,7300.586543,7151.341163,7288.149428
20240627,0,7288.149428,7325.460774,7246.692378,7302.659396
20240628,0,7308.877953,7342.043594,7281.930871,7304.732248
20240701,0,7279.858018,7358.626414,7263.275198,7335.825036
20240702,0,7321.315068,7404.229169,7321.315068,7375.209234
20240703,0,7377.282086,7414.593431,7327.533626,7408.374874
20240704,0,7404.229169,7447.759072,7391.792054,7402.156316
20240705,0,7402.156316,7431.176252,7354.480709,7398.010611
20240708,0,7453.977629,7514.090352,7412.520579,7435.321957
20240709,0,7433.249104,7497.507532,7385.573496,7493.361827
20240710,0,7466.414744,7474.706154,7257.056641,7259.129493
20240711,0,7288.149428,7420.811989,7267.420903,7398.010611
20240712,0,7420.811989,7435.321957,7331.679331,7393.864906
20240715,0,7468.487597,7648.825765,7466.414744,7563.838812
20240716,0,7563.838812,7594.9316,7534.818877,7555.547402
20240717,0,7545.18314,7584.567337,7518.236057,7561.76596
20240718,0,7545.18314,7636.38865,7536.89173,7601.150157
20240719,0,7626.024388,7642.607208,7570.05737,7626.024388
20240722,0,7626.024388,7764.905506,7590.785895,7740.031276
20240723,0,7727.594161,7783.561178,7702.719931,7746.249833
20240724,0,7731.739866,7798.071146,7713.084193,7744.176981
20240725,0,7729.667013,7735.885571,7650.898618,7704.792783
20240726,0,7711.011341,7711.011341,7559.693107,7590.785895
20240729,0,7621.878683,7694.42852,7578.34878,7671.627143
20240730,0,7686.13711,7727.594161,7634.315798,7679.918553
20240731,0,7690.282815,7748.322686,7667.481438,7742.104128
20240801,0,7731.739866,7748.322686,7692.355668,7713.084193
20240802,0,7713.084193,7868.548131,7690.282815,7862.329574
20240805,0,7961.826494,8028.157775,7899.640919,7949.389379
20240806,0,7986.700724,7988.773577,7876.839541,7895.495214
20240807,0,7884.437097,8048.097222,7877.802228,8045.885599
20240808,0,8043.673976,8123.292415,8014.922873,8072.425079
20240809,0,8079.059949,8205.122477,8079.059949,8202.910854
20240812,0,8185.217868,8264.836307,8105.599428,8225.027087
20240813,0,8205.122477,8236.085204,8147.620271,8194.064361
20240814,0,8205.122477,8324.550136,8158.678388,8311.280396
20240815,0,8355.512862,8408.591822,8240.50845,8284.740916
20240816,0,8269.259553,8271.471177,8200.699231,8222.815464
20240819,0,8127.715661,8196.275984,8094.541312,8185.217868
20240820,0,8194.064361,8216.180594,8105.599428,8138.773778
20240821,0,8129.927285,8136.562155,8019.346119,8030.404236
20240822,0,8028.192613,8090.118065,8010.499626,8076.848325
20240823,0,8081.271572,8081.271572,7897.706837,7902.130084
20240826,0,7917.611447,7977.325276,7882.225474,7924.246317
20240827,0,7895.495214,7922.034694,7860.109241,7908.764954
20240828,0,7908.764954,8021.557743,7895.495214,8019.346119
20240829,0,8014.922873,8059.155339,7990.595016,8030.404236
20240830,0,8048.097222,8098.964558,8041.462352,8074.636702
20240902,0,8068.001832,8103.387805,7999.44151,8037.039106
20240903,0,8045.885599,8158.678388,8032.615859,8149.831895
20240904,0,8138.773778,8176.371374,8105.599428,8121.080792
20240905,0,8123.292415,8194.064361,8079.059949,8083.483195
20240906,0,8103.387805,8160.890011,8079.059949,8152.043518
20240909,0,8068.001832,8068.001832,7924.246317,7961.843913
20240910,0,7961.843913,7999.44151,7902.130084,7939.72768
20240911,0,7964.055537,7975.113653,7762.797815,7853.474371
20240912,0,7851.262748,7902.130084,7776.067555,7809.241905
20240913,0,7826.934891,7873.378981,7782.702425,7868.955734
20240918,0,7798.183788,7864.532488,7707.507233,7776.067555
20240919,0,7784.914049,7888.860344,7769.432685,7864.532488
20240920,0,7851.262748,7895.495214,7820.300022,7862.320864
20240923,0,7652.21665,7674.332883,7588.079574,7650.005027
20240924,0,7674.332883,7696.449116,7599.137691,7658.85152
20240925,0,7656.639897,7683.179376,7442.112436,7466.440292
20240926,0,7477.498409,7488.556525,7395.668346,7426.631072
20240927,0,7455.382175,7508.461135,7415.572956,7466.440292
20240930,0,7488.556525,7641.158533,7446.535682,7546.058731
20241008,0,7563.751718,7678.75613,7530.577368,7645.58178
20241009,0,7691.55205,7781.073103,7679.454611,7768.975663
20241010,0,7778.653615,7814.945933,7558.480215,7563.319191
20241011,0,7577.836119,7618.967413,7372.179647,7391.53555
20241014,0,7401.213502,7442.344796,7340.726304,7389.116062
20241015,0,7379.438111,7471.378651,7357.662719,7439.925308
20241016,0,7439.925308,7459.281211,7364.921183,7393.955038
20241017,0,7372.179647,7427.827869,7275.400131,7302.014498
20241018,0,7306.853473,7355.243231,7234.268836,7333.46784
20241021,0,7333.46784,7398.794014,7311.692449,7369.760159
20241022,0,7377.018623,7422.988893,7333.46784,7413.310941
20241023,0,7406.052477,7493.154042,7364.921183,7444.764284
20241024,0,7435.086332,7502.831994,7420.569405,7468.959163
20241025,0,7476.217627,7493.154042,7338.306816,7362.501695
20241028,0,7328.628865,7367.340671,7285.078082,7331.048352
20241029,0,7340.726304,7364.921183,7285.078082,7333.46784
20241030,0,7347.984768,7415.730429,7338.306816,7384.277086
20241031,0,7393.955038,7422.988893,7331.048352,7343.145792
20241101,0,7340.726304,7442.344796,7302.014498,7437.50582
20241104,0,7442.344796,7548.802264,7437.50582,7483.47609
20241105,0,7452.022748,7500.412506,7406.052477,7425.408381
20241106,0,7381.857598,7442.344796,7362.501695,7401.213502
20241107,0,7401.213502,7524.607385,7396.374526,7507.670969
20241108,0,7522.187897,7536.704824,7425.408381,7452.022748
20241111,0,7427.827869,7517.348921,7374.599135,7497.993018
20241112,0,7500.412506,7597.192022,7473.798139,7592.353046
20241113,0,7592.353046,7616.547925,7536.704824,7572.997143
20241114,0,7572.997143,7618.967413,7384.277086,7398.794014
20241115,0,7386.696574,7410.891453,7331.048352,7364.921183
20241118,0,7369.760159,7408.471965,7316.531425,7393.955038
20241119,0,7377.018623,7466.539675,7377.018623,7449.60326
20241120,0,7466.539675,7531.865849,7466.539675,7524.607385
20241121,0,7524.607385,7543.963288,7468.959163,7502.831994
20241122,0,7514.929433,7553.64124,7485.895578,7522.187897
20241125,0,7551.221752,7582.675095,7488.315066,7505.251482
20241126,0,7534.285336,7536.704824,7364.921183,7379.438111
20241127,0,7379.438111,7420.569405,7372.179647,7420.569405
20241128,0,7422.988893,7435.086332,7287.49757,7345.56528
20241129,0,7335.887328,7360.082207,7277.819618,7294.756034
20241202,0,7256.044227,7299.59501,7156.845223,7171.362151
20241203,0,7183.45959,7200.396006,7084.260586,7130.230856
20241204,0,7113.294441,7181.040102,7096.358026,7125.39188
20241205,0,7139.908808,7147.167272,7035.870828,7130.230856
20241206,0,7147.167272,7161.684199,7055.226731,7074.582634
20241209,0,7064.904683,7098.777514,6980.222606,7069.743659
20241210,0,7081.841098,7142.328296,7038.290316,7091.51905
20241211,0,7098.777514,7122.972393,7033.45134,7062.485195
20241212,0,7046.348519,7070.553533,6995.249045,7011.385721
20241213,0,7022.143505,7078.621871,6946.839017,7043.659073
20241216,0,7040.969627,7046.348519,6928.012895,6952.217909
20241217,0,6954.907355,6979.112369,6914.565665,6928.012895
20241218,0,6941.460125,6946.839017,6823.124501,6876.913421
20241219,0,6874.223975,6890.360651,6745.130567,6755.888351
20241220,0,6750.509459,6836.571731,6726.304445,6815.056163
20241223,0,6780.093365,6884.981759,6780.093365,6852.708407
20241224,0,6887.671205,6957.596801,6860.776745,6941.460125
20241225,0,6925.323449,6936.081233,6850.018961,6882.292313
20241226,0,6884.981759,6911.876219,6817.745609,6836.571731
20241227,0,6847.329515,6901.118435,6831.192839,6876.913421
20241230,0,6868.845083,6919.944557,6841.950623,6893.050097
20241231,0,6911.876219,6941.460125,6866.155637,6884.981759
20250102,0,6906.497327,7043.659073,6901.118435,7040.969627
20250103,0,7038.280181,7049.037965,6930.702341,6965.665139
20250106,0,7016.764613,7097.447993,6957.596801,6995.249045
20250107,0,6976.422923,6976.422923,6863.466191,6868.845083
20250108,0,6901.118435,6938.770679,6860.776745,6936.081233
20250109,0,6952.217909,6954.907355,6777.403919,6809.677271
20250110,0,6804.298379,6890.360651,6804.298379,6863.466191
20250113,0,6833.882285,6965.665139,6833.882285,6960.286247
20250114,0,6949.528463,7032.901289,6941.460125,7003.317383
20250115,0,7003.317383,7035.590735,6930.702341,6981.801815
20250116,0,6976.422923,7019.454059,6936.081233,6968.354585
20250117,0,6954.907355,7040.969627,6911.876219,6968.354585
20250120,0,6919.944557,6954.907355,6860.776745,6914.565665
20250121,0,6898.428989,7006.006829,6890.360651,6981.801815
20250122,0,6965.665139,6987.180707,6930.702341,6957.596801
20250123,0,6965.665139,7043.659073,6946.839017,6992.559599
20250124,0,7011.385721,7038.280181,6914.565665,6979.112369
20250127,0,6992.559599,7094.758547,6981.801815,7011.385721
20250205,0,7065.174641,7221.162509,7035.590735,7199.646941
20250206,0,7180.686245,7199.646941,7115.678147,7137.347513
20250207,0,7118.386817,7153.599538,7091.30011,7115.678147
20250210,0,7107.552134,7131.930171,7007.331315,7026.292011
20250211,0,7042.544036,7050.670048,6988.37062,7010.039986
20250212,0,7020.874669,7064.213402,7004.622645,7047.961377
20250213,0,7042.544036,7094.00878,7039.835365,7080.465426
20250214,0,7091.30011,7107.552134,7004.622645,7029.000682
20250217,0,7042.544036,7077.756756,7026.292011,7050.670048
20250218,0,7047.961377,7112.969476,7047.961377,7069.630743
20250219,0,7069.630743,7091.30011,7023.58334,7066.922073
20250220,0,7080.465426,7085.882768,7037.126694,7069.630743
20250221,0,7069.630743,7091.30011,7026.292011,7034.418023
20250224,0,7020.874669,7047.961377,6955.86657,7042.544036
20250225,0,7053.378719,7069.630743,7037.126694,7047.961377
20250226,0,7050.670048,7064.213402,6988.37062,7001.913974
20250227,0,6999.205303,7018.165998,6988.37062,7012.748657
20250228,0,7012.748657,7029.000682,6991.079291,7007.331315
20250303,0,7015.457328,7123.804159,7010.039986,7110.260805
20250304,0,7096.717451,7218.607636,7069.630743,7148.182196
20250305,0,7129.221501,7156.308208,7077.756756,7080.465426
20250306,0,7072.339414,7112.969476,7045.252706,7091.30011
20250307,0,7096.717451,7137.347513,7077.756756,7121.095488
20250310,0,7156.308208,7248.403015,7156.308208,7210.481624
20250311,0,7202.355612,7299.86776,7167.142892,7294.450418
20250312,0,7283.615735,7307.993772,7248.403015,7264.65504
20250313,0,7248.403015,7248.403015,7196.93827,7224.024978
20250314,0,7237.568332,7359.458517,7234.859661,7348.623834
20250317,0,7316.119785,7424.466616,7316.119785,7370.2932
20250318,0,7367.584529,7432.592628,7326.954468,7424.466616
20250319,0,7432.592628,7467.805348,7356.749846,7378.419213
20250320,0,7400.088579,7432.592628,7299.86776,7321.537126
20250321,0,7321.537126,7351.332505,7224.024978,7234.859661
20250324,0,7253.820357,7313.411114,7240.277003,7299.86776
20250325,0,7289.033077,7329.663139,7275.489723,7289.033077
20250326,0,7289.033077,7340.497822,7270.072381,7332.371809
20250327,0,7340.497822,7340.497822,7297.159089,7321.537126
20250328,0,7313.411114,7313.411114,7153.599538,7164.434221
20250331,0,7207.772953,7210.481624,7161.72555,7175.268904
20250401,0,7175.268904,7199.646941,7134.638842,7172.560233
20250402,0,7150.890867,7186.103587,7134.638842,7167.142892
20250403,0,7167.142892,7205.064282,7153.599538,7188.812258
20250407,0,7213.190295,7313.411114,7183.394916,7221.316307
20250408,0,7232.15099,7394.671237,7226.733649,7362.167188
20250409,0,7362.167188,7391.962567,7291.741748,7305.285101
20250410,0,7269.49994,7358.962844,7200.4857,7307.841184
20250411,0,7300.172936,7356.406761,7277.168189,7333.402014
20250414,0,7402.416254,7486.766992,7374.299341,7397.304088
20250415,0,7387.079756,7433.089249,7361.518927,7417.752752
20250416,0,7410.084503,7427.977084,7297.616853,7323.177682
20250417,0,7348.738512,7381.96759,7312.95335,7379.411507
20250418,0,7374.299341,7425.421001,7353.850678,7394.748005
20250421,0,7356.406761,7453.537913,7341.070263,7440.757498
20250422,0,7420.308835,7443.313581,7389.635839,7404.972337
20250423,0,7402.416254,7407.52842,7323.177682,7343.626346
20250424,0,7333.402014,7341.070263,6916.760491,7226.04653
20250425,0,7223.490447,7246.495193,7205.597866,7233.714779
20250428,0,7218.378281,7274.612106,7208.153949,7223.490447
20250429,0,7195.373534,7223.490447,7111.022796,7121.247128
20250430,0,7108.466713,7141.695792,7090.574133,7111.022796
20250506,0,7100.798465,7141.695792,7082.905884,7136.583626
20250507,0,7126.359294,7174.92487,7126.359294,7149.364041
20250508,0,7131.47146,7149.364041,7088.01805,7111.022796
20250509,0,7118.691045,7144.251875,7065.013303,7118.691045
20250512,0,7105.910631,7121.247128,7082.905884,7090.574133
20250513,0,7090.574133,7111.022796,7077.793718,7098.242382
20250514,0,7098.242382,7187.705285,7098.242382,7167.256622
20250515,0,7164.700539,7164.700539,7021.559893,7044.564639
20250516,0,7044.564639,7054.788971,6978.106482,6983.218648
20250519,0,6980.662565,7019.00381,6947.433487,6995.999063
20250520,0,7001.111229,7019.00381,6985.774731,6998.555146
20250521,0,6988.330814,7001.111229,6957.657819,6978.106482
20250522,0,6965.326068,6995.999063,6909.092243,6942.321321
20250523,0,6942.321321,6967.882151,6888.643579,6909.092243
20250526,0,6934.653072,6972.994317,6926.984823,6952.545653
20250527,0,6952.545653,6957.657819,6898.867911,6932.096989
20250528,0,6939.765238,6955.101736,6906.53616,6932.096989
20250529,0,6932.096989,6998.555146,6840.078003,6972.994317
20250530,0,6957.657819,7001.111229,6939.765238,6955.101736
20250603,0,6942.321321,6975.5504,6893.755745,6906.53616
20250604,0,6901.423994,6911.648326,6845.190169,6896.311828
20250605,0,6896.311828,6916.760491,6873.307081,6893.755745
20250606,0,6901.423994,6934.653072,6863.082749,6880.97533
20250609,0,6865.638832,6903.980077,6824.741505,6888.643579
20250610,0,6919.316574,6970.438234,6893.755745,6949.98957
20250611,0,6952.545653,6988.330814,6937.209155,6952.545653
20250612,0,6952.545653,7039.452474,6921.872657,7029.228142
20250613,0,7029.228142,7075.237635,7008.779478,7049.676805
20250616,0,7054.788971,7080.349801,7029.228142,7044.564639
20250617,0,7044.564639,7082.905884,7031.784225,7062.45722
20250618,0,7054.788971,7095.686299,7036.896391,7072.681552
20250619,0,7065.013303,7077.793718,7011.335561,7034.340308
20250620,0,7044.564639,7105.910631,7044.564639,7103.354548
20250623,0,7154.476207,7162.144456,7118.691045,7146.807958
20250624,0,7146.807958,7187.705285,7108.466713,7126.359294
20250625,0,7123.803211,7164.700539,7121.247128,7157.03229
20250626,0,7162.144456,7197.929617,7151.920124,7177.480953
20250627,0,7182.593119,7197.929617,7128.915377,7159.588373
20250630,0,7167.256622,7177.480953,7065.013303,7090.574133
20250701,0,7095.686299,7126.359294,7075.237635,7088.01805
20250702,0,7095.686299,7348.738512,7095.686299,7330.845931
20250703,0,7333.402014,7371.743258,7284.836438,7346.182429
20250704,0,7315.509433,7371.743258,7300.172936,7312.95335
20250707,0,7284.836438,7315.509433,7261.831691,7282.280355
20250708,0,7279.724272,7310.397267,7274.612106,7297.616853
20250709,0,7279.724272,7295.06077,7246.495193,7292.504687
20250710,0,7287.392521,7384.523673,7261.831691,7348.738512
20250711,0,7351.294595,7361.518927,7318.065516,7333.402014
20250714,0,7310.397267,7312.95335,7251.607359,7302.729018
20250715,0,7287.392521,7341.070263,7274.612106,7284.836438
20250716,0,7277.168189,7284.836438,7157.03229,7162.144456
20250717,0,7157.03229,7195.373534,7108.466713,7187.705285
20250718,0,7190.261368,7251.607359,7187.705285,7226.04653
20250721,0,7251.607359,7417.752752,7238.826944,7343.626346
20250722,0,7341.070263,7369.187175,7302.729018,7351.294595
20250723,0,7361.518927,7744.931371,7361.518927,7458.650079
20250724,0,7392.191922,7410.084503,7261.831691,7343.626346
20250725,0,7335.958097,7443.313581,7328.289848,7353.850678
20250728,0,7249.051276,7366.631093,7154.476207,7220.934364
20250729,0,7335.958097,7335.958097,7200.4857,7233.714779
20250730,0,7246.495193,7279.724272,7159.588373,7195.373534
20250731,0,7208.153949,7249.051276,7190.261368,7195.373534
20250801,0,7200.4857,7238.826944,7095.686299,7185.149202
20250804,0,7144.251875,7144.251875,7039.452474,7126.359294
20250805,0,7123.796777,7164.797047,7098.171609,7113.54671
20250806,0,7100.734126,7205.797316,7082.796508,7180.172148
20250807,0,7157.109496,7262.172686,7134.046845,7226.29745
20250808,0,7236.547518,7303.172955,7203.234799,7267.29772
20250811,0,7290.360371,7341.610708,7233.985001,7246.797585
20250812,0,7246.797585,7328.798123,7246.797585,7292.922888
20250813,0,7280.110304,7298.047922,7162.23453,7198.109765
20250814,0,7205.797316,7223.734934,7113.54671,7123.796777
20250815,0,7126.359294,7149.421946,7108.421676,7146.859429
20250818,0,7113.54671,7162.23453,7046.921273,7082.796508
20250819,0,7100.734126,7139.171878,7077.671475,7123.796777
20250820,0,7123.796777,7123.796777,7013.608554,7059.733857
20250821,0,7077.671475,7080.233991,7034.108688,7054.608823
20250822,0,7136.609362,7157.109496,7087.921542,7093.046575
20250825,0,7149.421946,7182.734664,7103.296643,7128.921811
20250826,0,7072.546441,7121.234261,7057.17134,7103.296643
20250827,0,7072.546441,7105.85916,7021.296104,7044.358756
20250828,0,7028.983655,7046.921273,6954.670667,6964.920734
20250829,0,6985.420869,7005.921003,6931.608015,6946.983116
20250901,0,7021.296104,7026.421138,6941.858083,6982.858352
20250902,0,6985.420869,6993.108419,6918.795431,6967.483251
