date,time,open,high,low,close
20200622,0,2570,2763,2570,2599
20200623,0,2611,2679,2602,2649
20200624,0,2660,2672,2588,2603
20200629,0,2577,2577,2486,2514
20200630,0,2540,2568,2522,2534
20200701,0,2526,2568,2516,2553
20200702,0,2526,2575,2526,2553
20200703,0,2560,2613,2560,2589
20200706,0,2576,2612,2565,2601
20200707,0,2600,2609,2555,2574
20200708,0,2575,2591,2564,2570
20200709,0,2579,2583,2533,2563
20200710,0,2568,2575,2480,2493
20200713,0,2511,2557,2507,2542
20200714,0,2549,2560,2485,2519
20200715,0,2518,2539,2506,2520
20200716,0,2529,2540,2503,2510
20200717,0,2510,2535,2484,2491
20200720,0,2485,2518,2436,2452
20200721,0,2456,2487,2436,2487
20200722,0,2530,2598,2516,2528
20200723,0,2526,2588,2514,2588
20200724,0,2568,2573,2486,2506
20200727,0,2518,2521,2484,2486
20200728,0,2495,2510,2462,2492
20200729,0,2485,2513,2477,2508
20200730,0,2511,2522,2485,2495
20200731,0,2490,2490,2389,2430
20200803,0,2431,2434,2400,2405
20200804,0,2410,2456,2410,2431
20200805,0,2420,2470,2411,2462
20200806,0,2488,2529,2450,2472
20200807,0,2480,2487,2450,2452
20200810,0,2450,2480,2442,2478
20200811,0,2476,2493,2430,2443
20200812,0,2457,2494,2417,2492
20200813,0,2500,2510,2460,2461
20200814,0,2465,2478,2439,2450
20200817,0,2445,2460,2442,2450
20200818,0,2445,2487,2440,2456
20200819,0,2464,2475,2452,2460
20200820,0,2450,2501,2450,2490
20200821,0,2494,2541,2457,2496
20200824,0,2490,2501,2454,2464
20200825,0,2468,2499,2468,2496
20200826,0,2505,2564,2501,2532
20200827,0,2535,2538,2503,2512
20200828,0,2512,2513,2470,2475
20200831,0,2477,2506,2475,2491
20200901,0,2495,2498,2461,2477
20200902,0,2474,2510,2471,2484
20200903,0,2485,2489,2397,2401
20200904,0,2390,2390,2318,2353
20200907,0,2349,2370,2281,2293
20200908,0,2290,2315,2279,2288
20200909,0,2260,2260,2160,2178
20200910,0,2200,2238,2193,2218
20200911,0,2212,2231,2195,2200
20200914,0,2195,2265,2183,2239
20200915,0,2234,2245,2218,2224
20200916,0,2229,2271,2223,2260
20200917,0,2258,2269,2210,2222
20200918,0,2220,2327,2220,2320
20200921,0,2305,2343,2287,2293
20200922,0,2287,2298,2173,2230
20200923,0,2235,2251,2209,2229
20200924,0,2235,2267,2222,2227
20200925,0,2225,2274,2220,2241
20200928,0,2238,2260,2230,2260
20200929,0,2275,2295,2250,2270
20200930,0,2276,2279,2192,2204
20201009,0,2300,2368,2262,2314
20201012,0,2316,2335,2293,2327
20201013,0,2341,2347,2294,2312
20201014,0,2323,2337,2284,2323
20201015,0,2345,2396,2330,2380
20201016,0,2338,2406,2328,2369
20201019,0,2367,2382,2353,2366
20201020,0,2362,2365,2302,2328
20201021,0,2326,2356,2310,2335
20201022,0,2330,2338,2266,2297
20201023,0,2301,2337,2295,2311
20201026,0,2318,2340,2227,2244
20201027,0,2238,2260,2234,2256
20201028,0,2252,2271,2217,2236
20201029,0,2210,2217,2155,2159
20201030,0,2098,2138,2005,2050
20201102,0,2070,2077,1970,2015
20201103,0,2024,2111,2024,2102
20201104,0,2137,2192,2127,2167
20201105,0,2193,2209,2147,2193
20201106,0,2205,2228,2139,2158
20201109,0,2158,2227,2150,2197
20201110,0,2311,2325,2245,2269
20201111,0,2279,2383,2272,2355
20201112,0,2370,2384,2307,2326
20201113,0,2323.116529,2339.456198,2238.534711,2260.641322
20201116,0,2259.680165,2288.514876,2097.244628,2263.524793
20201117,0,2301.971074,2353.873554,2285.631405,2301.009917
20201118,0,2296.204132,2311.582645,2262.563636,2294.281818
20201119,0,2330.805785,2353.873554,2299.087603,2322.155372
20201120,0,2326,2368.290909,2316.38843,2335.61157
20201123,0,2336.572727,2392.319835,2310.621488,2376.941322
20201124,0,2388.475207,2437.494215,2365.407438,2437.494215
20201125,0,2429.804959,2512.464463,2414.426446,2481.707438
20201126,0,2487.47438,2548.98843,2478.823967,2511.503306
20201127,0,2499.008264,2499.008264,2447.105785,2456.717355
20201130,0,2453.833884,2486.513223,2416.34876,2425.960331
20201201,0,2452.872727,2501.891736,2426.921488,2433.649587
20201202,0,2466.328926,2466.328926,2365.407438,2386.552893
20201203,0,2398.086777,2462.484298,2388.475207,2432.68843
20201204,0,2433.649587,2503.81405,2393.280992,2463.445455
20201207,0,2456.717355,2486.513223,2429.804959,2479.785124
20201208,0,2465.367769,2488.435537,2388.475207,2410.581818
20201209,0,2417.309917,2449.028099,2400.009091,2419.232231
20201210,0,2431.727273,2468.25124,2412.504132,2429.804959
20201211,0,2446.144628,2566.289256,2445.183471,2514.386777
20201214,0,2500.930579,2582.628926,2487.47438,2572.056198
20201215,0,2578.784298,2582.628926,2501.891736,2532.64876
20201216,0,2554.755372,2571.095041,2529.765289,2531.687603
20201217,0,2536.493388,2615.308264,2523.998347,2592.240496
20201218,0,2585.512397,2588.395868,2529.765289,2548.027273
20201221,0,2548.98843,2619.152893,2460.561983,2490.357851
20201222,0,2479.785124,2521.114876,2423.07686,2435.571901
20201223,0,2470.173554,2486.513223,2402.892562,2423.07686
20201224,0,2441.338843,2517.270248,2441.338843,2497.08595
20201225,0,2465.367769,2514.386777,2462.484298,2508.619835
20201228,0,2513.42562,2528.804132,2449.989256,2463.445455
20201229,0,2500.52549,2526.196284,2452.986983,2487.214708
20201230,0,2507.180881,2522.393204,2474.854696,2492.919329
20201231,0,2483.411628,2544.260917,2472.002386,2521.442434
20210104,0,2541.408607,2589.897884,2500.52549,2580.390183
20210105,0,2556.620929,2578.488643,2475.805466,2477.707007
20210106,0,2494.820869,2632.682541,2494.820869,2629.830231
20210107,0,2614.617908,2641.239472,2561.37478,2615.568678
20210108,0,2613.667138,2648.845633,2577.537872,2623.174839
20210111,0,2642.190242,2682.122589,2439.676201,2618.420989
20210112,0,2626.97792,2723.005705,2608.913287,2714.448774
20210113,0,2734.414947,2747.725729,2666.910266,2723.005705
20210114,0,2711.596463,2742.971878,2662.156416,2708.744153
20210115,0,2702.088762,2774.347293,2675.467198,2702.088762
20210118,0,2697.334911,2726.808786,2666.910266,2717.301084
20210119,0,2711.596463,2761.987281,2691.63029,2704.941072
20210120,0,2701.137992,2783.854995,2698.285681,2769.593442
20210121,0,2771.494983,2778.150374,2690.67952,2708.744153
20210122,0,2699.236451,2721.104165,2651.697944,2665.959496
20210125,0,2641.239472,2679.270278,2609.864057,2652.648714
20210126,0,2662.156416,2701.137992,2639.337932,2665.959496
20210127,0,2684.024129,2723.956475,2667.861036,2710.645693
20210128,0,2703.990302,2705.891842,2652.648714,2679.270278
20210129,0,2684.974899,2735.365717,2648.845633,2660.254875
20210201,0,2670.628078,2699.861648,2624.420176,2681.944298
20210202,0,2695.146556,2787.562358,2679.115243,2771.531045
20210203,0,2807.365744,2819.624983,2764.929916,2783.790284
20210204,0,2784.733303,2837.542332,2775.303119,2804.536689
20210205,0,2796.992542,2864.889866,2796.992542,2852.630627
20210208,0,2866.775902,2911.097767,2857.345719,2871.490994
20210209,0,2881.864197,2968.621888,2879.97816,2942.217374
20210210,0,2929.958135,2939.388318,2860.174774,2880.921178
20210218,0,3055.37958,3087.442205,3045.949396,3054.436562
20210219,0,3064.809764,3074.239948,2953.533594,3003.513569
20210222,0,2994.083385,3042.177323,2975.223017,3028.032047
20210223,0,3015.772808,3162.883677,2983.710183,3108.18861
20210224,0,3098.758426,3110.074647,3034.633176,3076.125985
20210225,0,3120.447849,3173.256879,3079.898058,3165.712732
20210226,0,3228.894964,3228.894964,3098.758426,3102.5305
20210301,0,3093.100316,3151.567456,3056.322599,3079.898058
20210302,0,3096.872389,3096.872389,2913.926822,2935.616245
20210303,0,2963.906797,3057.265617,2940.331337,2970.507925
20210304,0,2986.539238,3044.06336,2982.767164,3028.032047
20210305,0,3017.658845,3186.459136,2986.539238,3184.5731
20210308,0,3205.319504,3328.854913,3194.003283,3302.450398
20210309,0,3272.222019,3283.557661,3169.256603,3181.536882
20210310,0,3209.875988,3211.765261,3098.40884,3113.52303
20210311,0,3150.363867,3197.595709,3126.747946,3146.585319
20210312,0,3168.311967,3218.377719,3159.810235,3173.979788
20210315,0,3162.644146,3270.332746,3162.644146,3249.550735
20210316,0,3220.266993,3221.21163,3126.747946,3147.529956
20210317,0,3148.474593,3172.090514,3099.353477,3168.311967
20210318,0,3140.917498,3143.751409,3065.346551,3079.516104
20210319,0,3053.066272,3085.183925,2867.917451,2873.585272
20210322,0,2871.695998,2994.498788,2871.695998,2980.329235
20210323,0,2974.661414,3008.66834,2938.765214,2958.602588
20210324,0,2865.083541,2912.315383,2819.740972,2869.806725
20210325,0,2898.14583,2947.266946,2890.588735,2917.038567
20210326,0,2890.588735,2903.813651,2844.30153,2903.813651
20210329,0,2926.484935,2994.498788,2908.536835,2933.097393
20210330,0,2983.163146,3020.003983,2934.04203,2987.88633
20210331,0,2954.782176,2994.507161,2950.998844,2981.265499
20210401,0,2966.132172,2971.80717,2888.573869,2920.73219
20210402,0,2926.407187,3037.069644,2897.086365,3037.069644
20210406,0,2939.648849,2964.240506,2906.544695,2940.594682
20210407,0,2950.998844,2985.994664,2884.790537,2911.27386
20210408,0,2924.515521,2938.703016,2884.790537,2911.27386
20210409,0,2928.298853,2979.373833,2917.894691,2946.26968
20210412,0,2945.323847,3000.182158,2927.35302,2938.703016
20210413,0,2961.403007,3023.827982,2960.457174,3002.073824
20210414,0,3033.286312,3055.04047,2984.102998,3050.311305
20210415,0,3060.715468,3143.948769,3038.015477,3142.057103
20210416,0,3129.761274,3160.973762,3102.332118,3155.298764
20210419,0,3161.919595,3168.540426,3096.657121,3111.790448
20210420,0,3124.086277,3177.998755,3083.415459,3116.519613
20210421,0,3111.790448,3111.790448,3015.315486,3044.636308
20210422,0,2999.236325,3038.96131,2950.998844,2965.186339
20210423,0,2965.186339,3005.857156,2964.240506,3003.96549
20210426,0,2988.832163,3040.852976,2936.81135,2971.80717
20210427,0,2952.89051,3016.261319,2924.515521,3005.857156
20210428,0,3003.019657,3040.852976,2993.561328,3029.50298
20210429,0,3057.807275,3080.45071,3028.559504,3067.24204
20210430,0,3121.020199,3131.39844,3043.655127,3083.28114
20210506,0,3095.546334,3138.946252,3095.546334,3104.981099
20210507,0,3094.602857,3136.115823,3074.789851,3123.850628
20210510,0,3093.659381,3168.194023,3057.807275,3121.020199
20210511,0,3091.772428,3108.755005,3000.255209,3036.107316
20210512,0,3020.068215,3120.076722,3020.068215,3118.189769
20210513,0,3119.133246,3161.589688,3048.37251,3076.676804
20210514,0,3021.011692,3060.637704,2962.51615,2973.837868
20210517,0,2990.820445,3093.659381,2988.933492,3032.33341
20210518,0,3021.955168,3060.637704,3000.255209,3042.711651
20210519,0,3029.50298,3036.107316,2880.433696,2934.211856
20210520,0,2914.39885,2934.211856,2845.525066,2903.077132
20210521,0,2892.698891,2921.003185,2821.938154,2823.825107
20210524,0,2866.281549,2958.742244,2864.394596,2948.364003
20210525,0,2958.742244,2994.59435,2926.664044,2979.498727
20210526,0,2976.668297,2991.763921,2949.307479,2991.763921
20210527,0,2944.590097,3005.916068,2929.494473,2962.51615
20210528,0,2952.137909,3044.598604,2947.420526,3024.785598
20210531,0,3032.29826,3059.53166,2995.674032,3031.359177
20210601,0,3057.653495,3101.790385,3038.871839,3101.790385
20210602,0,3139.353696,3158.135351,3091.460474,3115.876626
20210603,0,3136.536447,3185.368751,3100.851302,3180.673337
20210604,0,3154.37902,3190.064165,3127.14562,3185.368751
20210607,0,3192.881413,3209.784903,3140.292778,3160.952599
20210608,0,3174.099758,3185.368751,3113.998461,3131.841033
20210609,0,3130.901951,3206.967655,3109.303047,3187.246917
20210610,0,3192.881413,3192.881413,3082.069647,3099.912219
20210611,0,3134.658282,3176.917006,3100.851302,3168.465261
20210615,0,3174.099758,3222.932062,3174.099758,3192.881413
20210616,0,3201.333158,3258.617207,3182.551503,3243.591883
20210617,0,3249.22638,3249.22638,3185.368751,3217.297565
20210618,0,3206.028572,3257.678125,3128.084702,3142.170944
20210621,0,3142.170944,3233.261973,3127.14562,3200.394076
20210622,0,3189.125082,3268.947118,3144.988192,3264.251704
20210623,0,3262.373538,3308.388594,3240.774635,3305.571346
20210624,0,3312.144925,3320.59667,3246.409131,3280.216111
20210625,0,3249.22638,3301.815015,3226.688393,3273.642532
20210628,0,3290.546021,3330.92658,3231.383807,3292.424187
20210629,0,3315.901256,3315.901256,3202.272241,3220.114814
20210630,0,3245.470049,3268.947118,3188.186,3222.932062
20210701,0,3236.864045,3262.870413,3209.928878,3224.78966
20210702,0,3283.303988,3323.242339,3273.087201,3288.876781
20210705,0,3306.52396,3320.455943,3261.941614,3315.811949
20210706,0,3336.245524,3339.960719,3251.724827,3312.096753
20210707,0,3281.446391,3290.734379,3146.770555,3173.705722
20210708,0,3189.495303,3218.288068,3115.191394,3130.052176
20210709,0,3120.764187,3193.210498,3104.974606,3176.492119
20210712,0,3217.359269,3270.300804,3195.996895,3245.223235
20210713,0,3229.433654,3278.659994,3212.715275,3266.585609
20210714,0,3243.365637,3325.099937,3225.718459,3319.527144
20210715,0,3332.530328,3338.103121,3177.420918,3195.068096
20210716,0,3178.349717,3204.356085,3147.699354,3161.631337
20210719,0,3178.349717,3186.708906,3118.906589,3147.699354
20210720,0,3085.46983,3102.18821,2979.586759,3003.73553
20210721,0,2988.874748,3013.952317,2955.437989,3001.877932
20210722,0,3053.890669,3124.479382,3039.029887,3114.262595
20210723,0,3103.117008,3187.637705,3103.117008,3169.061728
20210726,0,3157.916141,3202.498487,3134.69617,3134.69617
20210727,0,3156.987343,3222.932062,3156.987343,3183.92251
20210728,0,3200.640889,3245.223235,3171.848124,3213.644073
20210729,0,3231.291252,3231.291252,3174.634521,3219.216867
20210730,0,3216.43047,3242.436838,3198.783292,3222.932062
20210802,0,3249.867229,3265.65681,3180.207314,3213.644073
20210803,0,3198.860202,3244.135808,3107.384997,3112.928949
20210804,0,3080.58923,3129.560804,3056.565438,3104.613021
20210805,0,3073.197294,3079.665238,2998.353944,3011.289832
20210806,0,3030.693663,3096.297093,3009.441848,3086.133181
20210809,0,3088.905157,3115.700925,2985.418057,3002.973904
20210810,0,2962.318257,3016.833784,2927.206563,3015.909792
20210811,0,3019.60576,3087.057173,3004.821888,3075.045278
20210812,0,3047.325519,3094.449109,3005.74588,3071.34931
20210813,0,3068.577334,3086.133181,3047.325519,3059.337414
20210816,0,3075.045278,3087.057173,2966.014225,2981.722089
20210817,0,2958.62229,2994.657976,2931.826522,2959.546282
20210818,0,2965.090233,3011.289832,2957.698298,2993.733984
20210819,0,3005.74588,3007.593864,2890.246884,2895.790836
20210820,0,2881.930956,2905.954747,2845.895269,2899.486803
20210823,0,2856.059181,2911.498699,2839.427325,2896.714828
20210824,0,2924.434587,3036.237615,2917.966643,3017.757776
20210825,0,3024.225719,3070.425318,3024.225719,3058.413422
20210826,0,3071.34931,3116.624917,3049.173503,3099.993061
20210827,0,3099.993061,3134.180764,3068.577334,3134.180764
20210830,0,3142.496692,3168.368467,3104.613021,3150.812619
20210831,0,3163.748507,3178.532379,3121.244876,3153.584595
20210901,0,3140.648708,3235.819881,3113.852941,3220.112017
20210902,0,3187.425265,3207.037316,3122.985669,3178.086193
20210903,0,3202.36778,3249.997048,3193.028708,3234.120625
20210906,0,3249.06314,3258.402212,3157.540235,3165.011493
20210907,0,3193.962616,3249.997048,3182.755729,3233.186718
20210908,0,3211.706852,3230.384996,3166.879307,3216.376388
20210909,0,3223.847646,3264.005655,3209.839038,3236.922347
20210910,0,3205.169502,3257.468305,3151.002885,3197.698244
20210913,0,3234.120625,3321.907902,3232.252811,3295.7585
20210914,0,3312.56883,3322.841809,3267.741284,3301.361943
20210915,0,3302.295851,3320.040087,3260.270027,3312.56883
20210916,0,3360.198097,3384.479684,3310.701015,3326.577438
20210917,0,3293.890686,3386.347498,3293.890686,3344.321674
20210922,0,3287.353335,3394.752663,3287.353335,3390.083127
20210923,0,3384.479684,3452.654909,3362.065911,3410.629086
20210924,0,3408.761271,3465.72961,3366.735447,3428.373322
20210927,0,3411.562993,3512.42497,3390.083127,3442.38193
20210928,0,3458.258353,3539.508279,3432.108951,3527.367485
20210929,0,3492.840343,3547.897137,3352.865443,3372.461929
20210930,0,3419.120229,3447.115209,3382.726755,3411.654901
20211008,0,3624.416749,3650.545397,3559.095129,3607.619761
20211011,0,3620.684085,3672.008215,3587.090109,3633.748409
20211012,0,3673.874547,3696.270531,3619.750919,3663.609721
20211013,0,3657.077559,3704.669025,3595.488603,3658.943891
20211014,0,3630.015745,3723.332345,3588.956441,3686.005705
20211015,0,3693.471033,3783.05497,3658.010725,3758.792654
20211018,0,3755.993156,3774.656476,3702.802693,3730.797674
20211019,0,3733.597172,3745.72833,3615.085089,3672.008215
20211020,0,3662.676555,3684.139373,3580.557947,3644.946401
20211021,0,3644.013235,3772.790144,3620.684085,3646.812733
20211022,0,3682.273041,3754.126824,3611.352425,3656.144393
20211025,0,3702.802693,3748.527828,3648.679065,3718.666515
20211026,0,3732.664006,3749.460994,3660.810223,3686.005705
20211027,0,3718.666515,3718.666515,3622.550417,3627.216247
20211028,0,3615.085089,3676.674045,3441.516213,3525.501153
20211029,0,3506.896925,3597.12743,3505.036503,3585.034682
20211101,0,3567.360666,3592.476373,3519.919885,3555.267918
20211102,0,3585.964893,3659.451593,3572.011723,3633.405674
20211103,0,3610.150389,3624.10356,3516.199039,3545.035592
20211104,0,3505.036503,3520.850096,3412.945575,3443.642551
20211105,0,3533.873056,3583.174259,3414.805998,3448.293608
20211108,0,3465.967624,3612.010812,3464.107202,3583.174259
20211109,0,3610.150389,3610.150389,3551.547072,3571.081511
20211110,0,3594.336796,3666.893284,3557.12834,3653.870324
20211111,0,3637.12652,3638.986942,3498.525023,3506.896925
20211112,0,3487.362486,3548.756438,3473.409316,3499.455234
20211115,0,3453.874876,3505.036503,3429.68938,3436.20086
20211116,0,3416.666421,3518.059462,3395.271559,3494.804177
20211117,0,3501.315657,3503.17608,3430.619592,3441.782128
20211118,0,3436.20086,3474.339527,3361.783949,3362.714161
20211119,0,3377.597543,3506.896925,3373.876697,3486.432275
20211122,0,3358.063104,3395.271559,3304.110843,3325.505705
20211123,0,3303.180632,3380.388177,3300.389998,3339.458876
20211124,0,3364.574583,3505.036503,3358.063104,3505.036503
20211125,0,3491.083332,3520.850096,3465.037413,3488.292698
20211126,0,3501.315657,3508.757348,3378.527754,3384.109023
20211129,0,3318.994225,3331.086974,3179.462518,3186.904209
20211130,0,3205.508436,3230.624144,3004.582777,3025.977639
20211201,0,3035.279753,3076.209054,2965.513899,3068.767363
20211202,0,3088.301802,3115.277932,3007.373411,3078.999688
20211203,0,3038.070387,3180.392729,2975.746224,3158.067656
20211206,0,3184.550403,3223.328712,3155.230218,3165.634155
20211207,0,3186.442028,3242.244961,3133.476533,3217.653838
20211208,0,3268.727708,3295.210456,3229.003587,3263.998646
20211209,0,3289.535581,3322.639016,3246.02821,3292.373019
20211210,0,3248.865648,3271.565146,3211.033151,3245.082398
20211213,0,3287.643957,3364.254762,3281.969082,3349.121764
20211214,0,3281.969082,3319.801579,3251.703085,3273.45677
20211215,0,3287.643957,3290.481394,3213.870588,3214.816401
20211216,0,3235.624274,3360.471513,3225.220337,3329.259703
20211217,0,3300.88533,3346.284326,3298.993706,3338.717827
20211220,0,3306.560205,3323.584828,3136.31397,3151.446969
20211221,0,3110.777035,3223.328712,3110.777035,3198.73759
20211222,0,3202.520839,3328.313891,3182.658779,3291.427206
20211223,0,3301.831143,3387.900073,3278.185832,3368.983824
20211224,0,3352.905013,3405.870509,3345.338514,3401.141447
20211227,0,3390.73751,3477.752252,3355.742451,3363.30895
20211228,0,3369.929637,3529.771935,3348.175951,3507.072437
20211229,0,3528.826123,3543.013309,3483.427127,3496.6685
20211230,0,3486.17086,3521.481104,3455.632271,3507.166141
20211231,0,3488.079522,3570.151982,3478.536213,3522.435435
20220104,0,3502.394486,3510.983464,3456.586602,3480.444875
20220105,0,3489.988184,3559.654341,3471.855896,3522.435435
20220106,0,3539.613392,3552.974025,3474.718889,3487.125191
20220107,0,3529.115752,3623.594513,3529.115752,3623.594513
20220110,0,3607.370888,3615.959866,3545.339378,3571.106312
20220111,0,3551.065363,3598.781909,3543.430716,3587.329938
20220112,0,3620.73152,3700.895318,3597.827578,3657.950426
20220113,0,3670.356728,3730.479577,3661.76775,3695.169332
20220114,0,3685.626023,3729.525246,3677.037045,3722.844929
20220117,0,3730.479577,3795.374079,3705.666973,3779.150454
20220118,0,3763.881159,3850.725273,3742.885879,3844.999287
20220119,0,3826.867,3917.528437,3821.141014,3873.629215
20220120,0,3870.766222,3903.213474,3829.729992,3868.85756
20220121,0,3865.994568,3880.309531,3760.063835,3824.004007
20220124,0,3831.638654,3913.711114,3821.141014,3865.040237
20220125,0,3837.36464,3851.679604,3755.292181,3797.282741
20220126,0,3780.104785,3834.501647,3750.520526,3834.501647
20220127,0,3860.268582,3916.574106,3860.268582,3873.629215
20220128,0,3916.947633,3967.004472,3860.152374,3874.591846
20220207,0,4081.557622,4168.194458,4026.687626,4122.950777
20220208,0,4099.847621,4112.361831,4036.313941,4070.968675
20220209,0,3995.883417,4030.538152,3963.153946,3964.116577
20220210,0,3990.107628,4072.893938,3973.742892,4050.753414
20220211,0,4086.37078,4139.315513,4044.014993,4060.379729
20220214,0,4120.062883,4280.822346,4100.810252,4256.756558
20220215,0,4189.372352,4255.793926,4160.493406,4218.251297
20220216,0,4121.988146,4149.90446,4016.098679,4045.940256
20220217,0,4089.258674,4123.913409,3998.771312,4062.304992
20220218,0,4048.828151,4101.772884,4011.285522,4018.023942
20220221,0,3971.817629,4084.445517,3951.602368,4055.566571
20220222,0,4077.707096,4214.400771,4064.230255,4203.811824
20220223,0,4213.43814,4216.326034,4122.950777,4177.820774
20220224,0,4166.269195,4379.973392,4135.464987,4328.953921
20220225,0,4433.880756,4436.768651,4215.363403,4253.868663
20220228,0,4210.550245,4373.234971,4081.557622,4363.608656
20220301,0,4314.700242,4558.264142,4284.377026,4390.019199
20220302,0,4528.919094,4677.600671,4450.665632,4677.600671
20220303,0,4697.164036,4988.658181,4689.33869,4980.832835
20220304,0,4912.361056,5013.112388,4754.875964,4833.129426
20220307,0,4892.79769,5258.632624,4880.081503,5258.632624
20220308,0,5115.820056,5520.78172,5077.671494,5393.619845
20220309,0,5360.362124,5639.140081,5360.362124,5612.729538
20220310,0,5379.925489,5381.881826,4804.762546,4857.583633
20220311,0,4959.313133,5124.623571,4722.596411,4846.823782
20220314,0,4819.43507,4891.819522,4726.509084,4890.841354
20220315,0,4814.544229,4840.954772,4395.888209,4406.64806
20220316,0,4377.303012,4490.770531,4267.748165,4444.796622
20220317,0,4458.490978,4488.814195,4249.162968,4401.757218
20220318,0,4558.264142,4824.325911,4554.351469,4795.959032
20220321,0,4695.2077,4960.291301,4641.408445,4898.6667
20220322,0,4970.072984,5210.702378,4960.291301,5098.213027
20220323,0,5061.042633,5124.623571,4905.513878,5033.653921
20220324,0,5185.270003,5324.169898,5140.274263,5154.946787
20220325,0,5223.418566,5262.545297,5070.824316,5203.8552
20220328,0,5058.108128,5189.182676,4990.614517,5083.540503
20220329,0,5024.850407,5031.697585,4861.496306,4941.706104
20220330,0,4695.2077,4977.89833,4646.299286,4972.02932
20220331,0,4992.232609,5048.801817,4776.057421,4866.97222
20220401,0,4803.331861,4957.887018,4772.016763,4784.138736
20220406,0,4945.765045,5015.466391,4849.799424,5014.456226
20220407,0,5028.598528,5058.903461,4702.315418,4769.996434
20220408,0,4729.589857,4802.321696,4687.162951,4793.230216
20220411,0,4804.342025,4858.890904,4707.36624,4843.738438
20220412,0,4768.98627,4900.307646,4677.061307,4859.901069
20220413,0,4880.104357,5036.679844,4872.023042,4978.090307
20220414,0,5088.19823,5162.950397,4980.110636,5085.167736
20220415,0,5035.669679,5362.962954,5035.669679,5345.790159
20220418,0,5380.13575,5473.070877,5224.570428,5277.098978
20220419,0,5253.865196,5326.597035,5185.174015,5200.326481
20220420,0,5119.513327,5181.133357,5065.974612,5140.72678
20220421,0,5111.432012,5208.407797,5080.116914,5204.367139
20220422,0,5185.174015,5309.42424,5128.604807,5219.519605
20220425,0,5232.651743,5256.895689,4988.191951,5018.496884
20220426,0,4975.059814,5120.523491,4913.439783,5045.771324
20220427,0,5077.086421,5242.753387,5058.903461,5223.560263
20220428,0,5166.991055,5251.844867,5111.432012,5213.458619
20220429,0,5243.308629,5546.955281,5191.843094,5509.900096
20220505,0,5620.036339,5718.850165,5620.036339,5665.32601
20220506,0,5701.351883,5793.989845,5596.362194,5700.322573
20220509,0,5727.084651,5822.810544,5634.446689,5710.61568
20220510,0,5666.35532,5731.201893,5326.682794,5448.141455
20220511,0,5487.255261,5516.07596,5296.832784,5461.522494
20220512,0,5507.841475,5616.948407,5437.848348,5489.313882
20220513,0,5486.22595,5744.582932,5467.698358,5678.707048
20220516,0,5758.993282,5867.070904,5708.557058,5797.077777
20220517,0,5847.514001,6001.910603,5801.19502,5949.415759
20220518,0,5953.533001,6018.379574,5832.07434,5854.719176
20220519,0,5910.301953,5968.972662,5699.293262,5843.396758
20220520,0,5648.857039,5840.308826,5605.62599,5782.667428
20220523,0,5799.136399,5889.715739,5765.169146,5870.158836
20220524,0,5867.070904,5867.070904,5661.208767,5704.439816
20220525,0,5798.107088,5917.507127,5725.026029,5901.038156
20220526,0,5939.122652,6058.522691,5892.803671,6023.526128
20220527,0,6051.317516,6241.739993,6038.965788,6195.421012
20220530,0,6208.802051,6448.631441,6168.658934,6292.176217
20220531,0,6307.615877,6477.45214,6259.238275,6422.898674
20220601,0,6412.605567,6431.133159,6114.105468,6199.538255
20220602,0,6175.864109,6284.971042,6030.731303,6186.157216
20220606,0,6484.657315,6541.269402,6416.722809,6482.598693
20220607,0,6477.45214,6673.02117,6467.159033,6636.995296
20220608,0,6598.910801,6763.60051,6517.595257,6763.60051
20220609,0,6798.597074,7014.752317,6766.688442,6913.87987
20220610,0,6954.995275,6991.782742,6724.532612,6843.550889
20220613,0,6827.321124,6900.896058,6622.826085,6758.074127
20220614,0,6793.77961,6865.190575,6525.447496,6839.222951
20220615,0,6908.469949,6908.469949,6581.710681,6592.530524
20220616,0,6612.006242,6624.990054,6396.69136,6448.626608
20220617,0,6378.297627,6578.464728,6266.853241,6561.152979
20220620,0,6555.743057,6555.743057,6129.441231,6224.655852
20220621,0,6184.622432,6478.92217,6124.031309,6353.411987
20220622,0,6373.969689,6442.134702,6076.423999,6113.211466
20220623,0,6024.488751,6252.787444,5959.569691,6235.475695
20220624,0,6273.345147,6290.656896,6051.538359,6140.261074
20220627,0,6263.607288,6338.264207,6098.063685,6203.016165
20220628,0,6221.409899,6442.134702,6169.474651,6389.11747
20220629,0,6355.666593,6511.770685,6307.720337,6438.178756
20220630,0,6577.557409,6683.485186,6444.868931,6452.674136
20220701,0,6488.355071,6555.256825,6243.048641,6293.224957
20220704,0,6469.399574,6471.629633,6239.703554,6331.13595
20220705,0,6423.683376,6598.742965,6331.13595,6459.364311
20220706,0,6362.356769,6410.303025,5834.947944,6007.777474
20220707,0,6030.078059,6030.078059,5412.351867,5445.802744
20220708,0,5519.394673,5681.073911,5497.094089,5555.075608
20220711,0,5576.261164,5647.623034,5340.989997,5644.277947
20220712,0,5537.235141,5852.788412,5524.969819,5737.940402
20220713,0,5623.092391,5672.153677,5314.229295,5527.199878
20220714,0,5407.89175,5493.749001,5182.655847,5309.769178
20220715,0,5295.273799,5472.563446,5101.258713,5322.0345
20220718,0,5463.643212,5720.099934,5346.565143,5705.604554
20220719,0,5734.595314,5844.983207,5585.181398,5669.923619
20220720,0,5555.075608,5734.595314,5479.253621,5648.738063
20220721,0,5637.587771,5650.968122,5470.333387,5470.333387
20220722,0,5361.060523,5567.34093,5265.168009,5493.749001
20220725,0,5369.980757,5451.37789,5026.551755,5078.958128
20220726,0,5188.230993,5540.580228,5104.603801,5451.37789
20220727,0,5444.687715,5485.943796,5262.937951,5325.379588
20220728,0,5352.140289,5633.127654,5304.194032,5597.446719
20220729,0,5587.411456,5672.153677,5450.262861,5553.960579
20220801,0,5625.32245,5817.107477,5492.633972,5559.535725
20220802,0,5448.032803,5463.643212,5197.151227,5320.919471
20220803,0,5296.388828,5340.989997,5158.125204,5227.257016
20220804,0,5352.140289,5372.210815,4894.978306,4901.668481
20220805,0,4906.128598,4990.87082,4878.252868,4883.828014
20220808,0,4826.961523,5194.921168,4804.660939,5193.806139
20220809,0,5146.400517,5249.305403,5089.745019,5175.306384
20220810,0,5238.899291,5305.960902,5145.244283,5159.119099
20220811,0,5189.1812,5474.771164,5139.463109,5452.802705
20220812,0,5547.613948,5678.268466,5484.021041,5658.612476
20220815,0,5635.487783,5635.487783,5435.459185,5497.895857
20220816,0,5317.523249,5382.27239,5209.993424,5322.148187
20220817,0,5344.116646,5404.240849,5219.243302,5311.742075
20220818,0,5253.930342,5517.551847,5253.930342,5481.708572
20220819,0,5564.957468,5610.05062,5450.490236,5502.520796
20220822,0,5482.864806,5686.362108,5475.927398,5592.7071
20220823,0,5642.425191,5776.548413,5480.552337,5774.235943
20220824,0,5788.110759,5902.577992,5753.423719,5896.796818
20220825,0,5922.233981,6084.106835,5900.265522,6025.138867
20220826,0,6028.607571,6030.92004,5862.109778,5937.265032
20220829,0,5894.484349,5929.171389,5795.048167,5867.890952
20220830,0,5851.703666,6034.388744,5850.547432,6027.451336
20220831,0,5952.296083,5952.296083,5717.580444,5771.923474
20220901,0,5620.832133,5671.195913,5353.786972,5353.786972
20220902,0,5276.484426,5336.218212,5217.921891,5285.854431
20220905,0,5364.328229,5599.74962,5330.361958,5543.529587
20220906,0,5654.798404,5696.963429,5496.679558,5552.899592
20220907,0,5411.178257,5523.618325,5302.251941,5354.958223
20220908,0,5385.410741,5397.123248,5065.659299,5089.084313
20220909,0,5094.940567,5241.346905,5083.228059,5180.441868
20220913,0,5408.835755,5408.835755,5255.401913,5354.958223
20220914,0,5352.615722,5479.110798,5329.190708,5395.951998
20220915,0,5411.178257,5569.297102,5411.178257,5504.878313
20220916,0,5413.520758,5422.890764,5194.496876,5246.031907
20220919,0,5234.3194,5345.588217,5179.270617,5201.524381
20220920,0,5139.448093,5398.294499,5106.653074,5317.4782
20220921,0,5331.533209,5376.040736,5157.016854,5376.040736
20220922,0,5346.759468,5370.184482,5174.585614,5253.059412
20220923,0,5335.046961,5363.156978,5190.983124,5254.230662
20220926,0,5139.448093,5161.701857,4941.506724,5028.179276
20220927,0,5090.880793,5229.547607,5040.23726,5135.495333
20220928,0,5183.727268,5209.049034,5028.179276,5093.292389
20220929,0,5168.051889,5374.243414,5155.993905,5305.512906
20220930,0,5364.597027,5371.831817,5237.988196,5318.776688
20221010,0,5787.832261,6047.078914,5787.832261,5954.232438
20221011,0,5979.554204,5979.554204,5808.330833,5885.50193
20221012,0,5854.151172,5880.678736,5720.307551,5807.125035
20221013,0,5770.951083,5774.568478,5611.785696,5679.310406
20221014,0,5616.60889,5850.533777,5604.550906,5826.417809
20221017,0,5751.658309,5785.420664,5662.429228,5719.101752
20221018,0,5740.806123,5819.183019,5693.779986,5764.922091
20221019,0,5728.74814,5739.600325,5527.379809,5631.07847
20221020,0,5662.429228,5830.035204,5614.197293,5755.275704
20221021,0,5752.864107,5832.446801,5673.281414,5694.985785
20221024,0,5725.130744,5855.35697,5656.400236,5692.574188
20221025,0,5655.194438,5885.50193,5639.519059,5803.50764
20221026,0,5770.951083,5856.562769,5600.93351,5625.049478
20221027,0,5721.513349,5821.594615,5638.31326,5746.835115
20221028,0,5844.259741,5861.309051,5740.746076,5755.35977
20221031,0,5740.746076,5785.804966,5515.451629,5599.480369
20221101,0,5586.084483,5829.646047,5516.669437,5812.596738
20221102,0,5840.606318,5874.704937,5737.092653,5797.983044
20221103,0,5741.963884,5822.3392,5676.202262,5787.022774
20221104,0,5748.052923,5955.080253,5701.776226,5950.209022
20221107,0,5991.614488,6040.326801,5889.318631,5910.021364
20221108,0,5938.030944,5983.089833,5862.526859,5945.33779
20221109,0,5936.813136,5996.485719,5759.013194,5843.041933
20221110,0,5808.943314,5843.041933,5637.232411,5678.637877
20221111,0,5674.984454,5839.38851,5674.984454,5829.646047
20221114,0,5847.913165,5892.972054,5665.241991,5711.518689
20221115,0,5699.34061,5717.607728,5469.174932,5503.273551
20221116,0,5494.748896,5564.163942,5410.720156,5493.531088
20221117,0,5553.203672,5553.203672,5335.216071,5405.848925
20221118,0,5348.611957,5368.096883,5131.842165,5189.079133
20221121,0,5112.35724,5136.713396,4974.744956,5064.862735
20221122,0,5072.169582,5200.039403,4883.409369,5172.029823
20221123,0,5235.35583,5312.077723,5203.692826,5251.187332
20221124,0,5178.118862,5178.118862,5058.773696,5078.258621
20221125,0,5114.792855,5291.37499,5089.218891,5268.236641
20221128,0,5302.33526,5336.433879,4994.229881,5029.546308
20221129,0,5033.199731,5480.135202,5018.586037,5377.839345
20221130,0,5379.057153,5394.888655,5239.009253,5313.29553
20221201,0,5362.492711,5378.891772,5214.901169,5259.052485
20221202,0,5323.38726,5332.217523,5106.415078,5242.653425
20221205,0,5272.928613,5455.841208,5189.671845,5216.162635
20221206,0,5313.29553,5325.910192,5015.589513,5088.754551
20221207,0,5010.543648,5021.896844,4784.741203,4817.539324
20221208,0,4803.663196,4878.0897,4685.085375,4759.51188
20221209,0,4816.277857,4850.337444,4681.300977,4702.745902
20221212,0,4692.654172,4753.204549,4616.966202,4661.117518
20221213,0,4606.874472,4806.186128,4526.140637,4801.140263
20221214,0,4779.695338,4890.704362,4739.328421,4840.245715
20221215,0,4897.011693,5013.066581,4861.69064,4996.66752
20221216,0,4997.928987,5030.727107,4894.48876,4951.254738
20221219,0,4904.58049,5005.497784,4777.172406,4851.59891
20221220,0,4856.644775,5105.153612,4856.644775,5023.15831
20221221,0,5023.15831,5026.942709,4928.548347,5010.543648
20221222,0,5112.722409,5140.474664,5020.635378,5045.864701
20221223,0,5082.44722,5100.107747,4924.763948,4943.685941
20221226,0,4971.438197,5235.084628,4971.438197,5202.286507
20221227,0,5163.181056,5271.667147,5125.33707,5197.240642
20221228,0,5190.933311,5304.465267,5177.057184,5177.057184
20221229,0,5159.396657,5197.240642,5045.864701,5091.277484
20221230,0,5129.121469,5233.823161,5064.786694,5214.901169
20230103,0,5262.836883,5277.974478,5111.460942,5188.410379
20230104,0,5169.274368,5169.274368,4799.311494,4838.85925
20230105,0,4722.767451,4833.756313,4722.767451,4736.800526
20230106,0,4787.829888,4842.686452,4715.113047,4798.03576
20230109,0,4758.488004,4828.653377,4694.701302,4736.800526
20230110,0,4812.068835,4823.550441,4662.807951,4715.113047
20230111,0,4734.249058,4805.690164,4712.561579,4772.521079
20230112,0,4832.480579,5063.388442,4832.480579,5008.531878
20230113,0,5054.458304,5077.421517,4988.120133,5042.976697
20230116,0,5096.557528,5216.476528,5034.046559,5165.447166
20230117,0,5189.686113,5273.88456,5159.068496,5267.50589
20230118,0,5312.156582,5441.005721,5312.156582,5415.49104
20230119,0,5428.24838,5460.141732,5212.649326,5307.053646
20230120,0,5319.810986,5472.899072,5300.674975,5428.24838
20230130,0,5517.549764,5572.406328,5426.972646,5435.902785
20230131,0,5435.902785,5456.31453,5263.678688,5344.049933
20230201,0,5342.759412,5505.365133,5314.367936,5411.157056
20230202,0,5456.325312,5524.722957,5255.003943,5265.328116
20230203,0,5222.740903,5270.490202,5155.63378,5222.740903
20230206,0,5199.511514,5217.578817,4976.251278,5061.425703
20230207,0,5110.465524,5235.646119,5078.202484,5225.321946
20230208,0,5225.321946,5341.46889,5156.924302,5316.94898
20230209,0,5332.435239,5448.582183,5327.273152,5443.420096
20230210,0,5407.285491,5425.352794,5344.049933,5367.279322
20230213,0,5455.034791,5493.750438,5376.312973,5395.670797
20230214,0,5426.643315,5464.068442,5369.860365,5449.872704
20230215,0,5417.609664,5422.771751,5291.138548,5371.150887
20230216,0,5349.21202,5417.609664,5307.915328,5384.056103
20230217,0,5358.245671,5360.826714,5174.991604,5216.288295
20230220,0,5147.89065,5271.780724,5084.655092,5265.328116
20230221,0,5255.003943,5289.848026,5164.667431,5193.058906
20230222,0,5213.707252,5240.808205,5102.722395,5111.756046
20230223,0,5110.465524,5113.046567,4945.27876,5011.095361
20230224,0,4998.062603,5213.103107,4998.062603,5185.734315
20230227,0,5180.521212,5232.652243,5090.595184,5130.996733
20230228,0,5167.488454,5236.56207,5130.996733,5228.742416
20230301,0,5262.627586,5316.061893,5181.824488,5278.266895
20230302,0,5227.43914,5267.840689,5180.521212,5243.078449
20230303,0,5258.717759,5295.20948,5235.258795,5253.504656
20230306,0,5239.168622,5349.947063,5141.422939,5303.029135
20230307,0,5301.725859,5507.643432,5280.873447,5446.389471
20230308,0,5433.356713,5459.422228,5274.357068,5335.61103
20230309,0,5330.397926,5330.397926,5172.701557,5269.143965
20230310,0,5267.840689,5309.545514,5046.283807,5054.103462
20230313,0,5068.439495,5213.103107,5068.439495,5162.275351
20230314,0,4952.447951,5063.226392,4900.31692,4938.111918
20230315,0,4927.685711,4990.242949,4862.521923,4870.341577
20230316,0,4734.800896,4755.653309,4616.202801,4659.210901
20230317,0,4665.72728,4750.440206,4573.1947,4719.161587
20230320,0,4665.72728,4763.472964,4629.235559,4639.661765
20230321,0,4704.825554,4750.440206,4655.301074,4710.038657
20230322,0,4780.415549,4835.153131,4745.227103,4799.964685
20230323,0,4824.726925,4872.948129,4805.177788,4811.694167
20230324,0,4827.333477,4892.497265,4733.497621,4854.702268
20230327,0,4754.350033,4857.308819,4721.768139,4854.702268
20230328,0,4915.884817,4993.028031,4864.012656,4945.146036
20230329,0,4929.185371,5040.910026,4917.214872,4985.047699
20230330,0,5001.008364,5026.279417,4933.175537,5007.658641
20230331,0,5047.560303,5115.393129,4998.348253,5055.540636
20230403,0,5070.171245,5384.064323,5055.540636,5325.541885
20230404,0,5365.443548,5938.697432,5320.221664,5470.517925
20230406,0,5417.315709,5470.517925,5378.744102,5438.596596
20230407,0,5463.867648,5599.533301,5438.596596,5552.981361
20230410,0,5555.641472,5586.232747,5447.906983,5467.857815
20230411,0,5425.296041,5493.128868,5401.355044,5473.178036
20230412,0,5430.616263,5545.001029,5430.616263,5525.050198
20230413,0,5533.03053,5555.641472,5467.857815,5523.720142
20230414,0,5533.03053,5574.262248,5470.517925,5493.128868
20230417,0,5515.73981,5558.301583,5437.26654,5522.390087
20230418,0,5500.917853,5531.784189,5425.765035,5460.657415
20230419,0,5423.081006,5486.155692,5389.530641,5447.237269
20230420,0,5411.002875,5411.002875,5260.697239,5260.697239
20230421,0,5233.856947,5245.935079,5139.915925,5169.440246
20230424,0,5213.726728,5275.4594,5161.388159,5166.756217
20230425,0,5207.016655,5405.634816,5186.886436,5368.058407
20230426,0,5319.745882,5345.244159,5231.172918,5278.143429
20230427,0,5220.436801,5228.488889,5048.658932,5060.737064
20230428,0,5068.789151,5190.91248,5063.421093,5153.336071
20230504,0,4831.252567,4878.223078,4774.887953,4851.382786
20230505,0,4792.334143,4844.672713,4745.363632,4825.884508
20230508,0,4887.61718,4999.004392,4864.802932,4977.532158
20230509,0,5043.290874,5100.997502,5000.346407,5008.398494
20230510,0,5028.528713,5091.6034,4988.268275,5028.528713
20230511,0,5079.525268,5079.525268,4974.848129,5028.528713
20230512,0,4978.874173,5008.398494,4876.881063,4917.141501
20230515,0,4969.480071,5055.369005,4866.144946,4913.115457
20230516,0,4938.613735,5106.36556,4938.613735,5027.186699
20230517,0,5059.395049,5107.707575,4999.004392,5041.948859
20230518,0,5099.655487,5368.058407,5096.971458,5342.56013
20230519,0,5287.537531,5311.693794,5211.042699,5300.957677
20230522,0,5366.716393,5380.136539,5107.707575,5145.283984
20230523,0,5197.622553,5266.065298,5168.098232,5198.964568
20230524,0,5239.225006,5345.244159,5209.700684,5323.771926
20230525,0,5325.11394,5406.976831,5300.957677,5354.638261
20230526,0,5311.693794,5311.693794,5190.91248,5260.697239
20230529,0,5300.957677,5389.530641,5260.697239,5315.719838
20230530,0,5231.278478,5357.940518,5212.211074,5276.223073
20230531,0,5213.573031,5224.46869,5059.671842,5126.407756
20230601,0,5010.641374,5155.008862,4992.935928,5150.922989
20230602,0,5133.217543,5253.069796,5059.671842,5246.260009
20230605,0,5292.566562,5371.560093,5246.260009,5340.235072
20230606,0,5377.007922,5416.504688,5281.670902,5306.186136
20230607,0,5280.308945,5383.817709,5270.775243,5342.958987
20230608,0,5409.6949,5488.688431,5351.130731,5469.621027
20230609,0,5479.154729,5479.154729,5302.100264,5333.425285
20230612,0,5366.112263,5419.228602,5223.106733,5231.278478
20230613,0,5175.438223,5261.241541,5138.665373,5246.260009
20230614,0,5318.443753,5453.277538,5306.186136,5436.934049
20230615,0,5434.210134,5442.381879,5278.946987,5329.339412
20230616,0,5366.112263,5503.669963,5352.492689,5476.430814
20230619,0,5502.308006,5521.37541,5451.915581,5514.565622
20230620,0,5575.853707,5623.522217,5518.651495,5522.737367
20230621,0,5502.308006,5567.681962,5427.400347,5521.37541
20230626,0,5451.915581,5513.203665,5394.713369,5510.47975
20230627,0,5462.81124,5507.755835,5417.866645,5442.381879
20230628,0,5406.970986,5434.210134,5306.186136,5363.388348
20230629,0,5342.765219,5502.250748,5337.265718,5473.378368
20230630,0,5445.880863,5548.996507,5430.757235,5517.374376
20230703,0,5542.12213,5566.869885,5500.875873,5518.749251
20230704,0,5568.24476,5576.494012,5418.383358,5462.379366
20230705,0,5509.125124,5532.498004,5478.877869,5499.500998
20230706,0,5522.873877,5547.621631,5448.630613,5454.130114
20230707,0,5445.880863,5515.999501,5371.637599,5505.000499
20230710,0,5494.001497,5616.365394,5437.631611,5518.749251
20230711,0,5528.373378,5565.49501,5489.876871,5495.376372
20230712,0,5440.381362,5586.118138,5440.381362,5542.12213
20230713,0,5569.619635,5641.113148,5542.12213,5617.740269
20230714,0,5573.744261,5701.607659,5572.369386,5587.493014
20230717,0,5598.492016,5612.240768,5401.884855,5418.383358
20230718,0,5451.380364,5543.497006,5439.006487,5485.752245
20230719,0,5459.629615,5595.742265,5459.629615,5583.368388
20230720,0,5609.491018,5667.235778,5515.999501,5551.746257
20230721,0,5559.995509,5636.988523,5532.498004,5610.865893
20230724,0,5643.862899,5722.230788,5595.742265,5679.609655
20230725,0,5757.977545,5832.220808,5722.230788,5777.225798
20230726,0,5738.729291,5841.844935,5734.604665,5818.472056
20230727,0,5803.348428,5884.466068,5799.223802,5854.218812
20230728,0,5912.085884,5928.619334,5854.218812,5910.708097
20230731,0,5952.04172,5952.04172,5844.5743,5872.130049
20230801,0,5913.463672,6023.686667,5906.574735,5958.930657
20230802,0,5910.708097,6062.264715,5887.28571,5982.353043
20230803,0,6014.042154,6073.287014,5898.30801,5901.063585
20230804,0,5998.886493,6125.642937,5960.308445,6089.820463
20230807,0,6103.598338,6169.732135,6042.975691,6077.420377
20230808,0,6034.708966,6099.464975,5969.952957,5974.086319
20230809,0,5918.974821,6096.709401,5899.685797,6088.442676
20230810,0,6146.309748,6246.888231,6111.865062,6197.287883
20230811,0,6165.598772,6184.887796,6066.398077,6071.909227
20230814,0,6131.154086,6140.798599,6007.153217,6015.419942
20230815,0,6000.26428,6189.021159,6000.26428,6164.220985
20230816,0,6102.22055,6147.687536,6008.531005,6034.708966
20230817,0,6076.042589,6117.376212,5946.53057,6022.308879
20230818,0,6044.353478,6080.175951,5996.130918,6011.28658
20230821,0,5960.308445,6202.799033,5941.01942,6168.354347
20230822,0,6180.754434,6180.754434,5949.286145,5979.597469
20230823,0,5991.997556,6044.353478,5885.907923,5910.708097
20230824,0,5866.618899,5887.28571,5782.573865,5841.818725
20230825,0,5873.507836,5983.730831,5848.707662,5957.55287
20230828,0,5985.108618,6139.420811,5985.108618,6087.064889
20230829,0,6091.236016,6114.872403,5988.348213,6014.765351
20230830,0,6037.011363,6142.679917,6005.032721,6132.947287
20230831,0,6110.701276,6152.412547,6059.257374,6089.84564
20230901,0,6145.460669,6220.540957,6082.893761,6178.829686
20230904,0,6230.273587,6347.065148,6198.294946,6221.931333
20230905,0,6194.123819,6285.888616,6178.829686,6240.006217
20230906,0,6214.979455,6433.268442,6214.979455,6360.968905
20230907,0,6360.968905,6491.664222,6349.845899,6397.118673
20230908,0,6413.803182,6488.883471,6367.920783,6415.193558
20230911,0,6511.129482,6544.498499,6413.803182,6420.755061
20230912,0,6437.439569,6497.225725,6423.535812,6462.466332
20230913,0,6544.498499,6586.209771,6509.739106,6555.621505
20230914,0,6555.621505,6614.017285,6526.423615,6595.942401
20230915,0,6673.803441,6796.156504,6661.29006,6719.68584
20230918,0,6682.145695,6725.247343,6586.209771,6715.514713
20230919,0,6726.637718,6728.028094,6614.017285,6629.311418
20230920,0,6694.659077,6697.439828,6523.642864,6545.888875
20230921,0,6558.402257,6576.477141,6473.589338,6480.541216
20230922,0,6570.915638,6673.803441,6565.354135,6582.038644
20230925,0,6623.749915,6637.653672,6498.616101,6566.744511
20230926,0,6531.985118,6554.231129,6369.311159,6484.712344
20230927,0,6508.348731,6716.905088,6490.273846,6662.680435
20230928,0,6752.602736,6805.994101,6665.490507,6751.1977
20231009,0,6440.684757,6464.570368,6204.638718,6218.689078
20231010,0,6253.814976,6273.48548,6182.158143,6194.803467
20231011,0,6207.44879,6269.270372,6177.943035,6234.144473
20231012,0,6177.943035,6228.524329,6106.286202,6189.183323
20231013,0,6287.535839,6304.39627,6211.663898,6297.371091
20231016,0,6446.3049,6593.833674,6404.153822,6548.872524
20231017,0,6589.618566,6603.668926,6446.3049,6478.620727
20231018,0,6482.835835,6627.554537,6473.000583,6578.378279
20231019,0,6560.112812,6637.389788,6530.607057,6575.568207
20231020,0,6557.30274,6748.387628,6548.872524,6654.25022
20231023,0,6659.870363,6671.110651,6481.430799,6536.227201
20231024,0,6561.517848,6585.403459,6419.609217,6477.215691
20231025,0,6456.140152,6470.190511,6308.611378,6333.902025
20231026,0,6370.432959,6522.176841,6340.927205,6409.773966
20231027,0,6328.853231,6467.980108,6318.915597,6453.783488
20231030,0,6445.265516,6458.042474,6338.790865,6425.390248
20231031,0,6414.032952,6442.426192,6297.620667,6411.193628
20231101,0,6402.675656,6487.855376,6306.138639,6320.335259
20231102,0,6409.773966,6489.275038,6324.594245,6371.443092
20231103,0,6355.82681,6456.622812,6269.227427,6432.488558
20231106,0,6462.30146,6499.212672,6250.771821,6290.522357
20231107,0,6317.495935,6384.22005,6201.083651,6209.601623
20231108,0,6179.788721,6195.405003,6009.42928,6104.546634
20231109,0,6027.884886,6130.10055,6012.268604,6080.41238
20231110,0,6110.225282,6110.225282,5993.812998,6090.350014
20231113,0,6118.743254,6149.975818,6036.402858,6140.038184
20231114,0,6175.529735,6274.906075,6145.716832,6245.093173
20231115,0,6225.217905,6304.718977,6192.565679,6237.994863
20231116,0,6216.699933,6223.798243,6057.697788,6159.913452
20231117,0,6148.556156,6188.306693,5931.347869,5978.196715
20231120,0,6042.081506,6340.210527,6039.242182,6335.951541
20231121,0,6384.22005,6431.068896,6294.781343,6296.201005
20231122,0,6303.299315,6343.049851,6233.735877,6249.352159
20231123,0,6137.19886,6159.913452,5952.642799,6083.251704
20231124,0,6091.769676,6168.431425,6006.589956,6142.877508
20231127,0,6090.350014,6120.162916,5910.052939,5982.455701
20231128,0,5955.482123,6020.786576,5907.213615,5942.705165
20231129,0,5978.712831,6052.168469,5939.824552,6001.757737
20231130,0,6099.698588,6196.199133,6026.24295,6161.631773
20231201,0,6197.639439,6297.020597,6004.63835,6086.735828
20231204,0,6101.138895,6122.743494,5883.652593,5918.219952
20231205,0,5905.257193,5997.436817,5903.816886,5931.182712
20231206,0,5908.137806,6013.28019,5846.204621,5931.182712
20231207,0,5876.45106,5880.77198,5664.725985,5692.091811
20231208,0,5728.099477,5756.90561,5597.031573,5713.696411
20231211,0,5716.577024,5817.398488,5713.696411,5800.114809
20231212,0,5754.024996,5863.4883,5751.144383,5834.682168
20231213,0,5764.107143,5774.189289,5569.665747,5597.031573
20231214,0,5663.285679,5716.577024,5628.718319,5648.882612
20231215,0,5725.218864,5811.637262,5715.136717,5765.547449
20231218,0,5781.390822,5896.615353,5766.987756,5886.533207
20231219,0,5892.294433,6043.52663,5892.294433,5964.309765
20231220,0,5949.906698,6075.213375,5941.264859,6065.131229
20231221,0,6119.862881,6121.303188,5991.675591,6044.966936
20231222,0,5977.272524,6114.101654,5944.145472,6082.414909
20231225,0,6085.295522,6132.825641,5938.384245,6049.287856
20231226,0,6066.571536,6131.385334,6033.444483,6050.728163
20231227,0,6068.011842,6193.318519,6068.011842,6176.03484
20231228,0,6141.467481,6167.393,6070.892456,6106.900121
20231229,0,6051.73915,6053.190755,5874.643402,5880.44982
20240102,0,5902.223887,6072.061613,5900.772283,6038.67471
20240103,0,6072.061613,6114.158144,5921.094746,5944.320418
20240104,0,5980.61053,6128.674189,5945.772022,6121.416166
20240105,0,6093.835681,6093.835681,5948.675231,6011.094224
20240108,0,6009.64262,6040.126314,5878.998215,5893.51426
20240109,0,5847.062916,5864.48217,5757.063437,5818.030826
20240110,0,5937.062395,5958.836463,5860.127357,5928.352768
20240111,0,5958.836463,5999.481389,5826.740453,5861.578961
20240112,0,5915.288328,5954.481649,5877.546611,5897.869074
20240115,0,5977.707321,6064.803591,5867.385379,5923.997955
20240116,0,5849.966125,5963.191276,5815.127617,5935.610791
20240117,0,5980.61053,6019.803851,5932.707582,5947.223627
20240118,0,5918.191537,6054.642359,5910.933514,6041.577919
20240119,0,6016.900642,6159.157883,5974.804112,6154.80307
20240122,0,6128.674189,6164.964301,6060.448777,6061.900382
20240123,0,6089.480867,6179.480346,6085.126054,6130.125793
20240124,0,6082.222845,6141.738629,6019.803851,6138.83542
20240125,0,6125.77098,6205.609227,6108.351726,6180.931951
20240126,0,6220.125272,6443.672365,6209.964041,6378.350162
20240129,0,6369.640535,6530.768635,6334.802027,6469.801246
20240130,0,6453.833596,6468.349641,6366.737326,6424.801506
20240131,0,6388.511394,6443.672365,6307.221542,6397.221021
20240201,0,6350.769677,6394.317812,6256.415385,6263.673407
20240202,0,6253.512176,6257.866989,6038.67471,6051.73915
20240205,0,6040.126314,6066.255195,5977.707321,5999.481389
20240206,0,6019.803851,6048.835941,5967.54609,6025.610269
20240207,0,6056.108658,6083.702439,6035.776399,6054.656354
20240208,0,6127.271566,6199.886778,6080.79783,6176.64991
20240219,0,6382.877111,6440.969281,6320.428029,6320.428029
20240220,0,6387.234024,6387.234024,6339.307984,6356.735635
20240221,0,6308.809595,6369.806373,6300.09577,6301.548074
20240222,0,6281.215815,6377.067894,6281.215815,6350.926418
20240223,0,6332.046463,6368.354069,6304.452683,6333.498767
20240226,0,6295.738857,6313.166508,6198.434473,6223.123645
20240227,0,6220.219037,6326.237246,6218.766733,6300.09577
20240228,0,6281.215815,6358.187939,6281.215815,6327.68955
20240229,0,6313.166508,6407.566283,6295.738857,6326.237246
20240301,0,6332.046463,6336.403376,6244.908209,6308.809595
20240304,0,6381.424807,6448.230802,6356.735635,6359.640243
20240305,0,6366.901765,6411.923196,6305.904987,6310.261899
20240306,0,6262.33586,6316.071116,6214.40982,6276.858902
20240307,0,6295.738857,6358.187939,6295.738857,6334.951071
20240308,0,6336.403376,6381.424807,6262.33586,6381.424807
20240311,0,6303.000378,6321.880333,6163.579172,6249.265122
20240312,0,6224.472238,6320.726963,6190.928924,6313.434938
20240313,0,6285.725245,6338.227822,6260.932361,6336.769417
20240314,0,6396.564019,6482.60991,6392.188805,6443.232977
20240315,0,6507.402794,6551.154942,6463.650646,6542.404512
20240318,0,6533.654083,6574.489421,6481.151505,6561.363776
20240319,0,6555.530157,6669.285741,6548.238132,6613.866354
20240320,0,6597.8239,6666.368931,6597.8239,6618.241569
20240321,0,6561.363776,6574.489421,6504.485984,6535.112488
20240322,0,6504.485984,6532.195678,6468.025861,6513.236414
20240325,0,6570.114206,6616.783164,6527.820463,6532.195678
20240326,0,6524.903653,6638.659238,6524.903653,6542.404512
20240327,0,6562.822181,6573.031016,6463.650646,6478.234695
20240328,0,6482.60991,6580.323041,6482.60991,6543.862917
20240329,0,6606.574329,6707.204269,6581.781445,6691.161815
20240401,0,6720.329914,6730.538748,6637.200833,6683.869791
20240402,0,6695.53703,6740.747583,6629.908808,6736.372368
20240403,0,6772.832491,6810.751019,6733.455558,6802.00059
20240408,0,6759.706847,6793.25016,6678.036171,6745.122798
20240409,0,6768.457276,6822.418259,6707.204269,6723.246724
20240410,0,6708.662674,6742.205988,6654.701692,6689.70341
20240411,0,6683.873603,6742.171672,6656.182021,6686.788507
20240412,0,6645.979859,6781.522869,6643.064955,6759.661093
20240415,0,6817.959162,6889.374296,6702.820476,6726.139703
20240416,0,6705.735379,6876.257231,6662.011827,6847.108196
20240417,0,6817.959162,6860.225262,6761.118545,6772.778158
20240418,0,6718.852445,6780.065417,6581.851983,6590.596693
20240419,0,6603.713759,6911.236072,6584.766886,6675.128893
20240422,0,6587.68179,6627.032986,6501.692138,6519.181559
20240423,0,6542.500786,6581.851983,6491.489976,6539.585883
20240424,0,6492.947428,6653.267117,6471.085652,6647.43731
20240425,0,6622.660631,6632.862793,6574.564724,6597.883952
20240426,0,6578.937079,6669.299086,6476.915459,6643.064955
20240429,0,6675.128893,6731.96951,6584.766886,6587.68179
20240430,0,6589.139241,6624.118083,6506.064493,6507.521945
20240506,0,6237.893376,6322.425576,6186.882566,6319.510672
20240507,0,6322.425576,6323.883028,6268.499862,6306.393607
20240508,0,6267.04241,6287.446735,6230.606117,6232.063569
20240509,0,6232.063569,6338.457545,6207.28689,6318.053221
20240510,0,6319.510672,6388.010903,6290.361638,6377.808741
20240513,0,6398.213066,6401.127969,6199.999631,6275.787121
20240514,0,6309.527912,6318.329857,6162.828821,6281.655084
20240515,0,6236.178366,6268.452166,6209.77253,6239.112348
20240516,0,6187.767666,6256.716239,6107.083166,6234.711375
20240517,0,6212.706512,6266.985175,6190.701648,6250.848275
20240520,0,6266.985175,6325.664812,6222.975448,6319.796848
20240521,0,6268.452166,6330.065785,6220.041466,6230.310403
20240522,0,6184.833684,6227.376421,6063.073439,6083.611311
20240523,0,6074.809366,6101.215202,5982.388938,6055.738484
20240524,0,6117.352102,6120.286084,6001.45982,6020.530702
20240527,0,6021.997693,6057.205475,6004.393802,6024.931675
20240528,0,6055.738484,6130.555021,6045.469548,6099.748211
20240529,0,6123.220066,6220.041466,6108.550157,6214.173502
20240530,0,6205.371557,6205.371557,6089.479275,6099.748211
20240531,0,6085.078302,6120.286084,5945.714166,5972.120002
20240603,0,6007.327784,6029.332648,5892.902493,5928.110275
20240604,0,5933.978238,5972.120002,5759.40632,5790.213129
20240605,0,5755.005347,5771.142247,5712.462611,5755.005347
20240606,0,5785.812156,5844.491793,5749.137383,5838.623829
20240607,0,5818.085956,5909.039393,5813.684984,5882.633556
20240611,0,6021.997693,6033.73362,5942.780184,5972.120002
20240612,0,5985.32292,6058.672466,5953.04912,6046.936539
20240613,0,6074.809366,6101.215202,6013.195748,6017.59672
20240614,0,6029.332648,6129.08803,6020.530702,6068.941402
20240617,0,6139.356966,6152.559884,6063.073439,6071.875384
20240618,0,6114.41812,6218.574475,6110.017148,6168.696784
20240619,0,6180.432712,6287.523048,6176.031739,6243.513321
20240620,0,6265.518184,6288.990039,6217.107484,6261.117212
20240621,0,6284.589066,6305.126939,6255.249248,6256.716239
20240624,0,6286.056057,6321.263839,6218.574475,6250.848275
20240625,0,6234.711375,6350.603657,6225.90943,6305.126939
20240626,0,6312.461894,6360.872594,6286.056057,6325.664812
20240627,0,6328.598794,6365.273566,6283.122075,6340.334721
20240628,0,6397.547366,6415.151257,6363.806575,6375.542503
20240701,0,6375.542503,6388.745421,6291.924021,6384.344448
20240702,0,6384.344448,6517.840621,6371.14153,6509.038676
20240703,0,6553.048403,6573.586276,6491.434785,6529.576549
20240704,0,6522.241594,6522.241594,6437.156121,6510.505667
20240705,0,6510.505667,6570.652294,6506.104694,6517.840621
20240708,0,6569.185303,6569.185303,6438.623112,6447.425057
20240709,0,6454.760012,6481.165848,6403.41533,6418.085239
20240710,0,6381.410466,6410.750285,6288.990039,6299.258975
20240711,0,6315.395875,6422.486212,6300.725966,6366.740557
20240712,0,6349.136666,6356.471621,6243.513321,6346.202685
20240715,0,6353.537639,6363.806575,6252.315266,6294.858003
20240716,0,6286.056057,6328.598794,6202.437575,6211.239521
20240717,0,6161.420662,6195.121654,6083.761852,6114.532324
20240718,0,6154.094359,6263.988901,6135.045971,6247.871035
20240719,0,6189.260612,6206.843739,6135.045971,6171.677486
20240722,0,6195.121654,6202.447957,6023.686169,6026.61669
20240723,0,5976.797831,6061.782943,5966.541007,6047.130338
20240724,0,5997.311479,6161.420662,5995.846218,6108.671281
20240725,0,6146.768056,6177.538528,6054.456641,6063.248204
20240726,0,6014.894605,6255.197338,6007.568303,6243.475253
20240729,0,6189.260612,6322.599323,6154.094359,6265.454161
20240730,0,6240.544732,6306.481457,6094.018676,6127.719669
20240731,0,6110.136542,6215.635302,6070.574507,6208.309
20240801,0,6263.988901,6350.439274,6174.608007,6337.251929
20240802,0,6359.230837,6359.230837,6161.420662,6198.052176
20240805,0,6067.643986,6082.296591,5843.45912,5902.069542
20240806,0,5859.576986,6001.70726,5858.111725,5924.048451
20240807,0,5853.715944,5968.006267,5853.715944,5932.840014
20240808,0,6032.477732,6077.90081,6004.637781,6010.498824
20240809,0,6036.873514,6117.462845,6036.873514,6069.109246
20240812,0,6083.761852,6195.121654,6058.852422,6183.39957
20240813,0,6218.565823,6318.203542,6187.795352,6300.620415
20240814,0,6287.43307,6315.273021,6227.357387,6228.822647
20240815,0,6227.357387,6247.871035,6129.184929,6168.746964
20240816,0,6171.677486,6294.759373,6171.677486,6212.704781
20240819,0,6108.937343,6180.092158,6073.359935,6095.595815
20240820,0,6122.278871,6145.997142,5972.557281,6025.923392
20240821,0,6060.018407,6101.525383,5882.13137,5916.226386
20240822,0,5944.391833,6012.581864,5824.318083,5840.624395
20240823,0,5905.849642,6031.85296,5905.849642,5971.074889
20240826,0,6036.300136,6191.951294,6015.546648,6184.539334
20240827,0,6297.201124,6306.095476,6240.870229,6264.5885
20240828,0,6233.458269,6234.940661,6140.067574,6166.75063
20240829,0,6094.113423,6122.278871,6045.194488,6048.159272
20240830,0,6077.807111,6092.631031,6005.169904,6025.923392
20240902,0,6018.511432,6019.993824,5849.518747,5871.754626
20240903,0,5928.085521,5991.828376,5916.226386,5977.004457
20240904,0,5865.825058,5968.110105,5812.458947,5874.71941
20240905,0,5882.13137,5908.814426,5810.976555,5907.332034
20240906,0,5936.979873,6060.018407,5896.95529,5994.79316
20240909,0,5965.145321,5974.039673,5751.680876,5836.177219
20240910,0,5802.082203,5886.578546,5665.702141,5778.363932
20240911,0,5754.64566,5778.363932,5590.10015,5693.867589
20240912,0,5704.610735,5810.507464,5612.526623,5799.764318
20240913,0,5773.673819,5847.341109,5703.076,5824.320081
20240918,0,5908.730517,5930.216809,5828.924286,5855.014785
20240919,0,5850.410579,5922.543133,5784.416966,5913.334722
20240920,0,5945.564161,6289.344846,5945.564161,6204.93441
20240923,0,6198.795469,6273.997494,6166.56603,6252.511201
20240924,0,6250.976466,6344.595313,6203.399675,6290.879581
20240925,0,6297.018522,6343.060578,6218.747027,6237.163849
20240926,0,6178.843912,6237.163849,5979.328336,6028.439862
20240927,0,5990.071482,6000.814629,5881.105283,5973.189395
20240930,0,5939.425221,6151.218678,5910.265252,6086.7598
20241008,0,6639.264471,6639.264471,6470.4436,6547.18036
20241009,0,6524.159332,6537.971948,6286.275376,6367.616341
20241010,0,6349.199519,6447.422572,6263.254348,6416.727868
20241011,0,6496.534098,6597.826621,6444.353101,6488.860422
20241014,0,6488.860422,6547.18036,6395.241575,6433.609955
20241015,0,6389.102634,6438.21416,6160.427089,6237.163849
20241016,0,6217.212292,6283.205905,6174.239706,6252.511201
20241017,0,6261.719612,6269.393288,6140.475532,6149.683943
20241018,0,6175.774441,6241.768055,6157.357619,6229.490173
20241021,0,6184.982853,6184.982853,6014.627245,6163.49656
20241022,0,6244.677365,6244.677365,6174.424745,6213.453979
20241023,0,6261.850228,6399.23313,6260.289059,6363.326235
20241024,0,6300.879462,6413.283654,6296.195954,6375.81559
20241025,0,6355.520389,6438.262364,6302.440631,6372.693251
20241028,0,6372.693251,6374.254421,6091.68277,6143.201358
20241029,0,6060.459383,6116.66148,5996.45144,6032.358335
20241030,0,6090.121601,6174.424745,6069.826399,6161.93539
20241031,0,6208.770471,6222.820995,6141.640189,6210.33164
20241101,0,6213.453979,6377.37676,6211.892809,6355.520389
20241104,0,6369.570913,6380.499098,6269.656075,6328.98051
20241105,0,6361.765066,6396.110792,6330.541679,6350.836881
20241106,0,6392.450227,6467.674354,6362.040474,6419.658954
20241107,0,6402.053307,6514.08924,6352.437394,6474.076407
20241108,0,6376.445094,6440.465627,6326.829181,6394.050741
20241111,0,6365.241501,6438.865114,6318.826614,6379.646121
20241112,0,6293.218401,6307.623021,6245.203001,6298.019941
20241113,0,6326.829181,6349.236367,6256.406594,6264.409161
20241114,0,6272.411728,6290.017374,6169.978875,6224.396328
20241115,0,6280.414294,6342.834314,6163.576821,6173.179901
20241118,0,6225.996841,6275.612754,6123.563988,6181.182468
20241119,0,6189.185035,6334.831747,6160.375795,6326.829181
20241120,0,6298.019941,6325.228667,6261.208134,6267.610188
20241121,0,6317.226101,6350.836881,6282.014808,6322.027641
20241122,0,6402.053307,6458.071274,6355.638421,6413.2569
20241125,0,6341.233801,6450.068707,6306.022508,6394.050741
20241126,0,6418.05844,6429.262034,6233.999408,6256.406594
20241127,0,6237.200435,6314.025074,6152.373228,6184.383495
20241128,0,6179.581955,6203.589655,6096.355262,6121.963475
20241129,0,6145.971175,6181.182468,6125.164502,6153.973742
20241202,0,6201.989141,6232.398895,6091.553722,6229.197868
20241203,0,6254.806081,6270.811214,6158.775281,6192.386061
20241204,0,6248.404028,6347.635854,6216.393761,6277.213268
20241205,0,6233.999408,6323.628154,6157.174768,6171.579388
20241206,0,6176.380928,6205.190168,6097.955775,6101.156802
20241209,0,6070.530123,6091.485219,6012.500626,6091.485219
20241210,0,6080.201706,6094.70908,5977.038156,5991.54553
20241211,0,6025.39607,6104.380663,6020.560279,6076.977845
20241212,0,6131.783481,6276.857222,6120.499967,6230.111239
20241213,0,6251.066335,6251.066335,6181.753325,6223.663517
20241216,0,6230.111239,6304.26004,6220.439656,6294.588457
20241217,0,6262.349848,6344.558302,6254.290196,6333.274788
20241218,0,6278.469153,6330.050927,6243.006682,6307.483901
20241219,0,6321.991275,6338.11058,6234.94703,6276.857222
20241220,0,6262.349848,6301.036179,6146.290855,6184.977186
20241223,0,6201.09649,6330.050927,6170.469812,6321.991275
20241224,0,6286.528805,6301.036179,6223.663517,6254.290196
20241225,0,6265.573709,6420.319033,6239.782822,6333.274788
20241226,0,6288.140735,6344.558302,6288.140735,6312.319692
20241227,0,6334.886719,6375.18498,6281.693014,6296.200388
20241230,0,6351.006023,6388.080424,6317.155484,6362.289537
20241231,0,6389.692355,6459.005364,6378.408841,6455.781504
20250102,0,6484.796252,6508.975209,6423.542894,6434.826408
20250103,0,6476.7366,6546.049609,6476.7366,6515.422931
20250106,0,6515.422931,6623.422272,6507.363278,6584.735941
20250107,0,6633.093854,6637.929646,6517.034861,6541.213818
20250108,0,6583.12401,6644.377368,6544.437679,6607.302967
20250109,0,6607.302967,6641.153507,6505.751348,6542.825749
20250110,0,6586.347871,6633.093854,6571.840497,6613.750689
20250113,0,6753.988639,6953.868017,6744.317056,6865.211841
20250114,0,6855.540258,6910.345894,6781.391457,6783.003387
20250115,0,6807.182344,6842.644815,6741.093195,6831.361301
20250116,0,6777.915374,6998.177379,6777.915374,6912.33998
20250117,0,6870.231067,6904.242112,6797.350256,6892.905097
20250120,0,6868.611493,6876.709361,6722.849872,6732.567314
20250121,0,6758.480491,6803.828551,6658.06693,6671.023518
20250122,0,6607.860149,6637.012473,6496.109573,6565.751237
20250123,0,6591.664414,6594.903561,6449.14194,6504.207441
20250124,0,6570.609957,6611.099296,6466.957249,6502.587867
20250127,0,6526.881471,6559.272942,6428.087483,6504.207441
20250205,0,6423.228763,6505.827015,6403.79388,6492.870426
20250206,0,6445.902793,6445.902793,6313.09776,6363.304541
20250207,0,6369.782835,6402.174306,6324.434775,6398.935159
20250210,0,6381.11985,6471.81597,6366.543688,6455.620234
20250211,0,6471.905855,6579.390955,6471.905855,6569.619582
20250212,0,6638.019191,6654.304812,6589.162328,6631.504943
20250213,0,6608.705073,6608.705073,6396.991998,6405.134808
20250214,0,6413.277619,6494.705725,6379.077815,6493.077163
20250217,0,6519.134157,6528.905529,6392.106311,6437.706051
20250218,0,6426.306116,6504.477098,6408.391933,6496.334287
20250219,0,6473.534417,6563.105334,6457.248796,6553.333961
20250220,0,6533.791216,6590.79089,6493.077163,6504.477098
20250221,0,6532.162654,6548.448275,6480.048666,6499.591411
20250224,0,6473.534417,6480.048666,6294.392584,6346.506572
20250225,0,6362.792193,6362.792193,6305.792519,6349.763696
20250226,0,6282.99265,6282.99265,6120.136438,6151.079118
20250227,0,6107.107941,6108.736503,6058.251077,6072.908136
20250228,0,6116.879314,6186.907485,6108.736503,6139.679183
20250303,0,6107.107941,6216.221603,6087.565195,6147.821994
20250304,0,6139.679183,6144.56487,5919.823297,5927.966108
20250305,0,5838.395192,5887.252055,5813.96676,5857.937937
20250306,0,5797.681139,5825.366695,5727.652968,5820.481008
20250307,0,5813.96676,5815.595322,5730.910092,5747.195713
20250310,0,5805.823949,5820.481008,5709.738784,5783.02408
20250311,0,5820.481008,5843.280878,5634.824927,5752.081399
20250312,0,5796.052576,5799.309701,5732.538654,5739.052902
20250313,0,5791.16689,5853.052251,5787.909766,5813.96676
20250314,0,5800.938263,5813.96676,5742.310027,5794.424014
20250317,0,5784.652642,5874.223558,5712.995908,5792.795452
20250318,0,5804.195387,5879.109244,5769.995583,5872.594996
20250319,0,5893.766304,5905.166238,5717.881595,5730.910092
20250320,0,5753.709961,5841.652316,5732.538654,5835.138067
20250321,0,5810.709636,5984.965782,5809.081073,5919.823297
20250324,0,5910.051925,5965.423037,5877.480682,5916.566173
20250325,0,5923.080422,6019.165587,5893.766304,5993.108593
20250326,0,6055.536807,6055.536807,5998.037136,6022.679852
20250327,0,6044.036873,6086.750914,6034.179786,6055.536807
20250328,0,6067.036741,6131.107804,6044.036873,6081.822371
20250331,0,6098.250849,6104.82224,5988.180049,6040.751177
20250401,0,6065.393894,6211.607343,6034.179786,6205.035952
20250402,0,6221.46443,6265.821319,6198.464561,6221.46443
20250403,0,6200.107409,6249.392842,6111.393631,6129.464956
20250407,0,5745.038582,5745.038582,5745.038582,5745.038582
20250408,0,5585.682351,5684.253216,5480.540095,5564.32533
20250409,0,5564.32533,5603.753676,5262.041344,5393.469164
20250410,0,5255.469953,5717.110171,5248.898562,5584.039503
20250411,0,5475.611551,5552.825396,5386.897773,5549.5397
20250414,0,5513.39705,5585.682351,5431.254662,5567.611025
20250415,0,5616.896458,5741.752887,5559.396787,5574.182416
20250416,0,5541.325461,5607.039371,5462.468769,5469.04016
20250417,0,5562.682482,5679.324672,5534.75407,5653.039108
20250418,0,5680.96752,5774.609842,5653.039108,5659.610499
20250421,0,5641.539174,5661.253347,5595.539437,5616.896458
20250422,0,5590.610894,5684.253216,5549.5397,5677.681825
20250423,0,5684.253216,5769.681299,5666.18189,5761.46706
20250424,0,5666.18189,5684.253216,5541.325461,5661.253347
20250425,0,5672.753281,5730.252953,5628.396392,5712.181627
20250428,0,5641.539174,5800.895406,5633.324935,5797.60971
20250429,0,5764.433117,5781.021414,5606.844298,5661.585677
20250430,0,5640.020891,5641.679721,5515.608666,5553.761748
20250506,0,5439.302501,5523.902814,5432.667182,5520.585155
20250507,0,5540.491111,5641.679721,5535.514622,5638.362062
20250508,0,5595.23249,5666.562166,5557.079408,5649.973869
20250509,0,5688.126952,5802.586199,5666.562166,5759.456628
20250512,0,5789.315562,5844.056941,5727.938864,5835.762793
20250513,0,5908.751299,5926.998425,5817.515666,5873.915875
20250514,0,5945.245551,6063.022458,5922.021936,6049.751821
20250515,0,6034.822354,6101.175541,5963.492678,5963.492678
20250516,0,5980.080975,6024.869376,5913.727788,5925.339595
20250519,0,5955.198529,5975.104486,5893.821831,5910.410128
20250520,0,5915.386617,5950.22204,5872.257046,5898.798321
20250521,0,5890.504172,5968.469167,5845.715771,5923.680766
20250522,0,5917.045447,5933.633744,5809.221518,5814.198007
20250523,0,5807.562688,5832.445134,5766.091947,5819.174496
20250526,0,5797.60971,5870.598216,5759.456628,5855.668749
20250527,0,5835.762793,5844.056941,5772.727265,5825.809815
20250528,0,5812.539177,5819.174496,5727.938864,5754.480139
20250529,0,5818.531177,5943.262147,5818.531177,5911.236628
20250530,0,5805.046748,5808.417855,5690.4291,5697.171315
20250603,0,5842.128928,5897.752199,5832.015606,5842.128928
20250604,0,5892.695538,5968.545452,5862.355572,5917.978842
20250605,0,5901.123306,5944.947701,5820.216731,5880.896662
20250606,0,5958.43213,5980.344327,5917.978842,5941.576593
20250609,0,5970.231005,6008.998739,5909.551074,5923.035503
20250610,0,5961.803237,6039.338705,5953.375469,5998.885417
20250611,0,6014.0554,6062.936456,5963.488791,6005.627632
20250612,0,6096.647529,6212.95073,6079.791992,6143.843031
20250613,0,6116.874172,6662.993553,6098.333082,6453.984901
20250616,0,6529.834815,6570.288102,6423.644935,6529.834815
20250617,0,6421.959382,6504.55151,6292.171751,6415.217167
20250618,0,6494.438188,6647.82357,6472.525991,6609.055836
20250619,0,6651.194677,6740.52902,6534.891476,6738.843467
20250620,0,6711.874608,6797.837844,6646.138016,6683.220196
20250623,0,6667.864316,6841.897623,6601.32217,6770.23685
20250624,0,6722.463001,6759.999596,6147.470607,6191.832038
20250625,0,6210.600336,6232.781051,6128.702309,6208.894127
20250626,0,6183.300994,6232.781051,6150.883025,6181.594785
20250627,0,6162.826487,6176.476158,6128.702309,6142.35198
20250630,0,6147.470607,6159.414069,6072.397416,6109.934012
20250701,0,6111.64022,6132.114727,6062.160163,6125.289892
20250702,0,6150.883025,6159.414069,6106.521594,6135.527145
20250703,0,6174.769949,6217.425171,6115.052638,6181.594785
20250704,0,6212.306545,6246.430722,6166.238905,6178.182367
20250707,0,6140.645772,6188.41962,6094.578132,6174.769949
20250708,0,6205.481709,6285.673527,6202.069291,6249.84314
20250709,0,6278.848691,6336.859793,6277.142482,6299.323198
20250710,0,6280.5549,6307.854242,6253.255558,6290.792153
20250711,0,6265.19902,6266.905229,6174.769949,6210.600336
20250714,0,6225.956216,6318.091495,6214.012754,6302.735615
20250715,0,6324.916331,6330.034958,6162.826487,6208.894127
20250716,0,6237.899678,6277.142482,6178.182367,6193.538247
20250717,0,6144.058189,6152.589234,6075.809834,6108.227803
20250718,0,6104.811568,6217.547316,6077.48169,6209.006729
20250721,0,6220.963551,6229.504138,6121.892742,6152.638855
20250722,0,6149.22262,6156.05509,6072.357337,6116.76839
20250723,0,6108.227803,6132.141446,6060.400516,6089.438511
20250724,0,6075.773572,6142.390151,6026.238168,6128.725211
20250725,0,6116.76839,6173.136264,6063.81675,6171.428146
20250728,0,6159.471325,6166.303794,6002.324524,6055.276163
20250729,0,6097.979098,6231.212255,6096.270981,6217.547316
20250730,0,6238.044725,6367.861647,6227.79602,6337.115534
20250731,0,6326.866829,6381.526586,6273.91519,6279.039542
20250801,0,6268.790838,6301.245068,6214.131081,6226.087903
20250804,0,6238.044725,6253.417781,6046.735577,6079.189807
20250805,0,5990.367703,6092.854746,5978.410881,6080.897924
20250806,0,6022.821933,6075.773572,6005.740759,6063.81675
20250807,0,6091.146629,6123.600859,5978.410881,6022.821933
20250808,0,6045.027459,6053.568046,5881.048189,5899.837481
20250811,0,5944.248533,5980.118998,5887.880659,5915.210537
20250812,0,5978.410881,6000.616407,5945.95665,5981.827116
20250813,0,5933.999828,5937.416063,5874.21572,5915.210537
20250814,0,5918.626772,5920.334889,5848.593959,5891.296894
20250815,0,5896.421246,5916.918655,5865.675133,5869.091367
20250818,0,5869.091367,5956.205355,5852.010194,5944.248533
20250819,0,5940.832298,5942.540415,5857.134546,5920.334889
20250820,0,5901.507574,5928.89276,5848.448776,5892.949703
20250821,0,5904.930722,5964.835817,5886.103407,5961.412668
20250822,0,5930.604334,6004.202021,5868.987666,5988.797854
20250825,0,5990.509428,6043.568226,5990.509428,6035.010356
20250826,0,6043.568226,6088.069153,6029.875633,6040.145078
20250827,0,5997.355725,6036.72193,5932.315908,5964.835817
20250828,0,5995.644151,6029.875633,5973.393687,5980.239984
20250829,0,5999.067299,6024.740911,5928.89276,6012.759892
20250901,0,6021.317763,6028.164059,5889.526555,5946.008501
20250902,0,5997.355725,6100.050172,5995.644151,6091.492302
