date,time,open,high,low,close
20190812,0,9805,10175,9720,9820
20190813,0,9780,9980,9775,9855
20190814,0,9840,10220,9785,9995
20190815,0,9935,9980,9850,9865
20190816,0,9860,9940,9830,9875
20190819,0,9885,10080,9885,10030
20190820,0,10030,10035,9945,9975
20190821,0,9960,9975,9835,9890
20190822,0,9890,9925,9815,9910
20190823,0,9860,9905,9780,9815
20190826,0,9840,9940,9700,9915
20190827,0,9915,9980,9860,9900
20190828,0,9930,10095,9860,9970
20190829,0,9965,10030,9905,9940
20190830,0,9925,10080,9925,10065
20190902,0,10080,10195,10000,10045
20190903,0,10025,10135,10010,10135
20190904,0,10110,10475,9900,10395
20190905,0,10405,10455,10210,10310
20190906,0,10325,10400,10160,10190
20190909,0,10195,10300,10115,10265
20190910,0,10280,10315,10155,10270
20190911,0,10260,10270,10155,10220
20190912,0,10190,10250,10120,10145
20190916,0,10225,10380,10200,10255
20190917,0,10275,10415,10210,10255
20190918,0,10250,10260,10050,10145
20190919,0,10145,10195,10080,10105
20190920,0,10075,10120,10025,10100
20190923,0,10100,10265,10085,10210
20190924,0,10210,10240,10100,10100
20190925,0,10105,10125,10000,10025
20190926,0,9995,10060,9910,9910
20190927,0,9910,9930,9700,9785
20190930,0,9785,9875,9740,9745
20191008,0,9725,9850,9600,9680
20191009,0,9665,9790,9665,9770
20191010,0,9780,9880,9700,9860
20191011,0,9850,9865,9780,9860
20191014,0,9845,9990,9795,9975
20191015,0,9975,9975,9810,9820
20191016,0,9815,9920,9790,9820
20191017,0,9850,9950,9810,9845
20191018,0,9850,10070,9850,9980
20191021,0,9985,10010,9905,9960
20191022,0,9955,10145,9945,10020
20191023,0,10020,10150,9975,10015
20191024,0,9970,10035,9920,9990
20191025,0,9990,10040,9930,9985
20191028,0,9970,10085,9850,9920
20191029,0,9865,9975,9865,9945
20191030,0,9890,10085,9890,10085
20191031,0,10060,10165,10025,10075
20191101,0,10010,10080,9930,10040
20191104,0,10040,10060,9960,9990
20191105,0,9985,10230,9985,10225
20191106,0,10230,10260,10125,10165
20191107,0,10155,10240,10060,10130
20191108,0,10095,10220,10045,10165
20191111,0,10050,10235,10050,10120
20191112,0,10125,10325,10050,10310
20191113,0,10295,10325,10180,10225
20191114,0,10225,10385,10180,10360
20191115,0,10330,10375,10150,10150
20191118,0,10129.940711,10450.889328,10129.940711,10415.785573
20191119,0,10460.918972,10460.918972,10325.518775,10390.711462
20191120,0,10335.548419,10882.164032,10335.548419,10811.956522
20191121,0,10781.867589,10877.149209,10701.630435,10816.971344
20191122,0,10816.971344,11137.91996,10801.926877,10877.149209
20191125,0,10882.164032,11674.505929,10190.118577,11002.519763
20191126,0,11032.608696,11067.712451,10721.689723,10857.089921
20191127,0,10832.01581,10977.445652,10766.823123,10821.986166
20191128,0,10741.749012,10882.164032,10741.749012,10816.971344
20191129,0,10816.971344,10821.986166,10656.497036,10681.571146
20191202,0,10596.31917,10857.089921,10596.31917,10721.689723
20191203,0,10726.704545,10897.208498,10631.422925,10842.045455
20191204,0,10832.01581,10952.371542,10726.704545,10937.327075
20191205,0,10927.297431,11318.453557,10882.164032,11218.157115
20191206,0,11152.964427,11378.631423,11152.964427,11358.572134
20191209,0,11388.661067,11498.987154,11183.05336,11263.290514
20191210,0,11198.097826,11423.764822,11198.097826,11278.33498
20191211,0,11318.453557,11353.557312,11097.801383,11348.54249
20191212,0,11348.54249,11383.646245,11228.186759,11323.468379
20191213,0,11293.379447,11483.942688,11082.756917,11122.875494
20191216,0,11142.934783,11188.068182,11002.519763,11042.63834
20191217,0,11052.667984,11117.860672,11032.608696,11097.801383
20191218,0,11248.246047,11248.246047,10992.490119,11002.519763
20191219,0,11027.593874,11052.667984,10691.600791,10791.897233
20191220,0,10731.719368,10922.282609,10731.719368,10847.060277
20191223,0,10847.060277,10887.178854,10691.600791,10736.73419
20191224,0,10711.660079,10852.075099,10701.630435,10811.956522
20191225,0,10852.075099,10887.178854,10776.852767,10806.9417
20191226,0,10811.956522,10811.956522,10611.363636,10771.837945
20191227,0,10806.9417,10862.104743,10756.793478,10811.956522
20191230,0,10776.852767,11007.534585,10751.778656,10842.045455
20191231,0,10811.956522,10917.267787,10776.852767,10821.986166
20200102,0,10811.956522,10962.401186,10586.289526,10631.422925
20200103,0,10671.541502,10751.778656,10611.363636,10631.422925
20200106,0,10591.304348,10972.43083,10591.304348,10872.134387
20200107,0,10806.9417,10972.43083,10786.882411,10952.371542
20200108,0,10972.257827,11041.859825,10857.911687,11017.001968
20200109,0,10997.115683,11031.916682,10763.451833,10788.309689
20200110,0,10788.309689,10907.6274,10783.338118,10872.826401
20200113,0,10877.797972,11126.376536,10847.968545,11096.547109
20200114,0,11131.348108,11146.262822,10862.883258,10982.200969
20200115,0,10982.200969,11066.717681,10842.996973,10987.17254
20200116,0,11021.973539,11021.973539,10847.968545,10947.39997
20200117,0,10952.371542,11131.348108,10838.025402,10917.570543
20200120,0,10907.6274,10977.229398,10733.622405,10753.50869
20200121,0,10693.849835,10813.167546,10440.299699,10499.958555
20200122,0,10499.958555,10569.560553,9997.829855,10301.095703
20200123,0,10316.010417,10390.583986,10052.517139,10052.517139
20200203,0,9306.781446,9729.365005,9296.838303,9296.838303
20200204,0,8252.808334,9257.065733,8252.808334,9232.207877
20200205,0,9217.293163,9505.644297,9217.293163,9391.298158
20200206,0,9495.701155,9595.132581,9391.298158,9575.246295
20200207,0,9510.615869,9610.047294,9445.985442,9485.758012
20200210,0,9495.701155,9550.388439,9401.2413,9485.758012
20200211,0,9525.530583,9629.93358,9500.672726,9585.189438
20200212,0,9634.905151,9644.848293,9465.871727,9605.075723
20200213,0,9595.132581,9654.791436,9525.530583,9565.303153
20200214,0,9605.075723,9605.075723,9480.786441,9590.161009
20200217,0,9664.734579,9818.853288,9580.217867,9798.967003
20200218,0,9764.166004,9828.796431,9669.70615,9724.393434
20200219,0,9694.564006,9744.279719,9654.791436,9684.620864
20200220,0,9744.279719,9774.109147,9595.132581,9749.25129
20200221,0,9749.25129,9863.59743,9724.393434,9803.938575
20200224,0,9784.052289,9784.052289,9441.013871,9525.530583
20200225,0,9441.013871,9719.421863,9351.525588,9659.763007
20200226,0,9595.132581,9619.990437,9460.900156,9480.786441
20200227,0,9480.786441,9545.416868,9401.2413,9426.099157
20200228,0,9204.598132,9288.276297,8840.352003,8855.118738
20200302,0,8564.706284,9298.120787,8564.706284,9229.209357
20200303,0,9529.466302,9672.211406,9155.375682,9224.287112
20200304,0,9066.775273,9283.354052,9056.930783,9234.131602
20200305,0,9258.742827,9312.887522,9224.287112,9243.976092
20200306,0,9209.520377,9209.520377,9037.241803,9061.853028
20200309,0,8712.373633,8717.295878,8451.494649,8515.483834
20200310,0,8712.373633,8948.641393,8643.462203,8860.040983
20200311,0,8796.051798,8973.252618,8707.451388,8746.829348
20200312,0,8820.663023,8835.429758,8515.483834,8692.684653
20200313,0,8564.706284,8845.274248,8392.427709,8810.818533
20200316,0,8663.151183,8776.362818,8520.406079,8545.017304
20200317,0,8471.183629,8648.384448,8402.272199,8510.561589
20200318,0,8613.928733,8687.762408,8175.848929,8249.682604
20200319,0,8225.071379,8279.216074,7782.06933,7983.881375
20200320,0,8072.481785,8259.527094,7954.347905,8102.015254
20200323,0,7850.98076,7860.82525,7639.324225,7678.702185
20200324,0,7870.66974,7924.814435,7629.479735,7826.369535
20200325,0,7929.73668,7993.725865,7796.836065,7934.658925
20200326,0,7737.769125,8028.18158,7703.31341,7850.98076
20200327,0,7875.591985,7974.036885,7727.924635,7747.613615
20200330,0,7624.55749,7634.40198,7437.512181,7511.345856
20200331,0,7526.112591,7723.00239,7526.112591,7644.24647
20200401,0,7595.02402,7693.46892,7230.777891,7501.501366
20200402,0,7471.967896,7624.55749,7284.922586,7585.17953
20200403,0,7688.546675,7718.080145,7442.434426,7545.801571
20200407,0,7806.680555,7806.680555,7624.55749,7683.62443
20200408,0,7678.702185,8170.926684,7565.49055,8072.481785
20200409,0,7983.881375,8146.315459,7954.347905,8077.40403
20200410,0,7875.591985,8151.237704,7850.98076,8136.470969
20200413,0,8233.333719,8233.333719,7802.294483,7865.25527
20200414,0,7894.314095,8063.823907,7894.314095,8025.078807
20200415,0,8020.23567,8068.667045,7928.216058,7962.11802
20200416,0,7971.804295,8015.392532,7768.392521,7807.137621
20200417,0,7937.902333,8025.078807,7874.941545,7986.333707
20200420,0,7933.059195,8189.745482,7865.25527,8117.098419
20200421,0,8044.451357,8092.882732,7652.157221,7792.608208
20200422,0,7603.725846,7729.647421,7545.608197,7700.588596
20200423,0,7753.863108,7962.11802,7749.019971,7899.157233
20200424,0,8049.294495,8049.294495,7850.725858,7904.00037
20200427,0,7710.274871,8015.392532,7671.529771,7845.88272
20200428,0,7816.823896,7860.412133,7671.529771,7778.078796
20200429,0,7841.039583,7884.62782,7700.588596,7744.176833
20200430,0,7778.078796,7884.62782,7778.078796,7797.451346
20200506,0,7908.843508,8083.196457,7792.608208,8058.98077
20200507,0,8039.60822,8281.765094,7976.647432,8175.216069
20200508,0,8194.588619,8281.765094,8029.921945,8092.882732
20200511,0,7896.43028,8289.335184,7858.098094,8159.964057
20200512,0,8088.091209,8212.670813,7929.970942,7992.260744
20200513,0,8078.508162,8078.508162,7858.098094,8035.384453
20200514,0,8097.674255,8097.674255,7848.515047,7901.221803
20200515,0,7910.804849,8107.257302,7877.264187,8044.9675
20200518,0,8049.759023,8116.840348,7939.553989,7987.469221
20200519,0,8030.59293,8265.377568,8016.21836,8088.091209
20200520,0,8097.674255,8236.628429,8078.508162,8222.253859
20200521,0,8183.921673,8337.250417,8116.840348,8164.75558
20200522,0,8164.75558,8203.087766,7934.762466,7944.345512
20200525,0,7953.928558,8068.925116,7953.928558,8025.801407
20200526,0,8011.426837,8121.631871,7973.094651,8078.508162
20200527,0,8078.508162,8136.006441,7992.260744,8054.550546
20200528,0,8121.631871,8131.214918,7949.137035,8102.465779
20200529,0,8140.797964,8145.589488,7987.469221,7992.260744
20200601,0,8057.886346,8278.200865,7978.198115,8240.700521
20200602,0,8170.387377,8353.201552,8170.387377,8217.262806
20200603,0,8170.387377,8325.076294,8170.387377,8282.888408
20200604,0,8273.513322,8292.263494,8118.824404,8175.07492
20200605,0,8151.637205,8550.078356,8151.637205,8536.015727
20200608,0,8536.015727,8582.891157,8418.827153,8465.702583
20200609,0,8512.578013,8531.328184,8400.076982,8512.578013
20200610,0,8442.264868,8503.202927,8404.764525,8423.514696
20200611,0,8475.077669,8545.390813,8315.701208,8381.32681
20200612,0,8343.826466,8348.514009,8109.449318,8264.138236
20200615,0,8254.76315,8311.013665,8086.011603,8100.074232
20200616,0,8146.949662,8250.075607,8109.449318,8217.262806
20200617,0,8287.575951,8287.575951,8100.074232,8165.699834
20200618,0,8156.324748,8203.200177,8128.19949,8189.137549
20200619,0,8226.637892,8325.076294,8151.637205,8325.076294
20200622,0,8325.076294,8390.701896,8179.762463,8212.575263
20200623,0,8221.950349,8292.263494,8179.762463,8282.888408
20200624,0,8296.951037,8296.951037,8193.825091,8193.825091
20200629,0,8128.19949,8146.949662,7917.260057,7945.385315
20200630,0,7987.573201,8104.761775,7968.823029,8057.886346
20200701,0,8020.386002,8109.449318,8020.386002,8081.32406
20200702,0,8015.698459,8221.950349,8015.698459,8170.387377
20200703,0,8161.012291,8306.326122,8161.012291,8306.326122
20200706,0,8254.76315,8418.827153,8212.575263,8404.764525
20200707,0,8395.389439,8507.89047,8301.63858,8329.763837
20200708,0,8325.076294,8437.577325,8311.013665,8353.201552
20200709,0,8353.201552,8484.452755,8278.200865,8287.575951
20200710,0,8357.889095,8371.951724,8095.386689,8132.887033
20200713,0,8156.324748,8315.701208,8142.262119,8254.76315
20200714,0,8217.262806,8320.388751,8151.637205,8226.637892
20200715,0,8184.450006,8329.763837,8175.07492,8236.012978
20200716,0,8273.513322,8367.264181,8039.136174,8067.261432
20200717,0,8048.51126,8156.324748,8048.51126,8081.32406
20200720,0,8109.449318,8132.887033,7987.573201,8029.761088
20200721,0,8095.386689,8184.450006,8039.136174,8161.012291
20200722,0,8198.512634,8226.637892,8081.32406,8114.136861
20200723,0,8090.699146,8100.074232,7978.198115,8015.698459
20200724,0,8081.32406,8156.324748,7959.447944,8006.323373
20200727,0,8020.271672,8192.300687,8010.972806,8141.156926
20200728,0,8155.105224,8243.444449,8103.961463,8220.197284
20200729,0,8220.197284,8364.329703,8145.806359,8359.68027
20200730,0,8345.731971,8592.151913,8322.484807,8387.576867
20200731,0,8359.68027,8424.77233,8178.352389,8308.536509
20200803,0,8308.536509,8406.174599,8275.990479,8406.174599
20200804,0,8382.927434,8461.967793,8322.484807,8345.731971
20200805,0,8327.13424,8415.473464,8289.938777,8392.2263
20200806,0,8461.967793,8847.87072,8387.576867,8819.974122
20200807,0,8815.32469,9057.095198,8773.479794,9057.095198
20200810,0,9038.497467,9071.043497,8661.893405,8843.221287
20200811,0,8824.623555,8940.859377,8559.605883,8606.100211
20200812,0,8657.243973,8722.336033,8471.266658,8624.697943
20200813,0,8657.243973,8713.037167,8545.657584,8578.203614
20200814,0,8582.853047,8736.284331,8554.95645,8717.6866
20200817,0,8768.830361,8847.87072,8647.945107,8740.933764
20200818,0,8782.77866,8847.87072,8726.985465,8759.531495
20200819,0,8731.634898,8815.32469,8703.738301,8722.336033
20200820,0,8768.830361,8778.129227,8610.749644,8703.738301
20200821,0,8699.088868,8768.830361,8601.450778,8699.088868
20200824,0,8708.387734,8903.663914,8592.151913,8894.365048
20200825,0,8861.819018,8950.158242,8764.180928,8792.077525
20200826,0,8870.045871,8879.218617,8746.213793,8801.250272
20200827,0,8782.904779,9053.500801,8782.904779,8874.632244
20200828,0,8865.459497,8948.014216,8792.077525,8915.909603
20200831,0,8934.255096,9163.573759,8929.668723,9048.914427
20200901,0,9081.01904,9099.364533,8970.946082,9076.432667
20200902,0,9021.396188,9177.332879,8998.464322,9039.741681
20200903,0,9025.982561,9025.982561,8796.663899,8815.009392
20200904,0,8847.114004,8879.218617,8640.727208,8801.250272
20200907,0,8805.836645,8837.941258,8631.554461,8672.831821
20200908,0,8672.831821,8792.077525,8663.659074,8691.177314
20200909,0,8640.727208,8695.763687,8347.19932,8379.303933
20200910,0,8397.649426,8516.89513,8393.063052,8438.926785
20200911,0,8475.617771,8498.549637,8402.235799,8429.754038
20200914,0,8480.204144,8581.104356,8420.581292,8544.41337
20200915,0,8512.308757,8654.486328,8512.308757,8571.931609
20200916,0,8608.622595,8714.10918,8526.067877,8682.004567
20200917,0,8686.590941,8695.763687,8498.549637,8526.067877
20200918,0,8562.758863,8704.936434,8480.204144,8677.418194
20200921,0,8659.072701,8778.318406,8590.277102,8672.831821
20200922,0,8622.381715,8659.072701,8328.853827,8475.617771
20200923,0,8526.067877,8581.104356,8374.717559,8512.308757
20200924,0,8512.308757,8668.245448,8493.963264,8599.449849
20200925,0,8594.863475,9007.637068,8535.240623,8750.800166
20200928,0,8777.920415,8814.080746,8655.879296,8773.400373
20200929,0,8796.00058,8796.00058,8588.078675,8642.319172
20200930,0,8660.399338,8696.559669,8456.997475,8461.517516
20201009,0,8588.078675,8786.960497,8588.078675,8737.240042
20201012,0,8714.639835,9130.483644,8714.639835,9035.562775
20201013,0,8981.322278,9166.643976,8936.121864,9044.602858
20201014,0,9098.843354,9284.165052,9053.64294,9207.324348
20201015,0,9216.364431,9329.365466,9089.803272,9144.043769
20201016,0,9144.043769,9446.886543,8990.362361,9157.603893
20201019,0,9175.684058,9772.329524,9012.962568,9202.804307
20201020,0,9184.724141,9763.289441,9094.323313,9686.448738
20201021,0,9745.209276,9907.930767,9514.687164,9645.768365
20201022,0,9681.928696,9989.291512,9600.567951,9808.489856
20201023,0,9862.357992,9979.072288,9772.577765,9830.934912
20201026,0,9875.825026,10459.396505,9835.423924,10194.544834
20201027,0,10418.995403,10647.934983,10329.215175,10526.731676
20201028,0,10598.555858,11020.522927,10571.621789,10903.808631
20201029,0,10773.627301,10867.89654,10127.209663,10127.209663
20201030,0,9920.71514,10387.572323,9741.154685,9754.621719
20201102,0,9799.511833,10001.517345,9355.099707,9444.879934
20201103,0,9408.967843,9664.841492,9399.98982,9449.368946
20201104,0,9471.814002,9745.643696,9292.253547,9498.748071
20201105,0,9543.638184,9651.374457,9301.23157,9404.478832
20201106,0,9606.484344,9615.462366,9328.165638,9350.610695
20201109,0,9395.500809,9453.857957,9027.401876,9242.874422
20201110,0,9404.478832,9525.682139,9215.940354,9296.742559
20201111,0,9310.209593,9584.039287,9256.341456,9525.682139
20201112,0,9503.237082,9718.709628,9431.4129,9705.242594
20201113,0,9669.330503,9741.154685,9462.83598,9525.682139
20201116,0,9467.324991,9655.863469,9467.324991,9588.528298
20201117,0,9678.308526,9687.286548,9323.676627,9377.544763
20201118,0,9337.143661,9417.945866,9224.918377,9341.632672
20201119,0,9364.077729,9503.237082,9301.23157,9435.901911
20201120,0,9382.033775,9507.726093,9292.253547,9310.209593
20201123,0,9364.077729,9575.061264,9332.65465,9543.638184
20201124,0,9552.616207,9601.995332,9323.676627,9597.506321
20201125,0,9597.506321,9718.709628,9503.237082,9606.484344
20201126,0,9619.826683,9668.748594,9486.403289,9508.640522
20201127,0,9495.298182,10117.940686,9495.298182,10100.1509
20201130,0,10082.361114,10104.598347,9766.592416,9806.619434
20201201,0,9842.199006,10028.991757,9797.724541,9900.01581
20201202,0,9944.490274,10211.337062,9846.646452,10113.49324
20201203,0,10131.283025,10149.072811,9828.856666,9864.436238
20201204,0,9873.331131,9948.937721,9379.664574,9530.877754
20201207,0,9539.772647,9784.382202,9517.535415,9557.562433
20201208,0,9544.220093,9655.406255,9344.085003,9352.979896
20201209,0,9370.769682,9384.112021,9117.265234,9135.055019
20201210,0,9179.529484,9330.742663,9099.475448,9126.160126
20201211,0,9117.265234,9375.217128,9086.133108,9308.505431
20201214,0,9317.400324,9570.904772,9224.003948,9446.376271
20201215,0,9446.376271,9450.823718,9255.136074,9344.085003
20201216,0,9415.244146,9490.850736,9192.871823,9215.109056
20201217,0,9246.241181,9468.613504,9237.346288,9388.559467
20201218,0,9357.427342,9602.036897,9321.847771,9588.694558
20201221,0,9615.379237,9846.646452,9486.403289,9664.301148
20201222,0,9575.352218,9575.352218,8948.262268,8948.262268
20201223,0,9037.211197,9183.97693,8974.946947,9143.949912
20201224,0,9170.288702,9319.541845,9078.102937,9170.288702
20201225,0,9174.678501,9345.880635,9126.390719,9201.017291
20201228,0,9174.678501,9209.796887,8871.782416,8999.086568
20201229,0,9042.984551,9126.390719,8779.596651,8819.104836
20201230,0,8845.443626,8950.798786,8700.580281,8893.731408
20201231,0,8893.731408,9091.272332,8805.935441,9051.764147
20210104,0,9179.068299,9424.897005,9135.170316,9359.05003
20210105,0,9297.592854,9385.38882,9152.729509,9380.999022
20210106,0,9407.337812,9486.354182,9231.745879,9394.168417
20210107,0,9385.38882,9745.352283,9174.678501,9670.725711
20210108,0,9631.217526,9714.623695,9481.964383,9648.77672
20210111,0,9631.217526,9819.978854,9034.204954,9165.898904
20210112,0,9183.458097,9315.152047,9069.323341,9244.915274
20210113,0,9288.813257,9385.38882,9187.847896,9367.829627
20210114,0,9323.931644,9407.337812,9135.170316,9345.880635
20210115,0,9345.880635,9732.182888,9341.490837,9609.268535
20210118,0,9587.319543,9798.029863,9499.523577,9675.11551
20210119,0,9653.166518,9661.946115,9398.558215,9499.523577
20210120,0,9543.42156,9648.77672,9433.676602,9525.862367
20210121,0,9517.08277,9798.029863,9416.117408,9560.980753
20210122,0,9569.76035,9596.09914,9249.305072,9337.101039
20210125,0,9306.37245,9402.948013,9179.068299,9222.966282
20210126,0,9227.35608,9394.168417,9122.000921,9122.000921
20210127,0,9156.701828,9343.219203,9122.000921,9269.479775
20210128,0,9282.492615,9291.167842,9009.222973,9148.026601
20210129,0,9217.428415,9351.894429,9178.389894,9325.868749
20210201,0,9299.843069,9473.347604,9286.830229,9412.621017
20210202,0,9382.257723,9486.360444,9187.065121,9260.804549
20210203,0,9282.492615,9321.531136,9113.325694,9122.000921
20210204,0,9182.727508,9408.283403,9126.338534,9377.92011
20210205,0,9360.569656,9521.061351,9334.543976,9473.347604
20210208,0,9495.035671,9655.527365,9373.582496,9473.347604
20210209,0,9482.022831,9638.176912,9369.244883,9542.749418
20210210,0,9469.00999,9495.035671,9221.766028,9369.244883
20210218,0,9698.903499,9915.784168,9521.061351,9664.202592
20210219,0,9707.578726,10076.275862,9698.903499,10028.562115
20210222,0,10028.562115,10497.024359,9946.147461,10206.404264
20210223,0,10158.690516,10696.554575,10102.301543,10366.895958
20210224,0,10298.241018,10568.569845,10216.713277,10495.623971
20210225,0,10581.442646,11246.537379,10564.278911,11242.246445
20210226,0,11139.264035,11289.446716,10315.404753,10336.859422
20210301,0,10293.950084,10491.333037,10027.912191,10255.331681
20210302,0,10341.150356,10426.969031,9804.783636,9980.71192
20210303,0,10062.239662,10165.222072,9929.220715,10135.185535
20210304,0,10212.422343,10298.241018,9903.475113,10023.621258
20210305,0,9959.257251,10281.077283,9873.438576,10238.167946
20210308,0,10238.167946,10662.970388,10053.657794,10087.985264
20210309,0,10126.603668,10323.986621,10019.330324,10032.203125
20210310,0,10087.985264,10495.623971,9963.548185,10469.878369
20210311,0,10469.878369,10478.460236,10066.530595,10435.550898
20210312,0,10435.550898,10555.697044,10298.241018,10323.986621
20210315,0,10306.822886,10487.042104,10105.148999,10199.549542
20210316,0,10251.040747,10354.023157,10130.894602,10212.422343
20210317,0,10203.840476,10525.660507,10169.513005,10465.587435
20210318,0,10452.714633,10714.461593,10349.732223,10444.132766
20210319,0,10426.969031,10568.569845,9929.220715,9993.584721
20210322,0,10010.748456,10233.877012,10010.748456,10173.803939
20210323,0,10160.931138,10186.676741,9899.184179,10032.203125
20210324,0,9989.293788,9989.293788,9534.454809,9912.05698
20210325,0,9920.638848,9959.257251,9658.891888,9701.801226
20210326,0,9615.982551,9671.76469,9457.218002,9650.310021
20210329,0,9675.750205,9705.430421,9442.548513,9527.349129
20210330,0,9531.589159,9590.94959,9378.948052,9501.908944
20210331,0,9599.429652,9599.429652,9039.745591,9234.787006
20210401,0,9239.027037,9429.828421,9222.066914,9387.428113
20210402,0,9391.668144,9679.990236,9336.547744,9561.269375
20210406,0,9514.629036,9578.229498,9455.268606,9514.629036
20210407,0,9616.389775,9735.110636,9467.988698,9518.869067
20210408,0,9510.389006,9569.749436,9251.747129,9315.34759
20210409,0,9328.067683,9400.148206,9141.506329,9175.426575
20210412,0,9209.346821,9226.306944,8772.623652,8895.584545
20210413,0,8937.984852,9005.825345,8793.823806,8976.145129
20210414,0,8984.625191,9090.62596,8899.824575,9035.50556
20210415,0,9043.985621,9217.826883,9014.305406,9205.106791
20210416,0,9205.106791,9340.787775,9120.306175,9213.586852
20210419,0,9192.386698,9226.306944,8878.624422,9192.386698
20210420,0,9183.906637,9374.708021,9145.74636,9336.547744
20210421,0,9345.027806,9361.987929,9209.346821,9336.547744
20210422,0,9298.387467,9493.428883,9243.267067,9374.708021
20210423,0,9412.868298,9523.109098,9345.027806,9523.109098
20210426,0,9480.70879,9582.469529,9260.22719,9332.307713
20210427,0,9328.119065,9332.307713,9148.007202,9307.175826
20210428,0,9307.175826,9407.703377,9206.648274,9407.703377
20210429,0,9416.080673,9554.306057,9416.080673,9466.344449
20210430,0,9478.910393,9537.551465,9256.91205,9403.514729
20210506,0,9470.533097,9717.663328,9466.344449,9705.097384
20210507,0,9688.342792,9952.227615,9688.342792,9767.927104
20210510,0,9675.776848,9960.604911,9625.513072,9826.568176
20210511,0,9818.19088,9818.19088,9487.287689,9558.494705
20210512,0,9550.117409,9675.776848,9437.023913,9654.833608
20210513,0,9638.079016,9726.040624,9215.02557,9235.96881
20210514,0,9256.91205,9282.043938,8771.028883,8997.215875
20210517,0,9039.102354,9127.063962,8997.215875,9089.36613
20210518,0,9089.36613,9101.932074,8963.706691,9039.102354
20210519,0,9047.47965,9068.42289,8854.801843,8942.763451
20210520,0,8917.631563,9076.800186,8741.708347,9060.045594
20210521,0,9009.781819,9332.307713,8926.008859,9261.100698
20210524,0,9265.289346,9382.571489,9127.063962,9273.666642
20210525,0,9361.628249,9361.628249,9231.780162,9344.873657
20210526,0,9336.496361,9445.401209,9261.100698,9370.005545
20210527,0,9319.741769,9407.703377,9235.96881,9282.043938
20210528,0,9377.223167,9501.369987,9224.108755,9257.214574
20210531,0,9257.214574,9315.149756,8992.368023,9075.13257
20210601,0,9062.717888,9112.376616,8955.123977,9029.612069
20210602,0,9029.612069,9075.13257,8768.903747,8847.530066
20210603,0,8859.944748,9021.335615,8830.977157,9017.197387
20210604,0,8988.229796,9054.441434,8768.903747,9000.644478
20210607,0,9000.644478,9066.856116,8802.009565,8830.977157
20210608,0,8843.391839,8901.327022,8653.033381,8864.082976
20210609,0,8839.253612,8959.262205,8830.977157,8893.050567
20210610,0,8839.253612,8901.327022,8657.171608,8657.171608
20210611,0,8665.448063,8756.489065,8524.748333,8648.895154
20210615,0,8632.342244,8686.1392,8450.260241,8611.651108
20210616,0,8599.236425,8748.21261,8595.098198,8706.830336
20210617,0,8739.936155,8810.28602,8657.171608,8715.106791
20210618,0,8686.1392,8773.041974,8487.504287,8686.1392
20210621,0,8682.000972,8744.074383,8491.642514,8516.471879
20210622,0,8516.471879,8603.374653,8470.951378,8528.886561
20210623,0,8520.610106,8822.700702,8491.642514,8748.21261
20210624,0,8756.489065,8855.806521,8731.659701,8830.977157
20210625,0,8806.147793,8959.262205,8781.318429,8934.432841
20210628,0,8959.262205,8959.262205,8830.977157,8913.741704
20210629,0,8905.465249,8930.294613,8624.06579,8665.448063
20210630,0,8694.033424,8718.535162,8518.437634,8575.608356
20210701,0,8571.524733,8596.026472,8359.176336,8404.096189
20210702,0,8416.347058,8477.601404,8346.925467,8416.347058
20210705,0,8432.68155,8743.036901,8428.597927,8730.786031
20210706,0,8722.618785,8877.79646,8665.448063,8845.127476
20210707,0,8836.96023,8894.130953,8632.779079,8841.043853
20210708,0,8824.709361,8845.127476,8689.949801,8759.371393
20210709,0,8755.28777,8943.134429,8649.113571,8706.284293
20210712,0,8751.204147,8885.963706,8661.36444,8714.451539
20210713,0,8706.284293,8706.284293,8575.608356,8665.448063
20210714,0,8702.20067,8702.20067,8526.60488,8665.448063
20210715,0,8681.782555,8841.043853,8620.52821,8792.040377
20210716,0,8738.953278,8963.552544,8738.953278,8918.632691
20210719,0,8930.88356,9008.472397,8853.294722,8894.130953
20210720,0,8820.625738,8820.625738,8408.179812,8436.765174
20210721,0,8489.852273,8632.779079,8469.434158,8587.859226
20210722,0,8612.360964,8726.702408,8575.608356,8669.531686
20210723,0,8706.284293,8849.211099,8685.866178,8787.956754
20210726,0,8730.786031,8885.963706,8730.786031,8800.207623
20210727,0,8800.207623,8951.301675,8747.120524,8787.956754
20210728,0,8787.956754,8906.381822,8694.033424,8857.378345
20210729,0,8902.298199,8979.887036,8808.374869,8979.887036
20210730,0,8959.468921,9126.897465,8959.468921,9057.475874
20210802,0,9037.303322,9162.373144,8896.095457,9113.959019
20210803,0,9081.682936,9150.269613,8984.854686,9005.027238
20210804,0,8944.509582,9122.02804,8896.095457,9089.751957
20210805,0,9073.613915,9113.959019,8972.751155,8980.820176
20210806,0,8992.923707,9218.85629,8992.923707,9218.85629
20210809,0,9428.650831,9569.858696,9077.648426,9186.580207
20210810,0,9162.373144,9315.68454,9122.02804,9255.166884
20210811,0,9259.201394,9267.270415,9130.097061,9259.201394
20210812,0,9255.166884,9279.373946,9109.924509,9166.407655
20210813,0,9166.407655,9372.167686,9142.200592,9347.960623
20210816,0,9323.753561,9473.030446,9291.477477,9323.753561
20210817,0,9319.71905,9541.617123,9291.477477,9517.410061
20210818,0,9521.444571,9577.927717,9404.443769,9545.651633
20210819,0,9545.651633,9594.065758,9194.649228,9226.925311
20210820,0,9142.200592,9210.787269,9041.337832,9061.510384
20210823,0,9085.717446,9126.062551,8996.958217,9122.02804
20210824,0,9158.338634,9190.614717,9065.544894,9081.682936
20210825,0,9097.820978,9138.166082,9000.992728,9093.786467
20210826,0,9093.786467,9138.166082,8795.232697,8795.232697
20210827,0,8843.646822,8843.646822,8573.334624,8629.81777
20210830,0,8658.059343,8738.749551,8633.85228,8674.197385
20210831,0,8674.197385,8694.369937,8537.024031,8637.886791
20210901,0,8653.823851,8709.603563,8530.311632,8637.886791
20210902,0,8641.871056,8685.697972,8506.406042,8554.217223
20210903,0,8562.185753,8641.871056,8494.453246,8625.933995
20210906,0,8625.933995,8709.603563,8598.04414,8637.886791
20210907,0,8637.886791,8685.697972,8542.264428,8586.091344
20210908,0,8578.122814,8606.01267,7980.483045,8295.23999
20210909,0,8311.177051,8386.878088,8259.381604,8343.051172
20210910,0,8358.988232,8486.484716,8327.114111,8442.6578
20210913,0,8442.6578,8657.808116,8434.689269,8641.871056
20210914,0,8629.918261,8972.565061,8590.075609,8872.958433
20210915,0,8888.895494,8952.643736,8777.33607,8876.942698
20210916,0,8857.03031,8948.627296,8765.433324,8864.995265
20210917,0,8849.065355,8944.644818,8769.415802,8825.170489
20210922,0,8665.871382,8737.55598,8478.694933,8586.221829
20210923,0,8641.976517,8641.976517,8530.467142,8558.344486
20210924,0,8526.484664,8630.029084,8442.852634,8538.432097
20210927,0,8514.537231,8888.890131,8506.572276,8829.152966
20210928,0,8829.152966,8968.539684,8797.293145,8900.837564
20210929,0,8904.820042,8904.820042,8741.538458,8872.960221
20210930,0,8864.995265,9103.943925,8797.293145,9072.084104
20211008,0,9239.348165,9398.647271,9135.803746,9203.505866
20211011,0,9203.505866,9573.876288,9151.733657,9506.174168
20211012,0,9561.952223,9673.508332,9374.697325,9454.38026
20211013,0,9354.776591,9534.063195,8920.504595,9175.489987
20211014,0,9159.5534,9390.633912,9151.585107,9255.172922
20211015,0,9211.347308,9402.586352,9107.759492,9402.586352
20211018,0,9402.586352,9458.364407,9091.822905,9298.998537
20211019,0,9318.91927,9976.303486,9243.220482,9729.286387
20211020,0,9689.444919,9777.096148,9350.792445,9717.333946
20211021,0,9713.3498,10111.764476,9458.364407,9546.015636
20211022,0,9446.411967,9542.031489,9103.775345,9235.252189
20211025,0,9314.935124,9474.300994,8884.647274,9243.220482
20211026,0,9239.236335,9402.586352,9103.775345,9386.649765
20211027,0,9402.586352,9553.983929,9251.188776,9338.840004
20211028,0,9342.824151,9518.126608,9167.521694,9514.142462
20211029,0,9474.300994,9641.635158,9235.252189,9314.935124
20211101,0,9298.998537,9342.824151,9099.791199,9115.727786
20211102,0,9143.616813,9207.363161,8800.980192,9020.108264
20211103,0,9020.108264,9187.442427,9012.13997,9139.632666
20211104,0,9123.696079,9123.696079,8665.519202,8717.31311
20211105,0,8793.011898,8832.853366,8693.408229,8793.011898
20211108,0,8812.932632,8932.457035,8609.741147,8880.663127
20211109,0,8896.599714,8944.409475,8820.900926,8856.758246
20211110,0,8864.72654,8940.425328,8737.233844,8824.885072
20211111,0,8820.900926,8924.488741,8757.154577,8904.568007
20211112,0,8904.568007,9083.854612,8892.615567,9067.918025
20211115,0,9067.918025,9330.871711,8996.203383,9255.172922
20211116,0,9243.220482,9414.538793,9187.442427,9322.903417
20211117,0,9322.903417,9322.903417,9159.5534,9227.283895
20211118,0,9239.236335,9239.236335,9063.933878,9063.933878
20211119,0,9079.870465,9410.554646,9040.028997,9390.633912
20211122,0,9310.950977,9721.318093,9291.030243,9681.476626
20211123,0,9681.476626,9713.08961,9543.169817,9594.540917
20211124,0,9523.411701,9705.186364,9448.330862,9665.670133
20211125,0,9669.621756,9831.638304,9669.621756,9788.17045
20211126,0,9803.976942,9807.928565,9353.491907,9416.717877
20211129,0,9404.863008,9669.621756,9286.314314,9653.815264
20211130,0,9673.573379,9673.573379,9049.216928,9325.830545
20211201,0,9337.685415,9539.218194,9333.733792,9468.088978
20211202,0,9495.750339,9503.653586,9151.959129,9179.62049
20211203,0,9183.572113,9246.798083,8551.312415,9041.313681
20211206,0,9041.313681,9080.829913,8879.297134,8966.232842
20211207,0,8982.039335,9092.684782,8855.587395,8883.248757
20211208,0,8883.248757,9041.313681,8859.539018,8930.668234
20211209,0,8891.152003,8930.668234,8693.570847,8831.877656
20211210,0,8859.539018,8978.087712,8835.82928,8930.668234
20211213,0,8930.668234,9088.733159,8930.668234,9065.02342
20211214,0,9037.362058,9108.491274,8966.232842,9080.829913
20211215,0,9080.829913,9140.104259,8910.910119,8914.861742
20211216,0,8875.345511,9037.362058,8855.587395,9021.555566
20211217,0,9013.710735,9088.236629,8872.503778,8884.271025
20211220,0,8896.038271,8907.805517,8648.926097,8680.30542
20211221,0,8750.908899,8778.365807,8692.072667,8746.986483
20211222,0,8731.296822,8872.503778,8731.296822,8841.124454
20211223,0,8825.434793,8931.34001,8821.512377,8927.417595
20211224,0,8915.650348,8947.029672,8766.598561,8770.520976
20211227,0,8754.831314,8845.04687,8629.314019,8825.434793
20211228,0,8829.357208,9135.305614,8794.055469,9056.857305
20211229,0,9045.090059,9096.08146,8994.098658,9080.391798
20211230,0,9068.624551,9190.219431,9049.012474,9119.615952
20211231,0,9147.072861,9198.064262,9096.08146,9190.219431
20220104,0,9221.598754,9288.279817,9049.012474,9096.08146
20220105,0,9131.383199,9315.736726,9080.391798,9186.297015
20220106,0,9198.064262,9209.831508,8998.021073,8998.021073
20220107,0,9005.865904,9315.736726,9005.865904,9241.210832
20220110,0,9256.900494,9405.952281,9174.529769,9362.805711
20220111,0,9351.038465,9413.797112,9249.055663,9386.340204
20220112,0,9405.952281,9468.710929,9311.81431,9449.098851
20220113,0,9460.866098,9562.8489,9323.581556,9335.348803
20220114,0,9335.348803,9621.685132,9296.124648,9562.8489
20220117,0,9527.547161,9574.616146,9241.210832,9354.96088
20220118,0,9370.650542,9515.779914,9256.900494,9370.650542
20220119,0,9405.673738,9635.270242,9370.650542,9417.348136
20220120,0,9444.588399,9530.200655,9358.976144,9413.45667
20220121,0,9409.565204,9448.479865,9141.054038,9172.185767
20220124,0,9187.751632,9199.42603,8989.286857,9008.744188
20220125,0,9012.635654,9055.441782,8942.589263,9004.852722
20220126,0,9016.52712,9129.379639,8973.720993,9012.635654
20220127,0,9016.52712,9067.116181,8798.605015,8806.387947
20220128,0,8821.953812,8954.263662,8681.86103,8876.434338
20220207,0,9020.418587,9203.317497,8977.612459,9106.030842
20220208,0,9113.813775,9234.449226,9067.116181,9191.643098
20220209,0,9144.945504,9292.821219,9121.596707,9269.472422
20220210,0,9261.689489,9355.084677,9176.077233,9351.193211
20220211,0,9362.86761,9370.650542,9160.511369,9160.511369
20220214,0,9199.42603,9358.976144,9172.185767,9300.604151
20220215,0,9300.604151,9300.604151,8965.93806,9129.379639
20220216,0,9129.379639,9176.077233,9055.441782,9121.596707
20220217,0,9152.5436,9175.75377,8951.388796,9017.150943
20220218,0,8986.20405,9415.59219,8986.20405,9315.014788
20220221,0,9280.199534,9345.961681,9253.121002,9253.121002
20220222,0,9253.121002,9264.726087,9017.150943,9098.386537
20220223,0,9113.859984,9206.700663,9113.859984,9148.675238
20220224,0,9156.411962,9338.224958,9125.465069,9187.358855
20220225,0,9222.174109,9342.09332,9063.571283,9148.675238
20220228,0,9140.938515,9156.411962,9017.150943,9094.518176
20220301,0,9094.518176,9098.386537,8835.337947,8920.441903
20220302,0,8959.125519,9160.280323,8935.915349,9067.439644
20220303,0,9075.176368,9206.700663,9032.62439,9098.386537
20220304,0,9055.834559,9094.518176,8769.575799,8854.679755
20220307,0,8928.178626,9009.41422,8819.8645,8932.046988
20220308,0,8935.915349,8990.072412,8777.312523,8808.259416
20220309,0,8823.732862,9187.358855,8804.391054,9121.596707
20220310,0,9090.649814,9202.832301,8993.940773,9051.966198
20220311,0,9032.62439,9079.044729,8815.996139,8874.021563
20220314,0,8889.49501,8893.363371,8603.23625,8638.051504
20220315,0,8649.656589,8696.076929,8533.60574,8549.079187
20220316,0,8556.81591,8603.23625,8421.423253,8525.869017
20220317,0,8545.210825,8560.684272,8394.344722,8518.132294
20220318,0,8549.079187,8641.919866,8525.869017,8622.578058
20220321,0,8622.578058,8653.524951,8433.028338,8653.524951
20220322,0,8653.524951,8657.393312,8568.420995,8595.499526
20220323,0,8603.23625,8634.183143,8522.000655,8549.079187
20220324,0,8591.631165,8676.73512,8568.420995,8614.841334
20220325,0,8641.919866,8730.892183,8580.02608,8684.471844
20220328,0,8641.919866,8707.682013,8502.658847,8661.261674
20220329,0,8691.988988,8691.988988,8611.329788,8672.784417
20220330,0,8619.011617,8818.739159,8561.397903,8780.330016
20220331,0,8780.330016,8853.307387,8753.443616,8826.420987
20220401,0,8841.784644,8887.875616,8784.17093,8791.852759
20220406,0,8845.625559,8918.60293,8803.375502,8849.466473
20220407,0,8849.466473,8872.511959,8592.125217,8661.261674
20220408,0,8634.375274,8722.716302,8622.852531,8711.193559
20220411,0,8722.716302,8795.693673,8645.898017,8707.352645
20220412,0,8649.738931,8738.079959,8626.693446,8661.261674
20220413,0,8668.943502,8691.988988,8522.98876,8557.556989
20220414,0,8565.238817,8695.829902,8565.238817,8645.898017
20220415,0,8657.42076,8676.625331,8572.920646,8592.125217
20220418,0,8588.284303,8776.489102,8588.284303,8707.352645
20220419,0,8718.875388,8764.966359,8688.148074,8718.875388
20220420,0,8715.034474,8726.557216,8565.238817,8611.329788
20220421,0,8619.011617,8619.011617,8507.625103,8553.716074
20220422,0,8599.807046,8599.807046,8400.079504,8419.284075
20220425,0,8450.011389,8465.375046,8219.556533,8227.238362
20220426,0,8227.238362,8304.056647,8150.420076,8227.238362
20220427,0,8384.715847,8384.715847,8138.897333,8208.03379
20220428,0,8204.192876,8231.079276,8123.533676,8135.056419
20220429,0,8154.152796,8440.598444,8127.417869,8390.947865
20220505,0,8364.212938,8444.41772,8276.369606,8333.658736
20220506,0,8394.767141,8394.767141,8199.9841,8222.899751
20220509,0,8222.899751,8245.815403,8020.47816,8047.213087
20220510,0,8062.490188,8322.20091,8047.213087,8284.008156
20220511,0,8287.827432,8326.020185,8196.164824,8257.273229
20220512,0,8268.731055,8356.574387,8188.526274,8241.996128
20220513,0,8257.273229,8333.658736,8241.996128,8287.827432
20220516,0,8318.381634,8505.526125,8287.827432,8448.236995
20220517,0,8463.514096,8513.164675,8421.502068,8459.694821
20220518,0,8459.694821,8558.995979,8398.586416,8459.694821
20220519,0,8452.05627,8532.261052,8371.851489,8524.622501
20220520,0,8524.622501,8612.465833,8486.429748,8578.092356
20220523,0,8547.538153,8578.092356,8448.236995,8551.357428
20220524,0,8555.176704,8665.935688,8532.261052,8536.080327
20220525,0,8566.63453,8597.188732,8505.526125,8589.550182
20220526,0,8604.827283,8692.670615,8570.453805,8692.670615
20220527,0,8704.098315,8745.999883,8666.005981,8681.242915
20220530,0,8681.242915,8829.803017,8662.196748,8688.861382
20220531,0,8654.578281,8833.612251,8654.578281,8784.092217
20220601,0,8780.282983,8905.987685,8673.624448,8905.987685
20220602,0,8890.750752,8940.270786,8780.282983,8905.987685
20220606,0,8951.698486,8951.698486,8829.803017,8883.132285
20220607,0,8875.513818,8886.941518,8707.907549,8742.190649
20220608,0,8745.999883,8795.519917,8711.716782,8787.90145
20220609,0,8791.710683,9024.073921,8791.710683,8883.132285
20220610,0,8875.513818,8944.080019,8818.375317,8841.230718
20220613,0,8837.421484,8864.086118,8540.301279,8589.821313
20220614,0,8620.295181,8624.104414,8513.636645,8547.919746
20220615,0,8574.58438,8593.630547,8486.972012,8498.399712
20220616,0,8502.208945,8536.492046,8437.451977,8479.353545
20220617,0,8483.162778,8502.208945,8372.69501,8456.498144
20220620,0,8471.735078,8525.064346,8395.55041,8506.018179
20220621,0,8513.636645,8517.445879,8330.793442,8429.833511
20220622,0,8437.451977,8475.544311,8277.464175,8304.128808
20220623,0,8319.365742,8502.208945,8319.365742,8483.162778
20220624,0,8483.162778,8586.709521,8456.317326,8552.19394
20220627,0,8556.029005,8648.070554,8414.131616,8559.864069
20220628,0,8567.534198,8667.245876,8475.492649,8644.235489
20220629,0,8605.884844,8644.235489,8479.327714,8598.214715
20220630,0,8628.895231,8636.56536,8486.997843,8605.884844
20220701,0,8617.390037,8732.441974,8460.152391,8690.256264
20220704,0,8682.586135,8778.462748,8663.410812,8701.761457
20220705,0,8686.421199,8728.606909,8540.688746,8602.049779
20220706,0,8563.699134,8571.369263,8348.935519,8429.471875
20220707,0,8463.987455,8471.657585,8329.760196,8417.966681
20220708,0,8440.977068,8544.523811,8429.471875,8475.492649
20220711,0,8490.832907,8517.678359,8402.626423,8452.482262
20220712,0,8437.142004,8617.390037,8379.616035,8513.843295
20220713,0,8475.492649,8494.667972,8076.645936,8168.687485
20220714,0,8168.687485,8180.192679,8026.790097,8091.986194
20220715,0,8091.986194,8099.656323,7927.078419,7946.253742
20220718,0,7976.934258,8245.388776,7976.934258,8203.203066
20220719,0,8283.739422,8314.419938,8226.213454,8260.729034
20220720,0,8241.553712,8360.440713,8161.017356,8302.914744
20220721,0,8302.914744,8421.801745,8299.07968,8306.749809
20220722,0,8249.223841,8322.090067,8180.192679,8180.192679
20220725,0,8130.33684,8364.275777,8130.33684,8249.223841
20220726,0,8283.739422,8310.584874,8111.161517,8276.069293
20220727,0,8322.826746,8346.205473,8202.036658,8276.069293
20220728,0,8256.58702,8326.723201,8147.486295,8221.51893
20220729,0,8252.690566,8392.962927,8198.140203,8268.276384
20220801,0,8221.51893,8381.273563,8131.900477,8159.175659
20220802,0,8128.004023,8225.415385,8046.178479,8205.933112
20220803,0,8182.554385,8205.933112,8077.350115,8139.693386
20220804,0,8139.693386,8248.794111,7956.560026,8085.143024
20220805,0,8085.143024,8174.761476,7987.731662,8159.175659
20220808,0,8159.175659,8357.894836,8081.246569,8318.930292
20220809,0,8260.483475,8342.309019,8256.58702,8295.551565
20220810,0,8299.448019,8318.930292,8081.246569,8120.211114
20220811,0,8120.211114,8178.657931,8038.38557,8104.625296
20220812,0,8104.625296,8170.865022,8053.971388,8089.039478
20220815,0,8034.489116,8092.935933,7909.802573,7937.077754
20220816,0,7898.113209,7964.352935,7773.426666,7956.560026
20220817,0,8026.696207,8069.557206,7925.38839,8007.213934
20220818,0,7995.524571,8069.557206,7964.352935,7995.524571
20220819,0,8018.903298,8034.489116,7851.355755,7909.802573
20220822,0,7886.423846,8007.213934,7835.769938,7976.042299
20220823,0,7960.456481,8030.592661,7948.767117,7972.145844
20220824,0,7972.145844,8018.903298,7859.148664,7882.527391
20220825,0,7882.527391,7913.699027,7796.805393,7859.148664
20220826,0,7824.080574,7870.838028,7687.704668,7870.838028
20220829,0,7859.102186,7968.636711,7859.102186,7890.397764
20220830,0,7890.397764,7952.988922,7710.448187,7757.391555
20220831,0,7757.391555,7757.391555,7647.85703,7671.328714
20220901,0,7628.297293,7667.416767,7514.850821,7514.850821
20220902,0,7510.938873,7510.938873,7334.901244,7385.756559
20220905,0,7401.404348,7483.555242,7377.932664,7448.347716
20220906,0,7436.611874,7448.347716,7237.10256,7330.989296
20220907,0,7287.957876,7307.517612,7186.247245,7233.190613
20220908,0,7260.574244,7436.611874,7252.75035,7338.813191
20220909,0,7330.989296,7350.549033,7233.190613,7334.901244
20220913,0,7374.020717,7514.850821,7350.549033,7452.259664
20220914,0,7456.171611,7530.49861,7377.932664,7420.964085
20220915,0,7444.435769,7565.706136,7432.699927,7503.114979
20220916,0,7526.586663,7577.441978,7452.259664,7518.762768
20220919,0,7518.762768,7565.706136,7420.964085,7444.435769
20220920,0,7362.284875,7632.209241,7362.284875,7553.970294
20220921,0,7526.586663,7628.297293,7409.228243,7624.385346
20220922,0,7636.121188,7706.53624,7604.825609,7671.328714
20220923,0,7667.416767,7726.095977,7600.913662,7632.209241
20220926,0,7628.297293,7769.127397,7581.353925,7643.945083
20220927,0,7651.776994,7867.154545,7651.776994,7843.658812
20220928,0,7871.0705,7918.061966,7812.331168,7878.902411
20220929,0,7851.490723,7941.557699,7824.079034,7921.977921
20220930,0,7898.482188,7992.46512,7757.507791,7824.079034
20221010,0,7988.549164,8082.532096,7835.826901,7851.490723
20221011,0,7878.902411,7941.557699,7769.255658,7788.835435
20221012,0,7800.583302,7808.415213,7675.272726,7741.84397
20221013,0,7741.84397,7745.759925,7628.281261,7651.776994
20221014,0,7636.113172,7687.020593,7510.802597,7620.44935
20221017,0,7624.365305,7687.020593,7569.541929,7596.953617
20221018,0,7620.44935,7640.029127,7502.970686,7581.289795
20221019,0,7593.037662,7659.608905,7561.710018,7589.121706
20221020,0,7589.121706,7596.953617,7381.576066,7393.323932
20221021,0,7432.483487,7463.811131,7346.332467,7381.576066
20221024,0,7377.660111,7408.987754,7350.248422,7358.080333
20221025,0,7315.004823,7444.231354,7315.004823,7389.407977
20221026,0,7381.538533,7397.277421,7235.953818,7235.953818
20221027,0,7243.823262,7306.778814,7153.324655,7180.867709
20221028,0,7176.932987,7188.737153,6992.001052,7015.609384
20221031,0,7031.348272,7051.021882,6842.481614,6940.849665
20221101,0,6925.110777,7200.541319,6905.437167,7165.128821
20221102,0,7165.128821,7283.170482,7117.912157,7259.56215
20221103,0,7247.757984,7330.387146,7228.084374,7302.844092
20221104,0,7275.301038,7507.449638,7243.823262,7472.03714
20221107,0,7464.167696,7586.144079,7444.494085,7487.776028
20221108,0,7515.319082,7712.055184,7487.776028,7684.512129
20221109,0,7672.707963,7712.055184,7637.295465,7692.381573
20221110,0,7649.099631,7649.099631,7499.580194,7523.188526
20221111,0,7511.38436,7645.164909,7416.951031,7550.73158
20221114,0,7578.274635,7633.360743,7472.03714,7538.927414
20221115,0,7538.927414,7629.426021,7511.38436,7570.40519
20221116,0,7570.40519,7617.621855,7460.232974,7594.013523
20221117,0,7582.209357,7676.642685,7511.38436,7641.230187
20221118,0,7637.295465,7660.903797,7574.339913,7609.752411
20221121,0,7582.209357,7601.882967,7275.301038,7334.321869
20221122,0,7334.321869,7562.535746,7318.58298,7495.645472
20221123,0,7534.992692,7570.40519,7456.298252,7515.319082
20221124,0,7499.580194,7550.73158,7428.755197,7440.559363
20221125,0,7448.424648,7519.212211,7401.23294,7468.08786
20221128,0,7472.020502,7613.595628,7472.020502,7491.683714
20221129,0,7491.683714,7613.595628,7483.818429,7558.538634
20221130,0,7542.808065,7601.797701,7460.222575,7578.201846
20221201,0,7605.730343,7763.036038,7605.730343,7692.248475
20221202,0,7668.652621,7743.372826,7605.730343,7731.574899
20221205,0,7735.507541,7770.901322,7656.854694,7704.046402
20221206,0,7715.844329,7790.564534,7648.989409,7735.507541
20221207,0,7723.709614,7853.486812,7719.776972,7739.440183
20221208,0,7739.440183,7841.688885,7680.450548,7833.8236
20221209,0,7849.55417,7888.880594,7798.429819,7873.150024
20221212,0,7829.890958,7865.284739,7727.642256,7751.238111
20221213,0,7720.014594,7790.267507,7665.373439,7770.752809
20221214,0,7774.655748,7895.646877,7774.655748,7868.3263
20221215,0,7864.42336,7864.42336,7712.208714,7786.364567
20221216,0,7782.461628,7926.870394,7751.238111,7852.714541
20221219,0,7805.879265,7860.52042,7583.411706,7657.567559
20221220,0,7665.373439,7684.888137,7489.741155,7579.508767
20221221,0,7571.702887,7626.344042,7520.964672,7587.314646
20221222,0,7575.605827,7610.732284,7431.197061,7470.226457
20221223,0,7509.255853,7520.964672,7321.914751,7368.750027
20221226,0,7376.555906,7493.644095,7364.847087,7466.323517
20221227,0,7466.323517,7583.411706,7442.90588,7552.188189
20221228,0,7536.576431,7618.538163,7513.158793,7575.605827
20221229,0,7571.702887,7599.023465,7450.711759,7481.935276
20221230,0,7493.644095,7513.158793,7431.197061,7474.129397
20230103,0,7415.585302,7673.179318,7368.750027,7669.276378
20230104,0,7680.985197,7727.820473,7641.955801,7673.179318
20230105,0,7665.420795,7677.058579,7564.559995,7626.62818
20230106,0,7642.145226,7657.662272,7448.182149,7518.008857
20230109,0,7572.318518,7572.318518,7432.665103,7475.33698
20230110,0,7486.974764,7521.888118,7436.544364,7486.974764
20230111,0,7494.733287,7649.903749,7444.302887,7611.111133
20230112,0,7580.077041,7595.594087,7486.974764,7521.888118
20230113,0,7533.525903,7595.594087,7510.250333,7576.19778
20230116,0,7572.318518,7642.145226,7518.008857,7618.869656
20230117,0,7599.473349,7917.572795,7595.594087,7855.50461
20230118,0,7874.900918,7995.158025,7847.746087,7983.520241
20230119,0,7952.486149,7979.640979,7859.383872,7936.969102
20230120,0,7936.969102,7971.882456,7839.987564,7944.727625
20230130,0,8068.863995,8096.018825,7867.142395,7960.244672
20230131,0,7979.640979,8037.829902,7874.900918,7936.969102
20230201,0,7879.035021,8018.076816,7848.136845,7909.933198
20230202,0,7906.070926,7906.070926,7666.610058,7693.645962
20230203,0,7728.406411,7755.442315,7600.951432,7666.610058
20230206,0,7709.09505,7743.855499,7662.747785,7720.681867
20230207,0,7720.681867,7728.406411,7612.538249,7682.059146
20230208,0,7651.160969,7689.78369,7589.364616,7624.125065
20230209,0,7608.675976,7685.921418,7593.226888,7616.400521
20230210,0,7616.400521,7697.508234,7508.256903,7562.328712
20230213,0,7566.190984,7604.813704,7523.705991,7585.502344
20230214,0,7585.502344,7697.508234,7585.502344,7662.747785
20230215,0,7647.298697,7739.993227,7612.538249,7674.334602
20230216,0,7651.160969,7759.304587,7647.298697,7701.370506
20230217,0,7685.921418,7786.340492,7682.059146,7709.09505
20230220,0,7678.196874,7848.136845,7631.849609,7813.376396
20230221,0,7805.651852,7902.208654,7794.065036,7832.687757
20230222,0,7824.963212,7913.79547,7797.927308,7848.136845
20230223,0,7875.172749,7991.040911,7851.999117,7894.48411
20230224,0,7898.346382,7975.591823,7879.035021,7925.382286
20230227,0,7898.346382,7909.933198,7770.891403,7797.927308
20230228,0,7809.514124,7875.172749,7801.78958,7840.412301
20230301,0,7840.412301,7948.555919,7794.065036,7925.382286
20230302,0,7925.382286,7983.316367,7909.933198,7960.142735
20230303,0,7960.142735,7979.454095,7898.346382,7940.831374
20230306,0,7925.382286,7929.244558,7805.651852,7828.825484
20230307,0,7828.825484,7859.723661,7778.615948,7821.10094
20230308,0,7836.550029,7840.412301,7697.508234,7724.544139
20230309,0,7739.993227,7743.855499,7631.849609,7647.298697
20230310,0,7643.450032,7678.088023,7520.29273,7539.536058
20230313,0,7554.930721,7558.779387,7431.773419,7489.503404
20230314,0,7481.806073,7512.595399,7385.589431,7431.773419
20230315,0,7466.41141,7508.746733,7400.984094,7420.227422
20230316,0,7381.740766,7408.681425,7139.274828,7170.064153
20230317,0,7197.004813,7293.221455,7177.761485,7270.129461
20230320,0,7293.221455,7362.497437,7262.43213,7277.826792
20230321,0,7277.826792,7316.313449,7208.55081,7304.767452
20230322,0,7304.767452,7335.556777,7223.945473,7289.372789
20230323,0,7285.524124,7327.859446,7227.794139,7243.188801
20230324,0,7250.886133,7266.280795,7177.761485,7247.037467
20230327,0,7231.642804,7404.83276,7170.064153,7347.102775
20230328,0,7343.254109,7427.924754,7339.405443,7381.740766
20230329,0,7381.740766,7416.378757,7312.464783,7347.102775
20230330,0,7366.346103,7435.622085,7350.95144,7374.043434
20230331,0,7374.043434,7458.714079,7347.102775,7400.984094
20230403,0,7424.076088,7504.898067,7393.286763,7404.83276
20230404,0,7389.438097,7404.83276,7262.43213,7316.313449
20230406,0,7312.464783,7370.194769,7231.642804,7250.886133
20230407,0,7235.49147,7266.280795,7193.156147,7220.096807
20230410,0,7243.188801,7277.826792,7223.945473,7243.188801
20230411,0,7227.794139,7285.524124,7216.248142,7281.675458
20230412,0,7312.464783,7312.464783,7235.49147,7297.070121
20230413,0,7312.464783,7324.01078,7247.037467,7277.826792
20230414,0,7300.918786,7350.95144,7239.340136,7239.340136
20230417,0,7239.340136,7447.168082,7231.642804,7412.530091
20230418,0,7381.740766,7466.41141,7381.740766,7404.83276
20230419,0,7416.378757,7527.990061,7381.740766,7470.260076
20230420,0,7416.378757,7504.898067,7385.589431,7497.200736
20230421,0,7489.503404,7516.444064,7400.984094,7404.83276
20230424,0,7404.83276,7412.530091,7231.642804,7258.583464
20230425,0,7304.767452,7624.206703,7285.524124,7458.714079
20230426,0,7470.206705,7489.361081,7320.802571,7470.206705
20230427,0,7474.03758,7489.361081,7324.633446,7332.295196
20230428,0,7305.47907,7401.250951,7305.47907,7370.603949
20230504,0,7278.662943,7443.390578,7267.170317,7370.603949
20230505,0,7393.5892,7401.250951,7278.662943,7324.633446
20230508,0,7351.449573,7500.853707,7324.633446,7489.361081
20230509,0,7443.390578,7523.838958,7412.743576,7435.728828
20230510,0,7382.096574,7535.331584,7286.324694,7351.449573
20230511,0,7385.92745,7428.067077,7182.891062,7221.199815
20230512,0,7221.199815,7301.648195,7190.552813,7259.508567
20230515,0,7278.662943,7359.111323,7263.339442,7328.464321
20230516,0,7336.126072,7355.280448,7297.817319,7316.971695
20230517,0,7332.295196,7397.420075,7309.309945,7359.111323
20230518,0,7397.420075,7416.574452,7328.464321,7405.081826
20230519,0,7420.405327,7466.37583,7366.773073,7443.390578
20230522,0,7439.559703,7474.03758,7378.265699,7451.052329
20230523,0,7454.883204,7497.022831,7343.787822,7347.618697
20230524,0,7351.449573,7401.250951,7213.538064,7213.538064
20230525,0,7271.001193,7271.001193,7144.58231,7221.199815
20230526,0,7248.072967,7321.014379,7205.843728,7317.175357
20230529,0,7317.175357,7374.760683,7290.302205,7332.531444
20230530,0,7332.531444,7378.599704,7301.81927,7324.8534
20230531,0,7282.624162,7355.565574,7236.555901,7267.268075
20230601,0,7267.268075,7290.302205,7232.71688,7274.946118
20230602,0,7309.497314,7436.18503,7271.107097,7401.633834
20230605,0,7355.565574,7451.541117,7355.565574,7420.828943
20230606,0,7363.243617,7409.311878,7313.336335,7351.726552
20230607,0,7370.921661,7559.033724,7351.726552,7497.609377
20230608,0,7451.541117,7528.321551,7451.541117,7516.804485
20230609,0,7512.965464,7535.999594,7451.541117,7497.609377
20230612,0,7512.965464,7555.194702,7367.082639,7374.760683
20230613,0,7397.794813,7401.633834,7355.565574,7397.794813
20230614,0,7428.506986,7512.965464,7416.989921,7459.21916
20230615,0,7428.506986,7497.609377,7424.667965,7493.770355
20230616,0,7486.092312,7509.126442,7463.058182,7470.736225
20230619,0,7451.541117,7547.516659,7424.667965,7436.18503
20230620,0,7420.828943,7443.863073,7386.277748,7428.506986
20230621,0,7447.702095,7478.414268,7428.506986,7436.18503
20230626,0,7397.794813,7416.989921,7290.302205,7309.497314
20230627,0,7332.519352,7367.052411,7313.33432,7344.030372
20230628,0,7374.726424,7374.726424,7309.497314,7340.193365
20230629,0,7313.33432,7321.008333,7282.638268,7294.149288
20230630,0,7328.682346,7424.607508,7274.964256,7390.074449
20230703,0,7405.422475,7459.140566,7390.074449,7413.096488
20230704,0,7413.096488,7420.770501,7363.215404,7374.726424
20230705,0,7382.400437,7439.955533,7374.726424,7424.607508
20230706,0,7420.770501,7516.695663,7405.422475,7474.488592
20230707,0,7466.814579,7497.51063,7397.748462,7462.977572
20230710,0,7459.140566,7516.695663,7397.748462,7409.259482
20230711,0,7428.444514,7428.444514,7382.400437,7409.259482
20230712,0,7390.074449,7436.118527,7324.84534,7363.215404
20230713,0,7382.400437,7386.237443,7309.497314,7336.356359
20230714,0,7382.400437,7382.400437,7282.638268,7305.660307
20230717,0,7297.986294,7332.519352,7117.646991,7179.039094
20230718,0,7186.713107,7198.224126,7144.506036,7179.039094
20230719,0,7186.713107,7194.38712,7136.832023,7167.528075
20230720,0,7182.8761,7236.594191,7163.691068,7198.224126
20230721,0,7209.735146,7209.735146,7098.461958,7159.854062
20230724,0,7156.017055,7248.10521,7136.832023,7202.061133
20230725,0,7217.409159,7274.964256,7209.735146,7274.964256
20230726,0,7274.964256,7344.030372,7267.290243,7294.149288
20230727,0,7294.149288,7336.289856,7267.332563,7297.980249
20230728,0,7294.149288,7340.120817,7259.670641,7278.825445
20230731,0,7290.318327,7347.782738,7286.487366,7317.135052
20230801,0,7332.458895,7336.289856,7263.501602,7282.656406
20230802,0,7282.656406,7301.811209,7263.501602,7294.149288
20230803,0,7290.318327,7328.627935,7190.713347,7206.03719
20230804,0,7213.699112,7229.022955,7171.558544,7190.713347
20230807,0,7194.544308,7217.530073,7167.727583,7194.544308
20230808,0,7202.20623,7225.191994,7186.882387,7194.544308
20230809,0,7186.882387,7271.163523,7179.220465,7255.83968
20230810,0,7252.008719,7282.656406,7244.346798,7259.670641
20230811,0,7267.332563,7343.951778,7244.346798,7301.811209
20230814,0,7278.825445,7309.473131,7190.713347,7229.022955
20230815,0,7232.853916,7252.008719,7221.361033,7240.515837
20230816,0,7240.515837,7240.515837,7194.544308,7206.03719
20230817,0,7221.361033,7236.684876,7160.065661,7217.530073
20230818,0,7225.191994,7248.177759,7163.896622,7194.544308
20230821,0,7198.375269,7313.304092,7186.882387,7290.318327
20230822,0,7297.980249,7324.796974,7267.332563,7301.811209
20230823,0,7294.149288,7397.585228,7290.318327,7370.768503
20230824,0,7355.44466,7428.232914,7343.951778,7397.585228
20230825,0,7397.585228,7478.035404,7366.937542,7432.063875
20230828,0,7455.04964,7531.668855,7439.725797,7455.04964
20230829,0,7447.411269,7527.61416,7443.592084,7485.603122
20230830,0,7466.507196,7596.359495,7458.868825,7573.444383
20230831,0,7623.093791,7772.042017,7577.263568,7611.636236
20230901,0,7611.636236,8119.587876,7584.901939,8115.768691
20230904,0,8119.587876,8276.174472,7913.351872,7985.916392
20230905,0,7943.905354,8153.960544,7920.990242,7982.097207
20230906,0,7982.097207,8260.897731,7920.990242,8077.576838
20230907,0,8146.322173,8551.155811,7985.916392,8417.484327
20230908,0,8386.930845,8627.539517,8226.525064,8322.004695
20230911,0,8360.196548,8673.36974,8272.355287,8524.421514
20230912,0,8512.963959,8558.794182,8287.632028,8436.580253
20230913,0,8440.399438,8440.399438,8188.333211,8279.993657
20230914,0,8230.344249,8291.451213,8111.949506,8279.993657
20230915,0,8333.462251,8386.930845,8264.716916,8360.196548
20230918,0,8344.919807,8379.292474,8184.514026,8283.812843
20230919,0,8310.547139,8520.602329,8260.897731,8279.993657
20230920,0,8257.078546,8329.643066,8211.248323,8272.355287
20230921,0,8272.355287,8287.632028,8123.407061,8131.045432
20230922,0,8134.864617,8306.727954,8108.13032,8295.270398
20230925,0,8295.270398,8299.089584,8131.045432,8195.971581
20230926,0,8195.971581,8203.609952,8020.289059,8031.746615
20230927,0,8035.562172,8096.611077,7985.959936,8016.484389
20230928,0,8058.455511,8138.582199,7989.775493,8050.824398
20231009,0,8020.299945,8245.417784,8016.484389,8069.902181
20231010,0,8073.717737,8283.57335,8058.455511,8092.79552
20231011,0,8115.68886,8378.962264,8077.533294,8375.146708
20231012,0,8333.175585,8665.129008,8333.175585,8588.817877
20231013,0,8592.633433,8752.88681,8554.477867,8703.284574
20231016,0,8745.255697,8829.197942,8607.89566,8649.866782
20231017,0,8649.866782,8787.226819,8539.215641,8714.731244
20231018,0,8680.391235,8737.624584,8592.633433,8596.44899
20231019,0,8634.604556,8710.915687,8516.322301,8531.584528
20231020,0,8527.768971,8585.00232,8356.068925,8413.302274
20231023,0,8394.224491,8466.720066,8359.884481,8413.302274
20231024,0,8436.195613,8493.428962,8340.806699,8447.642283
20231025,0,8455.273396,8569.740094,8398.040047,8569.740094
20231026,0,8543.17314,8584.92121,8379.976141,8452.086443
20231027,0,8448.291164,8459.677001,8243.346095,8296.480002
20231030,0,8304.07056,8323.046955,8118.101887,8243.346095
20231031,0,8235.755537,8269.913049,8125.692445,8220.574421
20231101,0,8239.550816,8250.936654,8140.873561,8212.983863
20231102,0,8212.983863,8266.11777,8167.440514,8209.188584
20231103,0,8205.393305,8319.251676,8201.598026,8224.3697
20231106,0,8224.3697,8250.936654,8064.96798,8148.464119
20231107,0,8159.849956,8228.164979,8015.629352,8015.629352
20231108,0,8034.605748,8118.101887,7992.857678,8102.920771
20231109,0,8099.125492,8144.66884,7973.881283,8064.96798
20231110,0,8080.149096,8216.779142,8004.243515,8167.440514
20231113,0,8140.873561,8175.031073,8087.739654,8159.849956
20231114,0,8159.849956,8285.094165,8159.849956,8250.936654
20231115,0,8228.164979,8338.228072,8216.779142,8326.842235
20231116,0,8326.842235,8421.724211,8296.480002,8398.952536
20231117,0,8387.566699,8436.905327,8178.826352,8194.007468
20231120,0,8197.802747,8364.795025,8197.802747,8323.046955
20231121,0,8307.865839,8338.228072,8118.101887,8148.464119
20231122,0,8171.235794,8171.235794,7996.652957,8045.991585
20231123,0,8083.944375,8083.944375,7935.928492,8045.991585
20231124,0,8053.582143,8080.149096,7996.652957,8072.558538
20231127,0,8099.125492,8102.920771,7992.857678,8034.605748
20231128,0,8045.991585,8053.582143,7943.519051,8004.243515
20231129,0,8019.424632,8057.377422,7784.11733,7806.889005
20231130,0,7806.889005,7840.363041,7758.53762,7795.730993
20231201,0,7795.730993,7855.24039,7639.518826,7680.431536
20231204,0,7706.466898,7706.466898,7580.009429,7632.080151
20231205,0,7639.518826,7650.676838,7401.481238,7509.34202
20231206,0,7513.061358,7594.886778,7416.358588,7583.728766
20231207,0,7587.448104,7624.641477,7498.184008,7624.641477
20231208,0,7624.641477,7773.414969,7613.483465,7754.818282
20231211,0,7758.53762,7795.730993,7632.080151,7687.870211
20231212,0,7684.150874,7732.502259,7635.799489,7691.589548
20231213,0,7695.308886,7717.624909,7553.974068,7606.04479
20231214,0,7602.325453,7672.992862,7591.167441,7665.554187
20231215,0,7665.554187,7725.063584,7639.518826,7676.712199
20231218,0,7669.273524,7758.53762,7594.886778,7739.940933
20231219,0,7732.502259,7754.818282,7669.273524,7725.063584
20231220,0,7661.83485,7765.976294,7539.096719,7706.466898
20231221,0,7672.992862,7777.134306,7669.273524,7736.221596
20231222,0,7739.940933,7873.837076,7710.186235,7862.679064
20231225,0,7870.117739,8004.013882,7810.608342,7914.749787
20231226,0,7632.080151,8018.891231,7632.080151,7940.785148
20231227,0,7907.590969,8136.261977,7881.773275,8040.367683
20231228,0,8021.926473,8121.509009,8003.485263,8069.87362
20231229,0,8069.87362,8353.868258,8058.808894,8239.532754
20240102,0,8482.95673,8534.592119,8309.609353,8335.427048
20240103,0,8320.67408,8346.491774,8232.15627,8280.103417
20240104,0,8250.597481,8261.662207,8103.067798,8151.014945
20240105,0,8173.144397,8291.168143,8132.573735,8217.403302
20240108,0,8187.897366,8195.27385,7937.096906,7988.732295
20240109,0,7996.108779,8029.302957,7937.096906,8003.485263
20240110,0,8014.549989,8025.614715,7922.343937,7977.667568
20240111,0,7992.420537,8136.261977,7992.420537,8121.509009
20240112,0,8128.885493,8246.909238,8092.003072,8165.767913
20240115,0,8195.27385,8342.803532,8169.456155,8206.338576
20240116,0,8202.650334,8324.362322,8165.767913,8291.168143
20240117,0,8291.168143,8335.427048,8221.091544,8243.220996
20240118,0,8224.779786,8379.685953,8195.27385,8375.99771
20240119,0,8375.99771,8398.127163,8257.973965,8375.99771
20240122,0,8372.309468,8375.99771,8151.014945,8198.962092
20240123,0,8195.27385,8217.403302,8032.991199,8206.338576
20240124,0,8221.091544,8280.103417,8180.520881,8272.726933
20240125,0,8276.415175,8331.738806,8254.285723,8305.921111
20240126,0,8280.285552,8316.90778,8232.676657,8254.649993
20240129,0,8240.001103,8302.258889,8144.783312,8203.378875
20240130,0,8199.716653,8240.001103,8122.809976,8141.121089
20240131,0,8148.445535,8210.703321,8130.134421,8170.418871
20240201,0,8170.418871,8170.418871,8056.889967,8119.147753
20240202,0,8111.823308,8141.121089,7939.69884,8049.565522
20240205,0,8056.889967,8188.729985,8042.241076,8148.445535
20240206,0,8130.134421,8192.392207,8093.512194,8159.432203
20240207,0,8126.472198,8141.121089,8031.254408,8064.214412
20240208,0,8064.214412,8093.512194,8001.956626,8075.201081
20240219,0,8177.743316,8261.974439,8163.094426,8196.05443
20240220,0,8225.352212,8316.90778,8203.378875,8265.636662
20240221,0,8265.636662,8324.232225,8210.703321,8283.947775
20240222,0,8280.285552,8617.210042,8265.636662,8489.032247
20240223,0,8467.058911,8661.156714,8467.058911,8584.250038
20240226,0,8573.263369,8606.223374,8507.343361,8565.938924
20240227,0,8565.938924,8796.658955,8554.952256,8734.401169
20240228,0,8734.401169,8774.685619,8624.534487,8650.170046
20240229,0,8653.832269,8657.494492,8525.654474,8631.858933
20240301,0,8624.574664,8671.922413,8464.320743,8580.869049
20240304,0,8559.016241,8602.721856,8409.688724,8529.879165
20240305,0,8508.026357,8518.952761,8413.330859,8482.531415
20240306,0,8464.320743,8497.099954,8387.835917,8486.17355
20240307,0,8486.17355,8540.805568,8398.76232,8427.899397
20240308,0,8427.899397,8711.985893,8391.478051,8693.77522
20240311,0,8701.05949,8737.480835,8486.17355,8548.089838
20240312,0,8533.521299,8624.574664,8457.036473,8569.942645
20240313,0,8569.942645,8653.71174,8540.805568,8613.64826
20240314,0,8631.858933,8810.323527,8595.437587,8726.554432
20240315,0,8741.12297,8999.714524,8711.985893,8977.861717
20240318,0,8948.72464,9382.138654,8835.818469,9294.727425
20240319,0,9309.295963,9349.359443,9094.410023,9174.536984
20240320,0,9174.536984,9403.991462,9072.557216,9254.663944
20240321,0,9189.105522,9214.600464,8966.935313,8996.07239
20240322,0,8974.219582,9039.778005,8653.71174,8781.18645
20240325,0,8795.754988,8824.892065,8620.932529,8657.353875
20240326,0,8682.848817,8828.5342,8675.564548,8748.407239
20240327,0,8777.544316,8781.18645,8548.089838,8588.153318
20240328,0,8588.153318,8693.77522,8508.026357,8693.77522
20240329,0,8693.77522,8697.417355,8529.879165,8642.785336
20240401,0,8689.659016,8725.715692,8585.094654,8711.293022
20240402,0,8732.927028,8732.927028,8621.151331,8642.785336
20240403,0,8646.391004,8750.955366,8549.037978,8603.122992
20240408,0,8581.488987,8880.759401,8541.826643,8794.223377
20240409,0,8790.61771,8996.140765,8768.983704,8927.63308
20240410,0,8913.21041,8924.027413,8815.857383,8859.125395
20240411,0,8837.491389,8848.308392,8649.996672,8750.955366
20240412,0,8768.983704,8768.983704,8556.249313,8621.151331
20240415,0,8628.362666,8675.236345,8549.037978,8617.545663
20240416,0,8613.939995,8621.151331,8444.473616,8462.501954
20240417,0,8484.13596,8512.981301,8361.54326,8466.107622
20240418,0,8480.530293,8505.769966,8372.360263,8437.262281
20240419,0,8466.107622,8592.305989,8419.233943,8531.00964
20240422,0,8523.798304,8639.179669,8473.318957,8484.13596
20240423,0,8458.896287,8484.13596,8386.782934,8390.388602
20240424,0,8390.388602,8404.811272,8256.978899,8311.063913
20240425,0,8336.303587,8336.303587,8137.991867,8199.288217
20240426,0,8217.316555,8285.82424,8109.146526,8282.218572
20240429,0,8307.458246,8347.12059,8260.584566,8293.035575
20240430,0,8311.063913,8368.754596,8271.401569,8303.852578
20240506,0,8307.458246,8433.656613,8293.035575,8350.726258
20240507,0,8361.54326,8505.769966,8336.303587,8430.050946
20240508,0,8419.233943,8520.192637,8397.599937,8404.811272
20240509,0,8408.390834,8415.549958,8311.742664,8408.390834
20240510,0,8411.970396,8451.345576,8343.95872,8365.436092
20240513,0,8354.697406,8583.789366,8343.95872,8576.630242
20240514,0,8576.630242,8705.494469,8533.675499,8533.675499
20240515,0,8530.095938,8641.062356,8487.141195,8605.266737
20240516,0,8619.584984,8820.040449,8555.152871,8748.449212
20240517,0,8734.130964,8780.665269,8701.914907,8744.86965
20240520,0,8748.449212,8895.211248,8684.017098,8830.779135
20240521,0,8830.779135,9020.495914,8791.403954,8798.563078
20240522,0,8794.983516,8916.68862,8794.983516,8866.574753
20240523,0,8877.313439,9077.768904,8798.563078,8920.268182
20240524,0,8952.484238,9238.849188,8948.904676,9092.087151
20240527,0,9092.087151,9160.098827,8995.438981,9067.030218
20240528,0,9095.666713,9543.111947,9092.087151,9181.576198
20240529,0,9238.849188,9385.611225,9120.723646,9374.872539
20240530,0,9407.088596,9718.510479,9407.088596,9636.180556
20240531,0,9614.703184,9636.180556,9174.417074,9306.860864
20240603,0,9356.97473,9367.713415,9095.666713,9188.735322
20240604,0,9181.615031,9188.735322,8964.446161,9110.412123
20240605,0,9113.972268,9178.054886,9032.088923,9135.333141
20240606,0,9135.333141,9459.306374,9046.329505,9448.625937
20240607,0,9434.385356,9801.080334,9434.385356,9729.877425
20240611,0,9726.31728,9786.839752,9341.821575,9384.54332
20240612,0,9377.423029,9573.231027,9227.896921,9526.949136
20240613,0,9548.310009,9615.952772,9185.175176,9341.821575
20240614,0,9363.182447,9363.182447,9124.652704,9163.814304
20240617,0,9121.092559,9121.092559,8911.043979,8928.844706
20240618,0,8968.006306,9060.570087,8921.724416,8950.205579
20240619,0,8928.844706,9049.889651,8807.799762,9010.728051
20240620,0,9049.889651,9121.092559,9003.60776,9067.690378
20240621,0,9128.21285,9128.21285,8911.043979,8946.645433
20240624,0,8939.525143,9021.408487,8900.363543,8960.886015
20240625,0,9032.088923,9281.299103,8992.927324,9099.731686
20240626,0,9099.731686,9099.731686,8857.641798,9017.848342
20240627,0,9032.088923,9067.690378,8839.841071,8864.762089
20240628,0,8879.002671,8935.964997,8782.878744,8832.72078
20240701,0,8861.201943,8868.322234,8708.11569,8843.401216
20240702,0,8886.122961,8992.927324,8822.040344,8985.807033
20240703,0,8978.731594,9010.571068,8869.062296,8985.807033
20240704,0,8985.807033,9021.184226,8879.675454,8883.213173
20240705,0,8879.675454,8890.288612,8635.572822,8656.799138
20240708,0,8642.64826,8695.71405,8589.582471,8642.64826
20240709,0,8656.799138,8720.478085,8614.346506,8706.327208
20240710,0,8720.478085,8784.157033,8596.65791,8688.638611
20240711,0,8688.638611,8766.468436,8681.563173,8695.71405
20240712,0,8720.478085,8752.317559,8610.808787,8653.261418
20240715,0,8635.572822,8656.799138,8479.913172,8515.290366
20240716,0,8525.903523,8575.431594,8483.450892,8568.356155
20240717,0,8582.507032,8685.100892,8557.742997,8607.271067
20240718,0,8607.271067,8685.100892,8564.818436,8678.025454
20240719,0,8667.412296,8681.563173,8564.818436,8653.261418
20240722,0,8660.336857,8759.392998,8600.195629,8628.497383
20240723,0,8621.421945,8628.497383,8472.837734,8504.677208
20240724,0,8525.903523,8674.487734,8508.214927,8628.497383
20240725,0,8621.421945,8624.959664,8409.158786,8437.460541
20240726,0,8462.224576,8617.884225,8458.686857,8525.903523
20240729,0,8529.441243,8589.582471,8486.988611,8540.054401
20240730,0,8455.149137,8586.044752,8373.781593,8409.158786
20240731,0,8423.309664,8564.818436,8324.253523,8543.59212
20240801,0,8543.59212,8614.346506,8508.214927,8525.903523
20240802,0,8547.129839,8702.789489,8536.516681,8663.874576
20240805,0,8663.874576,8773.543875,8575.431594,8635.572822
20240806,0,8610.98006,8688.271598,8505.582507,8618.006563
20240807,0,8596.927053,8751.51013,8582.874046,8698.811354
20240808,0,8744.483626,8870.96069,8716.377612,8747.996878
20240809,0,8740.970375,8881.500445,8740.970375,8821.775165
20240812,0,8804.208906,8881.500445,8740.970375,8877.987193
20240813,0,8892.0402,8979.871494,8842.854676,8895.553452
20240814,0,8874.473941,8906.093207,8705.837857,8758.536633
20240815,0,8769.076389,8941.225725,8730.430619,8888.526948
20240816,0,8888.526948,8962.305235,8814.748662,8828.801669
20240819,0,8821.775165,8927.172718,8726.917368,8881.500445
20240820,0,8870.96069,8986.897998,8828.801669,8948.252228
20240821,0,8958.791984,9022.030515,8909.606459,8969.331739
20240822,0,8990.411249,9000.951005,8860.420934,8874.473941
20240823,0,8906.093207,9039.596774,8877.987193,9000.951005
20240826,0,9004.464257,9099.322054,8990.411249,9095.808802
20240827,0,9092.29555,9148.507579,9000.951005,9130.94132
20240828,0,9130.94132,9289.037649,9130.94132,9243.365376
20240829,0,9239.852124,9282.011145,9102.835306,9152.02083
20240830,0,9169.587089,9218.772614,9050.136529,9152.02083
20240902,0,9120.401565,9141.481075,8906.093207,8944.738977
20240903,0,8955.176245,8962.134424,8802.096309,8850.803561
20240904,0,8822.970846,8843.845383,8715.119073,8722.077252
20240905,0,8725.556341,8857.76174,8725.556341,8809.054488
20240906,0,8843.845383,9010.841676,8798.61722,9007.362587
20240909,0,9024.758034,9254.377938,8882.115367,9198.712506
20240910,0,9184.796149,9247.419759,9108.256181,9143.047075
20240911,0,9094.339823,9212.628864,9024.758034,9115.21436
20240912,0,9115.21436,9327.438816,9031.716213,9310.043369
20240913,0,9310.043369,9372.666979,9226.545222,9285.689743
20240918,0,9595.328704,9741.450461,9508.351468,9598.807793
20240919,0,9605.765972,9793.636802,9564.016899,9769.283176
20240920,0,9783.199534,9793.636802,9637.077777,9682.30594
20240923,0,9633.598688,9633.598688,9327.438816,9452.686036
20240924,0,9487.476931,9877.134949,9480.518752,9873.65586
20240925,0,9918.884023,10190.253,9901.488575,10016.298527
20240926,0,9922.363112,10336.374757,9866.697681,9967.591275
20240927,0,10047.610332,10124.1503,9758.845908,9960.633096
20240930,0,9950.264637,10479.056054,9877.685423,10451.406829
20241008,0,10530.89835,10568.916033,9932.983872,10033.21231
20241009,0,10029.756157,10333.897626,9984.826167,10057.405382
20241010,0,10078.1423,10116.159983,9566.631648,9566.631648
20241011,0,9663.403934,9756.720066,9535.526271,9729.070842
20241014,0,9780.913137,10029.756157,9691.053158,9756.720066
20241015,0,9832.755433,10036.668463,9767.088525,9995.194627
20241016,0,9995.194627,10002.106933,9621.930097,9666.860087
20241017,0,9722.158536,9881.141576,9691.053158,9746.351607
20241018,0,9746.351607,10116.159983,9732.526995,10064.317688
20241021,0,10029.756157,10057.405382,9715.246229,9932.983872
20241022,0,9946.808484,10123.07229,9863.860811,10067.773841
20241023,0,10067.773841,10136.896902,9829.29928,9881.141576
20241024,0,9881.141576,9984.826167,9760.176219,9981.370014
20241025,0,9974.457708,10185.283044,9735.983148,9798.193903
20241028,0,9839.667739,9943.352331,9767.088525,9863.860811
20241029,0,9829.29928,9939.896178,9694.509311,9777.456984
20241030,0,9815.474668,9929.527719,9697.965464,9850.036198
20241031,0,9818.930821,9867.316964,9722.158536,9815.474668
20241101,0,9822.355477,9939.329238,9650.335241,9805.153454
20241104,0,9791.391835,9822.355477,9622.812004,9753.547383
20241105,0,9777.630216,10032.220165,9688.179693,9970.29288
20241106,0,9942.769643,10162.955545,9898.044381,10087.266641
20241107,0,10073.505022,10300.571734,10059.743403,10218.00202
20241108,0,10224.88283,10544.840469,10149.193926,10193.919187
20241111,0,10190.478782,10345.296995,10025.339356,10083.826236
20241112,0,10073.505022,10073.505022,9777.630216,9839.557501
20241113,0,9853.31912,9880.842358,9660.656455,9712.262526
20241114,0,9732.904955,9791.391835,9478.315005,9543.682695
20241115,0,9605.60998,9619.371599,9498.957434,9591.848361
20241118,0,9598.729171,9643.454432,9378.543268,9498.957434
20241119,0,9523.040267,9591.848361,9457.672577,9547.1231
20241120,0,9564.325123,9822.355477,9536.801886,9801.713049
20241121,0,9726.024145,9815.474668,9681.298884,9739.785764
20241122,0,9739.785764,9760.428192,9406.066506,9509.278648
20241125,0,9526.480671,9719.143336,9478.315005,9691.620098
20241126,0,9667.537265,9908.365595,9646.894837,9808.593858
20241127,0,9791.391835,10008.137332,9691.620098,9987.494904
20241128,0,9987.494904,10111.349474,9953.090857,10018.458546
20241129,0,10018.458546,10248.965663,9956.531261,10111.349474
20241202,0,10090.707046,10211.121211,10087.266641,10121.670688
20241203,0,10121.670688,10512.151385,10070.291649,10460.772346
20241204,0,10450.496538,10501.875577,10354.588998,10399.117499
20241205,0,10378.565883,10673.13904,10313.485767,10453.921807
20241206,0,10477.898692,10906.05735,10477.898692,10830.701427
20241209,0,10724.518079,10789.598195,10405.968037,10570.380962
20241210,0,10662.863232,10697.115925,10244.980382,10334.037383
20241211,0,10344.31319,10628.61054,10299.78469,10597.783116
20241212,0,10635.461078,10666.288502,10426.519653,10522.427192
20241213,0,10467.622884,10505.300846,10210.727689,10330.612113
20241216,0,10344.31319,10423.094384,10251.83092,10364.864806
20241217,0,10392.26696,10481.323961,10268.957267,10310.060498
20241218,0,10289.508882,10310.060498,10042.889495,10066.86638
20241219,0,10073.716918,10145.647573,9878.47657,9970.95884
20241220,0,9964.108302,10111.39488,9895.602916,9905.878724
20241223,0,9871.626031,9871.626031,9676.385683,9840.798608
20241224,0,9840.798608,9940.131417,9758.592146,9933.280878
20241225,0,9967.533571,10053.165303,9905.878724,10018.91261
20241226,0,10001.786264,10087.417995,9988.085187,9994.935725
20241227,0,10005.211533,10152.498111,9888.752378,10101.119072
20241230,0,10101.119072,10248.405651,10056.590572,10214.152958
20241231,0,10203.87715,10238.129843,10131.946496,10217.578228
20250102,0,10227.854035,10241.555112,10036.038956,10056.590572
20250103,0,10056.590572,10114.760711,9529.637544,9687.039098
20250106,0,9724.6786,9752.052783,9594.65123,9663.086688
20250107,0,9721.256827,9765.739875,9379.079536,9553.589955
20250108,0,9580.964138,9738.365692,9574.120592,9690.460871
20250109,0,9704.147963,9892.345472,9632.290732,9841.018879
20250110,0,9854.70597,10131.869576,9854.70597,9988.155114
20250113,0,9991.576887,10118.182484,9926.563201,9957.359158
20250114,0,9899.189018,10285.849357,9875.236608,10282.427584
20250115,0,10282.427584,10412.454954,10234.522763,10347.441269
20250116,0,10302.958221,10532.217006,10279.005811,10415.876727
20250117,0,10374.815452,10419.2985,10114.760711,10176.352624
20250120,0,10135.291349,10289.27113,10049.747026,10258.475173
20250121,0,10265.318719,10467.203321,10231.10099,10231.10099
20250122,0,10237.944536,10388.502544,10135.291349,10313.22354
20250123,0,10340.597723,10391.924317,10066.855891,10125.02603
20250124,0,10128.447803,10292.692902,10001.842205,10265.318719
20250127,0,10255.053401,10255.053401,10080.542982,10213.992126
20250205,0,10196.883261,10196.883261,9803.379377,9929.984974
20250206,0,9967.624476,10196.883261,9923.141429,10138.713122
20250207,0,10159.243759,10306.379994,10131.869576,10213.992126
20250210,0,10158.837258,10234.675201,10000.267012,10227.780843
20250211,0,10203.650588,10313.960324,10107.129569,10127.812644
20250212,0,10114.023927,10434.611598,10027.844446,10407.034164
20250213,0,10362.220834,10496.660824,10220.886484,10269.146994
20250214,0,10269.146994,10641.442353,10255.358277,10582.840306
20250217,0,10548.368513,10665.572608,10379.45673,10434.611598
20250218,0,10434.611598,10579.393126,10331.19622,10489.766466
20250219,0,10475.977749,10527.685438,10324.301862,10431.164419
20250220,0,10458.741853,10617.312098,10431.164419,10579.393126
20250221,0,10617.312098,10837.93157,10507.002362,10513.896721
20250224,0,10513.896721,10610.41774,10451.847494,10586.287485
20250225,0,10655.23107,10800.012599,10448.400315,10469.08339
20250226,0,10472.53057,10627.653636,10396.692626,10527.685438
20250227,0,10527.685438,10589.734664,10372.562371,10565.604409
20250228,0,10575.945947,10662.125428,10458.741853,10627.653636
20250303,0,10637.995174,10731.069014,10589.734664,10686.255683
20250304,0,10727.621834,10800.012599,10634.547994,10672.466966
20250305,0,10627.259384,10630.73689,10383.83394,10515.979181
20250306,0,10543.799232,10602.916839,10296.896281,10585.529308
20250307,0,10571.619282,10595.961827,10303.851294,10342.103864
20250310,0,10317.761319,10342.103864,10140.408496,10185.616078
20250311,0,10171.706053,10209.958623,10036.083305,10185.616078
20250312,0,10241.25618,10251.688699,10091.723407,10185.616078
20250313,0,10220.391142,10223.868648,9987.398217,10060.42585
20250314,0,10077.813382,10171.706053,10053.470837,10147.363508
20250317,0,10147.363508,10154.318521,9883.073026,9994.353229
20250318,0,10015.218267,10102.155926,9928.280609,10088.245901
20250319,0,10102.155926,10116.065951,9976.965698,10032.605799
20250320,0,10032.605799,10258.643711,9924.803103,10244.733686
20250321,0,10213.436129,10230.823661,10123.020964,10161.273534
20250324,0,10178.661066,10335.148851,10136.930989,10324.716332
20250325,0,10324.716332,10415.131497,10262.121218,10265.598724
20250326,0,10286.463762,10314.283813,10161.273534,10171.706053
20250327,0,10175.183559,10251.688699,10102.155926,10237.778673
20250328,0,10248.211192,10286.463762,9980.443204,10008.263255
20250331,0,10046.515825,10129.975977,9956.10066,10008.263255
20250401,0,10018.695774,10070.858369,9851.775469,10036.083305
20250402,0,10032.605799,10129.975977,10004.785748,10081.290888
20250403,0,10070.858369,10098.67842,9677.900152,9681.377659
20250407,0,9295.374454,9295.374454,9295.374454,9295.374454
20250408,0,8554.665603,9058.904023,8554.665603,8679.855832
20250409,0,8756.854553,8774.354262,8319.361819,8319.361819
20250410,0,8270.362633,9117.348565,8161.864435,8816.353565
20250411,0,8781.354146,8952.851297,8651.856297,8931.851646
20250414,0,8945.851414,9054.349612,8896.852228,8935.351588
20250415,0,8935.351588,8984.350774,8753.354611,8756.854553
20250416,0,8798.853855,8879.352518,8599.357169,8644.856413
20250417,0,8704.355425,8805.853739,8616.856878,8690.355657
20250418,0,8721.855134,8781.354146,8634.356588,8714.85525
20250421,0,8718.355192,8931.851646,8679.855832,8858.352867
20250422,0,8823.353448,8837.353216,8641.356471,8693.855599
20250423,0,8714.85525,8812.853623,8522.358448,8770.85432
20250424,0,8742.854785,8749.854669,8550.357983,8679.855832
20250425,0,8679.855832,8816.353565,8557.357866,8609.856994
20250428,0,8609.856994,8693.855599,8543.358099,8588.857343
20250429,0,8599.357169,8690.355657,8525.85839,8564.35775
20250430,0,8557.357866,8697.355541,8511.858622,8599.357169
20250506,0,8609.856994,8854.852925,8609.856994,8788.35403
20250507,0,8795.353913,8942.351472,8760.354495,8802.353797
20250508,0,8781.354146,8809.353681,8707.855367,8774.354262
20250509,0,8791.853972,8819.853506,8690.355657,8690.355657
20250512,0,8690.355657,8977.350891,8609.856994,8973.850949
20250513,0,9078.849205,9099.848856,8847.853041,8998.350542
20250514,0,8994.8506,9187.347403,8966.851065,9124.348449
20250515,0,9078.849205,9120.848507,8998.350542,9022.850135
20250516,0,9022.850135,9071.849321,8903.852111,8910.851995
20250519,0,8875.852576,9057.849553,8858.352867,9019.350193
20250520,0,9001.741153,9065.133696,8945.392226,9029.915617
20250521,0,9026.393809,9040.481041,8920.73957,8955.95765
20250522,0,8963.001266,9072.177312,8955.95765,8966.523074
20250523,0,8966.523074,9058.090081,8889.043298,8892.565106
20250526,0,8874.956066,8938.34861,8783.389059,8906.652338
20250527,0,8931.304994,9177.831551,8917.217762,9096.829968
20250528,0,9065.133696,9075.69912,8593.211429,8624.907701
20250529,0,8646.038549,8931.304994,8617.864085,8860.868835
20250530,0,8846.781603,8846.781603,8339.641256,8357.250296
20250603,0,8332.59764,8434.730071,8251.596057,8318.510408
20250604,0,8336.119448,8491.078999,8233.987017,8466.426343
20250605,0,8459.382727,8473.469959,8314.9886,8427.686455
20250606,0,8452.339111,8582.646006,8420.642839,8469.948151
20250609,0,8452.339111,8508.688038,8395.990184,8487.557191
20250610,0,8519.253462,8646.038549,8452.339111,8561.515158
20250611,0,8572.080582,8642.516741,8473.469959,8603.776853
20250612,0,8596.733237,8603.776853,8403.033799,8403.033799
20250613,0,8410.077415,8628.429509,8381.902952,8526.297078
20250616,0,8522.77527,8572.080582,8304.423176,8565.036966
20250617,0,8540.38431,8568.558774,8469.948151,8550.949734
20250618,0,8575.735095,8720.906499,8550.949734,8696.121137
20250619,0,8674.876542,8713.824967,8604.061223,8664.254244
20250620,0,8628.846584,8635.928116,8458.88982,8504.919777
20250623,0,8522.623606,8565.112798,8377.452203,8504.919777
20250624,0,8497.838245,8512.001309,8334.963012,8349.126076
20250625,0,8388.074501,8427.022926,8338.503778,8363.289139
20250626,0,8363.289139,8604.061223,8345.58531,8600.520457
20250627,0,8593.438925,8692.580371,8572.194329,8660.713478
20250630,0,8628.846584,8667.79501,8558.031266,8632.38735
20250701,0,8628.846584,8738.610328,8572.194329,8717.365733
20250702,0,8703.202669,8738.610328,8639.468882,8692.580371
20250703,0,8706.743435,8720.906499,8504.919777,8586.357393
20250704,0,8582.816627,8674.876542,8561.572032,8565.112798
20250707,0,8558.031266,8565.112798,8434.104458,8526.164372
20250708,0,8519.08284,8589.898159,8455.349054,8547.408968
20250709,0,8547.408968,8586.325151,8469.576602,8568.635977
20250710,0,8561.560307,8830.435755,8515.568454,8787.981737
20250711,0,8787.981737,8819.82225,8738.452049,8766.754728
20250714,0,8752.603389,8766.754728,8642.930509,8724.30071
20250715,0,8741.989884,8897.654617,8710.14937,8759.679058
20250716,0,8773.830398,8844.587094,8706.611536,8837.511425
20250717,0,8823.360085,8957.797809,8787.981737,8904.730287
20250718,0,8879.965443,9106.386872,8865.814103,8968.411314
20250721,0,8961.335644,9085.159863,8911.805956,9021.478836
20250722,0,9007.327497,9219.597587,8947.184305,9095.773368
20250723,0,9099.311203,9170.067899,8975.486983,9039.16801
20250724,0,9039.16801,9403.564999,8971.949148,9283.278614
20250725,0,9304.505623,9495.548704,9286.816449,9424.792008
20250728,0,9438.943347,9470.783861,8986.100488,9063.932854
20250729,0,9063.932854,9074.546359,8830.435755,8964.873479
20250730,0,8993.176157,9025.016671,8833.97359,8897.654617
20250731,0,8897.654617,8901.192452,8657.081848,8685.384527
20250801,0,8695.998031,8727.838545,8547.408968,8614.62783
20250804,0,8653.544013,8653.544013,8519.106289,8604.014325
20250805,0,8653.544013,8734.914214,8635.854839,8703.073701
20250806,0,8717.22504,8759.679058,8650.006178,8717.22504
20250807,0,8717.22504,8795.057407,8639.392674,8738.452049
20250808,0,8738.452049,8791.30559,8689.122078,8784.258451
20250811,0,8791.30559,8921.677657,8784.258451,8893.489102
20250812,0,8900.53624,8960.43692,8847.6827,8925.201226
20250813,0,8925.201226,9041.479015,8872.347685,8886.441963
20250814,0,8858.253408,8971.007628,8794.829159,8801.876298
20250815,0,8801.876298,9002.719752,8759.593465,8956.91335
20250818,0,8956.91335,9002.719752,8868.824116,8914.630518
20250819,0,8893.489102,9013.29046,8893.489102,8942.819073
20250820,0,8963.960489,8963.960489,8703.216355,8826.541284
20250821,0,8868.824116,8946.342642,8851.206269,8879.394824
20250822,0,8893.489102,8914.630518,8745.499188,8815.970575
20250825,0,8858.253408,9052.049724,8837.111992,9009.766891
20250826,0,8974.531197,9147.186097,8974.531197,9013.29046
20250827,0,8985.101905,9097.856125,8833.588422,8889.965532
20250828,0,8914.630518,9052.049724,8900.53624,9006.243322
20250829,0,8999.196183,8999.196183,8889.965532,8946.342642
20250901,0,8967.484059,9023.861169,8851.206269,8935.771934
20250902,0,8971.007628,9080.238279,8925.201226,8956.91335
