date,time,open,high,low,close
20201012,0,5798,5832,5750,5832
20201013,0,5932,6042,5900,6042
20201014,0,6054,6138,5992,6104
20201015,0,6126,6270,6112,6266
20201016,0,6224,6454,6224,6454
20201019,0,6462,6596,6432,6596
20201020,0,6602,6618,6482,6564
20201021,0,6536,6586,6488,6500
20201022,0,6530,6546,6274,6274
20201023,0,6252,6314,6214,6238
20201026,0,6236,6326,6228,6254
20201027,0,6218,6286,6136,6144
20201028,0,6150,6206,6126,6178
20201029,0,6130,6176,6052,6058
20201030,0,6008,6102,5990,6016
20201102,0,6010,6172,6008,6094
20201103,0,6118,6162,6074,6076
20201104,0,6110,6114,6026,6066
20201105,0,6080,6100,5966,5982
20201106,0,5990,6004,5854,5888
20201109,0,5880,5926,5858,5902
20201110,0,6038,6124,5944,6006
20201111,0,6022,6112,6002,6066
20201112,0,6080,6136,6038,6048
20201113,0,6040,6070,5934,5956
20201116,0,5904,5990,5894,5964
20201117,0,5990,6032,5940,5968
20201118,0,5960,6024,5922,6000
20201119,0,6030,6032,5974,5994
20201120,0,6000,6050,5972,6006
20201123,0,6002,6080,5990,6040
20201124,0,6048,6108,6026,6100
20201125,0,6094,6144,6066,6100
20201126,0,6100,6130,6046,6064
20201127,0,6054,6100,6040,6096
20201130,0,6104,6130,6006,6016
20201201,0,6030,6062,6012,6030
20201202,0,6036,6052,5942,5946
20201203,0,5944,6014,5908,5988
20201204,0,5990,6098,5964,6092
20201207,0,6106,6250,6072,6248
20201208,0,6244,6286,6168,6182
20201209,0,6200,6264,6150,6192
20201210,0,6198,6240,6160,6166
20201211,0,6184,6270,6160,6228
20201214,0,6222,6362,6222,6344
20201215,0,6362,6362,6200,6278
20201216,0,6290,6312,6246,6270
20201217,0,6282,6338,6268,6338
20201218,0,6338,6392,6284,6318
20201221,0,6320,6336,6208,6266
20201222,0,6266,6304,6162,6216
20201223,0,6238,6262,6130,6226
20201224,0,6260,6290,6216,6290
20201225,0,6284,6340,6262,6304
20201228,0,6322,6328,6232,6256
20201229,0,6282,6286,6162,6184
20201230,0,6186,6282,6180,6282
20201231,0,6286,6450,6252,6422
20210104,0,6400,6560,6400,6538
20210105,0,6522,6696,6514,6594
20210106,0,6610,6746,6580,6714
20210107,0,6702,6866,6666,6848
20210108,0,6844,6910,6724,6804
20210111,0,6814,6818,6548,6572
20210112,0,6576,6662,6512,6646
20210113,0,6660,6772,6626,6726
20210114,0,6712,6738,6592,6596
20210115,0,6582,6682,6546,6576
20210118,0,6576,6652,6534,6626
20210119,0,6626,6784,6602,6644
20210120,0,6656,6712,6608,6658
20210121,0,6662,6728,6610,6614
20210122,0,6614,6656,6476,6494
20210125,0,6456,6538,6456,6512
20210126,0,6512,6580,6440,6454
20210127,0,6468,6548,6440,6538
20210128,0,6508,6546,6424,6458
20210129,0,6470,6624,6466,6618
20210201,0,6632,6766,6602,6724
20210202,0,6750,6808,6710,6748
20210203,0,6782,6832,6668,6706
20210204,0,6724,6798,6690,6792
20210205,0,6786,6820,6738,6776
20210208,0,6794,7036,6790,7004
20210209,0,7008,7118,6982,7098
20210210,0,7096,7144,7040,7144
20210218,0,7350,7734,7350,7734
20210219,0,7702,7762,7490,7594
20210222,0,7594,8078,7530,8024
20210223,0,7998,8236,7908,7968
20210224,0,7970,8142,7910,8040
20210225,0,8158,8526,8070,8506
20210226,0,8508,8578,8260,8362
20210301,0,8304,8400,7928,8046
20210302,0,8016,8062,7712,7824
20210303,0,7880,7998,7726,7788
20210304,0,7836,7840,7580,7720
20210305,0,7700,7874,7616,7780
20210308,0,7832,8090,7808,7920
20210309,0,7900,7900,7600,7600
20210310,0,7640,7684,7306,7370
20210311,0,7418,7596,7354,7578
20210312,0,7578,7692,7502,7548
20210315,0,7540,7618,7384,7436
20210316,0,7394,7468,7136,7162
20210317,0,7154,7278,7114,7228
20210318,0,7172,7286,7124,7264
20210319,0,7256,7352,6954,7014
20210322,0,7018,7248,6994,7206
20210323,0,7220,7284,7136,7208
20210324,0,7108,7230,7060,7158
20210325,0,7200,7222,7014,7018
20210326,0,6982,7014,6810,6974
20210329,0,6960,7042,6828,6838
20210330,0,6880,6938,6846,6880
20210331,0,6830,6972,6824,6870
20210401,0,6802,6866,6722,6824
20210402,0,6810,7028,6810,7018
20210406,0,6976,7076,6954,7042
20210407,0,7044,7152,6938,7010
20210408,0,7000,7046,6890,6918
20210409,0,6930,6980,6830,6834
20210412,0,6836,6862,6652,6700
20210413,0,6722,6746,6624,6676
20210414,0,6652,6794,6618,6774
20210415,0,6778,6922,6778,6908
20210416,0,6892.601839,7004.238507,6861.805517,6961.893564
20210419,0,6969.592644,7000.388966,6856.031206,6902.22569
20210420,0,6908,7015.787127,6908,6950.344943
20210421,0,6929.172471,6946.495403,6684.726665,6728.996378
20210422,0,6684.726665,6804.062413,6657.779883,6742.469769
20210423,0,6754.01839,6861.805517,6698.200056,6859.880747
20210426,0,6859.880747,6909.92477,6698.200056,6700.124826
20210427,0,6684.726665,6800.212873,6607.73586,6752.093619
20210428,0,6752.093619,6803.40421,6717.886559,6793.902249
20210429,0,6795.802641,6923.128921,6790.101464,6923.128921
20210430,0,6938.332059,7008.646571,6811.005779,6852.814408
20210506,0,6947.83402,7063.757946,6877.519507,7014.347748
20210507,0,7023.849709,7107.466968,6972.539119,7035.252063
20210510,0,7023.849709,7122.670106,6959.236373,7027.650494
20210511,0,7033.351671,7044.754024,6887.021468,6890.822253
20210512,0,6898.423822,7050.455201,6860.415977,7046.654416
20210513,0,7031.451278,7103.666183,6748.292835,6795.802641
20210514,0,6792.001856,6826.208917,6537.349297,6563.954788
20210517,0,6620.966555,6708.384598,6584.859103,6628.568124
20210518,0,6628.568124,6729.288913,6588.659887,6698.882637
20210519,0,6704.583813,6721.687344,6560.154003,6615.265378
20210520,0,6607.663809,6607.663809,6394.819879,6565.85518
20210521,0,6539.249689,6657.074008,6505.042629,6562.054396
20210524,0,6605.763417,6639.970477,6493.640275,6605.763417
20210525,0,6607.663809,6691.281068,6558.253611,6641.87087
20210526,0,6630.468516,6677.978322,6516.444982,6581.058318
20210527,0,6556.353219,6582.95871,6434.728116,6444.230077
20210528,0,6421.42537,6596.261456,6406.222232,6525.946943
20210531,0,6525.946943,6636.169693,6486.038706,6624.767339
20210601,0,6641.87087,6757.794796,6624.767339,6746.392443
20210602,0,6788.201072,6814.806563,6626.667732,6668.476361
20210603,0,6676.07793,6792.001856,6658.9744,6748.292835
20210604,0,6727.38852,6731.189305,6548.75165,6639.970477
20210607,0,6708.384598,6723.587736,6571.556357,6577.257534
20210608,0,6600.06224,6628.568124,6516.444982,6544.950866
20210609,0,6544.950866,6609.564202,6510.743805,6590.560279
20210610,0,6588.659887,6632.368908,6518.345374,6535.448904
20210611,0,6558.253611,6649.472439,6501.241844,6632.368908
20210615,0,6677.978322,6689.380676,6544.950866,6626.667732
20210616,0,6628.568124,6752.093619,6609.564202,6723.587736
20210617,0,6715.986167,6757.794796,6643.771262,6704.583813
20210618,0,6700.783029,6704.583813,6546.851258,6546.851258
20210621,0,6546.851258,6624.767339,6541.150081,6544.950866
20210622,0,6527.847335,6696.982245,6506.943021,6696.982245
20210623,0,6696.982245,6746.392443,6643.771262,6744.49205
20210624,0,6763.495973,6885.121076,6753.994012,6881.320292
20210625,0,6852.814408,7031.451278,6833.810486,6957.335981
20210628,0,6951.634804,6993.443434,6871.81833,6961.136766
20210629,0,6964.93755,6964.93755,6797.703033,6831.910093
20210630,0,6869.917938,6894.623037,6816.706955,6835.710878
20210701,0,6847.113231,6898.423822,6780.599503,6839.511662
20210702,0,6904.124998,6955.435589,6845.212839,6877.519507
20210705,0,6898.423822,7090.363438,6879.419899,7073.259908
20210706,0,7090.363438,7217.689718,7061.857554,7145.474813
20210707,0,7124.570498,7126.47089,6812.906171,6894.623037
20210708,0,6898.423822,6913.62696,6771.097542,6809.105387
20210709,0,6811.005779,6890.822253,6807.204994,6850.914016
20210712,0,6877.519507,6951.634804,6828.109309,6839.511662
20210713,0,6831.910093,6964.93755,6807.204994,6957.335981
20210714,0,6934.531274,6961.136766,6862.316369,6947.83402
20210715,0,6966.837942,6980.140688,6776.798718,6831.910093
20210716,0,6831.910093,6888.92186,6795.802641,6866.117154
20210719,0,6892.722645,6926.929705,6812.906171,6915.527352
20210720,0,6850.914016,6858.515585,6679.878714,6744.49205
20210721,0,6712.185382,6934.531274,6712.185382,6913.62696
20210722,0,6940.232451,7052.355593,6919.328136,7020.048925
20210723,0,7018.148533,7039.052847,6945.933628,6995.343826
20210726,0,6999.14461,7035.252063,6894.623037,6917.427744
20210727,0,6944.033235,7027.650494,6900.324214,6913.62696
20210728,0,6913.62696,6932.630882,6852.814408,6871.81833
20210729,0,6877.519507,6944.033235,6856.615192,6936.431666
20210730,0,6980.140688,7141.674028,6945.933628,7052.355593
20210802,0,7084.662261,7143.57442,7004.845787,7078.961084
20210803,0,7078.961084,7126.47089,6999.14461,7014.347748
20210804,0,6974.439511,7016.24814,6890.822253,6983.941472
20210805,0,6945.933628,6964.93755,6782.499895,6788.201072
20210806,0,6816.706955,6887.021468,6780.599503,6871.81833
20210809,0,6871.81833,6904.124998,6752.093619,6809.105387
20210810,0,6784.400287,6856.615192,6772.997934,6847.113231
20210811,0,6847.113231,6877.519507,6799.603425,6826.208917
20210812,0,6803.40421,6862.316369,6755.894404,6759.695188
20210813,0,6744.49205,6792.001856,6681.779107,6687.480283
20210816,0,6687.480283,6733.089697,6581.058318,6605.763417
20210817,0,6603.863025,6649.472439,6503.142236,6510.743805
20210818,0,6539.249689,6590.560279,6444.230077,6531.64812
20210819,0,6533.548512,6613.364986,6417.624586,6522.146159
20210820,0,6505.531577,6523.992223,6444.611446,6492.609125
20210823,0,6433.535059,6523.992223,6422.458671,6472.302415
20210824,0,6509.223707,6555.375321,6461.226028,6501.839448
20210825,0,6514.7619,6560.913515,6472.302415,6498.147319
20210826,0,6514.7619,6523.992223,6363.384605,6372.614928
20210827,0,6372.614928,6439.073253,6289.542022,6437.227188
20210830,0,6451.995705,6505.531577,6378.153121,6409.536219
20210831,0,6422.458671,6440.919317,6359.692476,6396.613767
20210901,0,6383.691315,6426.150801,6328.309378,6394.767703
20210902,0,6372.614928,6420.612607,6326.463313,6394.767703
20210903,0,6415.074413,6535.068611,6407.690155,6520.300094
20210906,0,6525.838288,6533.222546,6444.611446,6485.224867
20210907,0,6494.45519,6533.222546,6450.14964,6481.532738
20210908,0,6444.611446,6446.457511,6215.699439,6243.390407
20210909,0,6263.697118,6313.540861,6221.237632,6254.466795
20210910,0,6232.31402,6309.848732,6200.930922,6293.234151
20210913,0,6320.92512,6415.074413,6302.464474,6405.84409
20210914,0,6409.536219,6485.224867,6387.383444,6457.533898
20210915,0,6457.533898,6531.376482,6429.84293,6514.7619
20210916,0,6553.529257,6605.219065,6505.531577,6522.146159
20210917,0,6514.7619,6562.759579,6455.687834,6490.763061
20210922,0,6455.687834,6461.226028,6311.694797,6381.845251
20210923,0,6383.691315,6514.7619,6376.307057,6514.7619
20210924,0,6523.992223,6712.29081,6514.7619,6662.447067
20210927,0,6662.447067,6832.285008,6616.295452,6717.829004
20210928,0,6721.521133,6911.665785,6699.368358,6895.051204
20210929,0,6856.283848,6871.052364,6679.061648,6730.751456
20210930,0,6749.212102,6935.664624,6717.829004,6878.436622
20211008,0,7273.494442,7310.415734,7068.581274,7243.957409
20211011,0,7232.881022,7637.169165,7232.881022,7602.093938
20211012,0,7627.938842,7794.084654,7458.1009,7600.247873
20211013,0,7615.01639,7699.93536,7199.651859,7386.104382
20211014,0,7376.874059,7565.172646,7288.262959,7485.791869
20211015,0,7504.252515,7871.619366,7458.1009,7807.007106
20211018,0,7795.930718,7842.082333,7559.634452,7720.242071
20211019,0,7729.472394,7849.466591,7624.246713,7685.166844
20211020,0,7646.399487,7672.244392,7297.493282,7315.953928
20211021,0,7308.569669,7528.251354,7301.185411,7312.261799
20211022,0,7269.802313,7354.721284,7081.503726,7229.188893
20211025,0,7282.724765,7332.568509,7098.118307,7227.342828
20211026,0,7271.648378,7310.415734,7050.120628,7159.038439
20211027,0,7168.268761,7183.037278,6869.2063,6944.894947
20211028,0,6922.742172,6924.588237,6608.911194,6775.057006
20211029,0,6741.827844,6837.823202,6693.830165,6715.982939
20211101,0,6693.830165,6808.286168,6684.599842,6771.364877
20211102,0,6806.440104,6937.510689,6645.832485,6819.362556
20211103,0,6784.287329,6858.129912,6599.680871,6649.524615
20211104,0,6625.525775,6631.063969,6514.7619,6586.758419
20211105,0,6666.139196,6704.906552,6472.302415,6531.376482
20211108,0,6535.068611,6697.522294,6498.147319,6632.910033
20211109,0,6632.910033,6647.67855,6571.989902,6619.987581
20211110,0,6562.759579,6666.139196,6490.763061,6666.139196
20211111,0,6642.140356,6682.753777,6488.916996,6507.377642
20211112,0,6477.840609,6507.377642,6370.768863,6376.307057
20211115,0,6350.462153,6415.074413,6330.155442,6367.076734
20211116,0,6361.53854,6446.457511,6302.464474,6413.228348
20211117,0,6407.690155,6437.227188,6359.692476,6398.459832
20211118,0,6415.074413,6442.765382,6248.928601,6258.158924
20211119,0,6258.158924,6348.616088,6239.698278,6320.92512
20211122,0,6208.31518,6311.694797,6164.00963,6306.156603
20211123,0,6304.310538,6333.847572,6250.774666,6296.92628
20211124,0,6304.310538,6453.841769,6304.310538,6451.995705
20211125,0,6464.918157,6621.833646,6464.918157,6568.297773
20211126,0,6586.758419,6618.141517,6372.614928,6379.999186
20211129,0,6322.771184,6344.923959,6116.011951,6141.856855
20211130,0,6141.856855,6200.930922,5999.709883,6008.940206
20211201,0,6012.632335,6151.087178,5979.403172,6106.781628
20211202,0,6130.780468,6151.087178,6018.170529,6088.320983
20211203,0,6071.706401,6132.626532,5959.096462,6119.70408
20211206,0,6147.395049,6236.006149,6127.088339,6145.548984
20211207,0,6182.470276,6265.543182,6149.241114,6167.701759
20211208,0,6213.853374,6236.006149,6117.858016,6160.317501
20211209,0,6167.701759,6317.23299,6167.701759,6265.543182
20211210,0,6202.776986,6282.157763,6152.933243,6154.779307
20211213,0,6169.468518,6297.999112,6147.434702,6294.32681
20211214,0,6261.276085,6301.671415,6189.666183,6235.569967
20211215,0,6239.242269,6259.439934,6158.45161,6185.99388
20211216,0,6187.830032,6312.688323,6174.976972,6292.490658
20211217,0,6292.490658,6347.575199,6264.948388,6321.86908
20211220,0,6321.86908,6375.117469,6145.598551,6149.270853
20211221,0,6136.417794,6228.225361,6024.412562,6197.010788
20211222,0,6197.010788,6312.688323,6187.830032,6257.603783
20211223,0,6257.603783,6329.213685,6222.716907,6305.343718
20211224,0,6318.196777,6446.727371,6309.01602,6413.676647
20211227,0,6413.676647,6426.529706,6296.162961,6342.066745
20211228,0,6342.066745,6483.450398,6310.852172,6477.941944
20211229,0,6499.97576,6520.173425,6433.874312,6472.43349
20211230,0,6470.597339,6514.664971,6430.202009,6510.992668
20211231,0,6490.795003,6533.026484,6448.563523,6490.795003
20220104,0,6483.450398,6591.783327,6455.908128,6525.681879
20220105,0,6533.026484,6683.590895,6529.354182,6604.636387
20220106,0,6604.636387,6654.212473,6529.354182,6608.30869
20220107,0,6668.901684,6823.138397,6643.195565,6786.41537
20220110,0,6771.726159,6771.726159,6672.573987,6720.313922
20220111,0,6709.297013,6723.986224,6650.54017,6678.082441
20220112,0,6707.460862,6749.692343,6606.472538,6720.313922
20220113,0,6727.658527,6828.646851,6723.986224,6742.347738
20220114,0,6755.200797,6911.273661,6733.166981,6885.567543
20220117,0,6885.567543,6902.092905,6780.906916,6841.49991
20220118,0,6839.663759,6933.307478,6751.528494,6916.782115
20220119,0,6909.43751,7008.589683,6863.533726,6933.307478
20220120,0,6933.307478,7003.081229,6869.04218,6900.256753
20220121,0,6900.256753,6924.126721,6703.788559,6742.347738
20220124,0,6747.856192,6916.782115,6747.856192,6880.059089
20220125,0,6869.04218,6872.714483,6712.969316,6771.726159
20220126,0,6766.217705,6946.160537,6751.528494,6938.815932
20220127,0,6959.013596,7054.493466,6925.962872,7017.770439
20220128,0,7041.640407,7126.103369,6968.194353,6982.883564
20220207,0,7250.96166,7350.113833,7236.272449,7295.029292
20220208,0,7282.176233,7362.966892,7265.650871,7302.373898
20220209,0,7162.826396,7223.41939,7102.233401,7115.086461
20220210,0,7115.086461,7138.956428,7036.131953,7096.724947
20220211,0,7135.284125,7197.713271,6977.37511,6981.047412
20220214,0,7063.674223,7208.730179,6982.883564,7137.120277
20220215,0,7069.182677,7135.284125,6959.013596,7076.527282
20220216,0,6940.652083,6966.358202,6802.940732,6832.319154
20220217,0,6856.189121,6876.386786,6580.766419,6720.313922
20220218,0,6735.003132,6801.104581,6668.901684,6753.364646
20220221,0,6701.952408,6793.759975,6694.607803,6729.494678
20220222,0,6740.511586,6907.601359,6727.658527,6832.319154
20220223,0,6828.646851,6837.827608,6716.641619,6766.217705
20220224,0,6780.906916,7087.54419,6760.709251,7058.165769
20220225,0,7115.086461,7228.927844,6914.945964,6988.392018
20220228,0,6988.392018,6988.392018,6769.890008,6863.533726
20220301,0,6828.646851,6975.538958,6810.285337,6968.194353
20220302,0,7085.708039,7280.340082,7004.91738,7223.41939
20220303,0,7247.289357,7566.779691,7192.204817,7504.350546
20220304,0,7465.791367,7489.661335,7212.402482,7265.650871
20220307,0,7307.882352,7798.134761,7269.323174,7642.061897
20220308,0,7579.632751,7579.632751,7313.390806,7495.169789
20220309,0,7473.135973,7851.38315,7425.396038,7785.281701
20220310,0,7583.305054,7629.208837,7206.894028,7298.701595
20220311,0,7377.656103,7478.644427,7175.679455,7269.323174
20220314,0,7267.487022,7271.159325,7082.035736,7085.708039
20220315,0,7056.329618,7083.871888,6850.680667,6852.516818
20220316,0,6830.483002,6938.815932,6757.036948,6911.273661
20220317,0,6911.273661,6975.538958,6793.759975,6858.025272
20220318,0,6968.194353,7138.956428,6920.454418,7107.741855
20220321,0,7041.640407,7216.074785,7017.770439,7107.741855
20220322,0,7126.103369,7245.453206,7093.052645,7166.498698
20220323,0,7124.267217,7157.317942,7004.91738,7116.922612
20220324,0,7216.074785,7282.176233,7133.447974,7135.284125
20220325,0,7160.990244,7306.046201,7078.363434,7291.35699
20220328,0,7206.894028,7328.080017,7089.380342,7138.956428
20220329,0,7100.39725,7129.775671,7037.968104,7061.838072
20220330,0,6955.341294,7100.39725,6885.567543,7072.85498
20220331,0,7098.561099,7170.171001,6959.013596,7085.708039
20220401,0,7069.182677,7127.93952,6949.83284,6955.341294
20220406,0,6986.555867,7197.713271,6927.799024,7172.007152
20220407,0,7203.221725,7234.436298,7026.951196,7124.267217
20220408,0,7127.93952,7166.498698,6984.719715,7052.657315
20220411,0,7063.674223,7071.018828,6909.43751,6946.160537
20220412,0,6896.439876,7172.665772,6878.024816,7156.092218
20220413,0,7148.726194,7227.910951,7106.371557,7106.371557
20220414,0,7154.250712,7240.801493,7111.896075,7192.922338
20220415,0,7174.507278,7266.582577,7113.737581,7185.556314
20220418,0,7200.288361,7364.182393,7183.714808,7305.254202
20220419,0,7305.254202,7430.476608,7297.888178,7366.023899
20220420,0,7288.680648,7415.744561,7286.839142,7371.548417
20220421,0,7371.548417,7432.318114,7325.510768,7358.657875
20220422,0,7351.291851,7410.220043,7229.752457,7248.167517
20220425,0,7248.167517,7310.77872,7012.454752,7029.028306
20220426,0,7043.760354,7198.446855,7008.77174,7150.5677
20220427,0,7189.239326,7189.239326,7058.492401,7099.005533
20220428,0,7065.892784,7179.947809,7040.138423,7165.231031
20220429,0,7176.268615,7376.784708,7146.83506,7374.94511
20220505,0,7459.566581,7538.66926,7374.94511,7472.443761
20220506,0,7481.641747,7649.045091,7466.92497,7555.225634
20220509,0,7568.102815,7586.498787,7435.651818,7514.754496
20220510,0,7485.320941,7560.744426,7319.757195,7402.539068
20220511,0,7409.897457,7485.320941,7294.002834,7435.651818
20220512,0,7466.92497,7788.854477,7402.539068,7610.41355
20220513,0,7634.328313,7770.458505,7603.055161,7729.987367
20220516,0,7781.496088,7799.89206,7645.365896,7722.628978
20220517,0,7744.704144,7851.400781,7695.03502,7752.062533
20220518,0,7753.90213,7759.420922,7612.253147,7617.771939
20220519,0,7617.771939,7687.676632,7544.188051,7638.007508
20220520,0,7588.338384,7728.14777,7546.027649,7663.761868
20220523,0,7667.441063,7680.318243,7514.754496,7577.300801
20220524,0,7577.300801,7632.488716,7487.160539,7512.914899
20220525,0,7551.54644,7687.676632,7551.54644,7628.809522
20220526,0,7628.809522,7660.082674,7529.471274,7582.819592
20220527,0,7582.819592,7707.912201,7518.433691,7533.150468
20220530,0,7522.142455,7641.395933,7501.961097,7617.545237
20220531,0,7656.073284,7769.822755,7602.867886,7751.476066
20220601,0,7766.153417,7790.004113,7558.835833,7599.198548
20220602,0,7615.710568,7630.38792,7489.118415,7577.182522
20220606,0,7797.342789,7995.487029,7778.9961,7931.273618
20220607,0,7931.273618,8114.740507,7923.934942,8074.377791
20220608,0,8074.377791,8312.884747,8050.527096,8246.836667
20220609,0,8274.3567,8371.594152,8193.631269,8246.836667
20220610,0,8219.316634,8410.122198,8191.7966,8289.034052
20220613,0,8222.985971,8265.183356,8037.684413,8087.220473
20220614,0,8061.535109,8138.591202,7982.644347,8092.72448
20220615,0,8127.583189,8169.780574,8002.825704,8030.345738
20220616,0,7997.321698,8046.857758,7912.926929,7958.793651
20220617,0,7925.769611,7951.454976,7824.862822,7892.745571
20220620,0,7923.934942,7978.975009,7712.94802,7734.964046
20220621,0,7745.97206,7841.374842,7668.915966,7698.270668
20220622,0,7714.782689,7742.302722,7525.811793,7553.331826
20220623,0,7522.142455,7569.843846,7434.078348,7529.48113
20220624,0,7538.654475,7580.851859,7201.075399,7217.587419
20220627,0,7252.446128,7402.888977,7149.70467,7346.014241
20220628,0,7346.014241,7501.961097,7294.643512,7485.449077
20220629,0,7485.449077,7505.630435,7241.438115,7268.958148
20220630,0,7338.675566,7377.203612,7213.918081,7318.494208
20220701,0,7318.494208,7358.856924,7125.853974,7142.365994
20220704,0,7191.902054,7281.80083,7072.648577,7259.784803
20220705,0,7298.31285,7311.155532,7157.043346,7164.382021
20220706,0,7125.575722,7155.142426,6835.452436,6974.046363
20220707,0,7003.613067,7003.613067,6780.014866,6889.042088
20220708,0,6940.78382,7029.483933,6881.650412,6898.281683
20220711,0,6927.848387,6968.502606,6816.973246,6865.019141
20220712,0,6835.452436,6850.235789,6672.835563,6682.075158
20220713,0,6615.550074,6656.204292,6329.122626,6417.822739
20220714,0,6347.601816,6404.887306,6258.901704,6310.643436
20220715,0,6275.532975,6286.620489,6144.330725,6153.57032
20220718,0,6194.224538,6608.158398,6194.224538,6589.679207
20220719,0,6591.527126,6674.683482,6390.103954,6447.389443
20220720,0,6395.647711,6610.006317,6340.21014,6497.283257
20220721,0,6488.043662,6576.743774,6436.301929,6441.845686
20220722,0,6364.233088,6552.720827,6312.491355,6534.241637
20220725,0,6500.979095,6646.964697,6443.693605,6452.9332
20220726,0,6502.827014,6765.231514,6502.827014,6720.881457
20220727,0,6674.683482,6765.231514,6549.024989,6637.725102
20220728,0,6678.37932,6857.627465,6606.310479,6802.189894
20220729,0,6800.341975,6829.908679,6689.466834,6735.66481
20220801,0,6772.62319,6872.410817,6637.725102,6706.098105
20220802,0,6676.531401,6743.056486,6587.831288,6741.208567
20220803,0,6731.968972,6820.669084,6669.139725,6772.62319
20220804,0,6846.539951,6900.129602,6536.089556,6561.960422
20220805,0,6550.872908,6565.65626,6390.103954,6406.735225
20220808,0,6373.472683,6685.770996,6332.818464,6661.748049
20220809,0,6652.508454,6739.360648,6606.310479,6678.37932
20220810,0,6728.273134,6772.62319,6537.937475,6585.983369
20220811,0,6619.245912,6731.968972,6525.002042,6672.835563
20220812,0,6696.85851,6837.300355,6696.85851,6829.908679
20220815,0,6807.733651,6916.760873,6750.448162,6829.908679
20220816,0,6741.208567,6748.600243,6606.310479,6650.660535
20220817,0,6672.835563,6706.098105,6530.545799,6537.937475
20220818,0,6537.937475,6637.725102,6506.522852,6558.264584
20220819,0,6578.591693,6630.333426,6386.408116,6421.518577
20220822,0,6408.583144,6584.13545,6384.560197,6526.849961
20220823,0,6536.089556,6726.425215,6473.260309,6717.185619
20220824,0,6728.273134,6877.954574,6728.273134,6865.019141
20220825,0,6837.300355,6966.654686,6772.62319,6879.802493
20220826,0,6870.562898,6931.544225,6833.604517,6898.281683
20220829,0,6855.779546,6953.719253,6746.752324,6829.908679
20220830,0,6846.539951,6922.30463,6828.06076,6848.38787
20220831,0,6802.189894,6944.479658,6792.950299,6900.129602
20220901,0,6841.461468,7038.283596,6822.536263,6943.657573
20220902,0,6924.732368,6951.227654,6686.27479,6699.522433
20220905,0,6737.372842,7206.717917,6737.372842,7163.189946
20220906,0,7165.082467,7193.470273,6898.237081,7032.606034
20220907,0,7002.325707,7093.166689,6826.321304,6845.246509
20220908,0,6845.246509,6924.732368,6754.405526,6864.171713
20220909,0,6864.171713,7070.456443,6839.568947,7064.778882
20220913,0,7182.115151,7216.180519,6953.120175,7138.58718
20220914,0,7131.017098,7155.619864,7064.778882,7113.984414
20220915,0,7127.232057,7252.138408,7102.629291,7119.661975
20220916,0,7068.563923,7125.339537,6987.185543,7104.521812
20220919,0,7078.026525,7170.760028,6869.849275,6875.526836
20220920,0,6879.311877,7008.003268,6818.751222,6953.120175
20220921,0,6983.400502,7131.017098,6939.872532,7085.596607
20220922,0,7066.671403,7108.306853,6960.690257,7051.531239
20220923,0,7083.704087,7134.802139,6936.087491,6949.335134
20220926,0,6892.55952,6930.409929,6695.737392,6727.91024
20220927,0,6763.868129,6820.643743,6674.919667,6760.083088
20220928,0,6761.975608,6788.470895,6648.424381,6663.564544
20220929,0,6714.662597,6858.494152,6705.199994,6799.826017
20220930,0,6831.998865,6850.92407,6695.737392,6767.65317
20221010,0,7047.627409,7119.069112,7020.595414,7093.967973
20221011,0,7105.553114,7120.999969,6914.398288,6931.776
20221012,0,6912.467431,6945.291998,6837.164015,6900.882291
20221013,0,6893.158863,6893.158863,6761.860599,6775.376597
20221014,0,6723.243463,6891.228006,6700.073181,6864.196011
20221017,0,6825.578874,6868.057725,6719.381749,6773.44574
20221018,0,6806.270306,6937.56857,6754.137172,6904.744004
20221019,0,6873.850295,6898.951434,6698.142324,6750.275458
20221020,0,6769.584026,6900.882291,6721.312606,6854.541727
20221021,0,6860.334297,7016.7337,6850.680013,6889.29715
20221024,0,6895.08972,6968.462279,6761.860599,6817.855447
20221025,0,6796.616022,6850.680013,6727.105176,6765.722313
20221026,0,6769.584026,6841.025729,6736.75946,6752.206315
20221027,0,6786.961738,6802.408592,6680.764613,6684.626326
20221028,0,6715.520035,6734.828604,6478.024646,6564.913203
20221031,0,6572.63663,6584.221771,6423.960655,6505.056642
20221101,0,6491.540644,6709.727465,6450.99265,6678.833756
20221102,0,6690.418897,6707.796608,6574.567487,6663.386901
20221103,0,6622.953728,6701.798415,6608.802118,6687.646805
20221104,0,6665.40856,6956.527405,6606.780459,6895.877646
20221107,0,6938.332477,6968.657357,6841.292862,6859.48779
20221108,0,6859.48779,6938.332477,6819.054617,6873.6394
20221109,0,6883.747694,6974.722333,6845.336179,6924.180867
20221110,0,6912.050915,6956.527405,6867.574425,6883.747694
20221111,0,6895.877646,7154.649952,6873.6394,7118.260097
20221114,0,7130.390049,7215.299712,7045.480385,7061.653655
20221115,0,7057.610337,7075.805265,6986.852285,7063.675313
20221116,0,7061.653655,7118.260097,7041.437068,7098.04351
20221117,0,7104.108486,7158.69327,6926.202525,6970.679016
20221118,0,6956.527405,7124.325073,6938.332477,7081.870241
20221121,0,7045.480385,7061.653655,6800.859689,6849.379497
20221122,0,6849.379497,6873.6394,6715.950026,6776.599785
20221123,0,6784.68642,6812.989641,6687.646805,6726.058319
20221124,0,6685.625146,6774.578127,6669.451877,6744.253247
20221125,0,6740.20993,6750.318223,6624.975387,6681.581829
20221128,0,6703.820074,6728.079978,6509.740844,6566.347286
20221129,0,6566.347286,6734.144954,6542.087382,6663.386901
20221130,0,6671.473536,6695.733439,6590.60719,6641.148656
20221201,0,6671.473536,6740.20993,6659.343584,6719.993343
20221202,0,6752.339882,6770.534809,6629.018704,6750.318223
20221205,0,6756.383199,6792.773055,6649.235291,6673.495194
20221206,0,6679.56017,6730.101636,6546.1307,6608.802118
20221207,0,6592.628848,6639.126997,6521.870796,6536.022406
20221208,0,6552.195676,6635.08368,6527.935772,6610.823776
20221209,0,6641.148656,6784.68642,6584.542214,6756.383199
20221212,0,6800.859689,6970.679016,6768.513151,6881.726035
20221213,0,6853.422814,7041.437068,6853.422814,7023.24214
20221214,0,6990.895602,7033.350434,6952.484088,7019.198823
20221215,0,7061.653655,7152.628294,7029.307116,7128.36839
20221216,0,7138.476683,7338.620889,7136.455025,7255.732885
20221219,0,7213.278053,7253.711226,7069.740289,7128.36839
20221220,0,7128.36839,7279.992789,7124.325073,7213.278053
20221221,0,7191.039808,7263.819519,7136.455025,7243.602933
20221222,0,7282.014447,7352.7725,7227.429664,7259.776202
20221223,0,7296.166058,7296.166058,7110.173462,7142.520001
20221226,0,7178.909856,7282.014447,7150.606635,7189.018149
20221227,0,7189.018149,7372.989086,7166.779904,7312.339327
20221228,0,7300.209375,7310.317668,7197.104784,7273.927813
20221229,0,7298.187716,7324.469279,7231.472981,7265.841178
20221230,0,7239.559616,7362.880793,7211.256395,7310.317668
20230103,0,7362.880793,7370.967428,7104.108486,7304.252692
20230104,0,7274.06983,7310.289265,7151.32619,7185.533434
20230105,0,7113.094564,7123.155518,6992.363115,7016.509404
20230106,0,7026.570359,7054.74103,6966.204634,7034.619122
20230109,0,6972.241206,7034.619122,6948.094916,6950.107107
20230110,0,6978.277779,7020.533786,6913.887672,6986.326542
20230111,0,6986.326542,7024.558168,6948.094916,7008.460641
20230112,0,7022.545977,7217.728487,6998.399687,7193.582197
20230113,0,7207.667533,7330.411173,7183.521243,7322.36241
20230116,0,7324.374601,7350.533081,7247.911349,7298.21612
20230117,0,7312.301456,7418.947569,7282.118593,7356.569654
20230118,0,7390.776898,7612.117888,7378.703753,7553.764355
20230119,0,7585.959408,7622.178843,7491.386439,7555.776545
20230120,0,7585.959408,7748.946864,7549.739973,7742.910292
20230130,0,7692.605521,7726.812765,7535.654637,7604.069125
20230131,0,7630.227606,7642.300751,7457.179195,7515.532729
20230201,0,7535.600907,7609.853166,7465.362283,7541.62136
20230202,0,7567.709992,7567.709992,7316.857765,7352.980486
20230203,0,7336.925943,7409.171384,7316.857765,7379.069117
20230206,0,7363.014575,7437.266834,7260.666866,7330.90549
20230207,0,7330.90549,7455.328194,7318.864583,7375.055482
20230208,0,7354.987303,7417.198656,7306.823676,7312.844129
20230209,0,7334.919125,7381.075935,7282.741862,7292.775951
20230210,0,7292.775951,7294.782769,7037.910088,7104.135076
20230213,0,7146.27825,7146.27825,7066.005538,7076.039627
20230214,0,7094.100987,7112.162347,7031.889635,7072.025991
20230215,0,7072.025991,7136.244161,7037.910088,7084.066898
20230216,0,7084.066898,7164.339611,7053.964631,7160.325975
20230217,0,7144.271432,7174.3737,7068.012355,7092.094169
20230220,0,7035.90327,7120.189619,6987.739643,7098.114623
20230221,0,7118.182801,7250.632777,7104.135076,7236.585052
20230222,0,7244.612323,7318.864583,7216.516874,7244.612323
20230223,0,7246.619141,7296.789587,7206.482785,7236.585052
20230224,0,7256.65323,7334.919125,7240.598688,7302.81004
20230227,0,7292.775951,7324.885036,7158.319157,7176.380518
20230228,0,7204.475967,7256.65323,7146.27825,7236.585052
20230301,0,7256.65323,7371.041846,7240.598688,7338.932761
20230302,0,7318.864583,7352.980486,7282.741862,7332.912307
20230303,0,7336.876044,7384.44088,7309.129889,7350.749121
20230306,0,7350.749121,7370.567803,7267.510657,7350.749121
20230307,0,7350.749121,7432.005717,7334.894176,7380.477144
20230308,0,7354.712858,7408.223299,7305.166153,7346.785385
20230309,0,7328.948571,7362.64033,7249.673843,7287.329339
20230310,0,7289.311207,7352.730989,7210.03648,7214.000216
20230313,0,7227.873293,7289.311207,7202.109007,7245.710107
20230314,0,7142.652961,7227.873293,7047.523288,7053.468892
20230315,0,7055.450761,7093.106256,7027.704606,7057.432629
20230316,0,7015.813397,7029.686474,6877.082623,6916.719987
20230317,0,6942.484274,7035.632079,6855.282073,7009.867792
20230320,0,6968.24856,7190.217798,6966.266692,7110.94307
20230321,0,7142.652961,7154.54417,7091.124388,7106.979334
20230322,0,7150.580434,7170.399116,7077.251311,7130.761752
20230323,0,7138.689225,7227.873293,7128.779884,7200.127139
20230324,0,7200.127139,7332.912307,7200.127139,7324.984835
20230327,0,7283.365603,7406.24143,7259.583184,7400.295826
20230328,0,7402.277694,7509.298576,7364.622198,7453.806267
20230329,0,7453.806267,7507.316708,7430.023849,7491.461763
20230330,0,7525.153522,7560.827149,7475.606817,7515.244181
20230331,0,7525.153522,7556.863413,7465.697476,7477.588685
20230403,0,7505.33484,7842.252433,7465.697476,7529.117258
20230404,0,7517.226049,7636.138141,7499.389235,7624.246932
20230406,0,7628.210668,7630.192536,7439.93319,7457.770003
20230407,0,7471.643081,7483.53429,7336.876044,7350.749121
20230410,0,7390.386485,7406.24143,7279.401866,7297.23868
20230411,0,7297.23868,7477.588685,7277.419998,7471.643081
20230412,0,7461.73374,7509.298576,7340.83978,7402.277694
20230413,0,7439.93319,7499.389235,7382.459012,7418.13264
20230414,0,7418.13264,7586.591436,7416.150771,7548.93594
20230417,0,7529.117258,7681.721109,7529.117258,7669.8299
20230418,0,7650.011218,7673.793636,7562.809018,7620.283195
20230419,0,7602.446381,7616.319459,7465.697476,7471.643081
20230420,0,7451.824399,7491.461763,7360.658462,7414.168903
20230421,0,7414.168903,7443.896926,7354.712858,7360.658462
20230424,0,7372.549671,7384.44088,7289.311207,7311.111757
20230425,0,7338.857912,7477.588685,7315.075494,7340.83978
20230426,0,7299.220548,7352.730989,7243.728239,7311.111757
20230427,0,7293.148338,7376.977629,7257.221499,7267.201176
20230428,0,7245.245886,7267.201176,7205.327175,7255.225563
20230504,0,7085.571045,7153.432852,7013.717367,7043.6564
20230505,0,7053.636077,7125.489755,7001.741754,7105.5304
20230508,0,7129.481626,7239.258079,7125.489755,7217.302789
20230509,0,7229.278402,7255.225563,7059.623884,7077.587303
20230510,0,7091.558852,7149.440981,7027.688915,7053.636077
20230511,0,7061.619819,7157.424723,7013.717367,7091.558852
20230512,0,7069.603561,7149.440981,6967.81085,7003.737689
20230515,0,7015.713302,7045.652335,6864.022204,6909.928721
20230516,0,6945.85556,6993.758012,6895.957172,6905.93685
20230517,0,6897.953108,6975.794592,6844.062849,6939.867753
20230518,0,7007.72956,7041.660464,6951.843366,7037.668593
20230519,0,6999.745818,7183.371885,6991.762076,7157.424723
20230522,0,7189.359691,7233.270273,6965.814915,6975.794592
20230523,0,6989.766141,7143.453175,6959.827108,7069.603561
20230524,0,7121.497884,7121.497884,7015.713302,7047.648271
20230525,0,7051.640142,7171.396272,6973.798657,7121.497884
20230526,0,7091.558852,7105.5304,6907.932785,7077.587303
20230529,0,7083.653807,7158.474015,7047.254786,7124.097163
20230530,0,7079.609471,7182.740029,7071.5208,7113.986324
20230531,0,7067.476464,7077.587303,6936.035557,6984.567584
20230601,0,6925.924718,7194.873036,6909.747376,7166.562686
20230602,0,7172.62919,7259.582405,7120.052827,7229.249888
20230605,0,7239.360727,7269.693244,7142.296673,7207.006042
20230606,0,7255.53807,7255.53807,7136.230169,7148.363176
20230607,0,7109.941988,7229.249888,7107.91982,7184.762197
20230608,0,7200.939539,7247.449398,7087.698142,7101.853317
20230609,0,7134.208002,7144.318841,7045.232618,7113.986324
20230612,0,7178.695693,7178.695693,6986.589752,7012.877934
20230613,0,7004.789262,7134.208002,6980.523249,7097.808981
20230614,0,7120.052827,7217.116881,7071.5208,7209.02821
20230615,0,7215.094714,7255.53807,7182.740029,7229.249888
20230616,0,7229.249888,7275.759748,7190.8287,7247.449398
20230619,0,7261.604573,7273.73758,7097.808981,7107.91982
20230620,0,7134.208002,7204.983875,7132.185834,7188.806532
20230621,0,7174.651358,7251.493734,7144.318841,7204.983875
20230626,0,7168.584854,7180.717861,7041.188283,7073.542968
20230627,0,7079.609471,7148.363176,7027.033108,7105.897652
20230628,0,7085.675974,7109.941988,7049.276954,7065.454296
20230629,0,7047.254786,7188.806532,7047.254786,7111.964156
20230630,0,7093.764646,7202.961707,7093.764646,7158.474015
20230703,0,7166.620216,7239.936024,7160.510565,7211.424321
20230704,0,7244.009124,7252.155325,7176.802967,7213.460871
20230705,0,7217.533971,7303.069081,7193.095369,7221.607072
20230706,0,7211.424321,7280.667028,7207.35122,7260.301526
20230707,0,7231.789823,7382.494539,7217.533971,7351.946286
20230710,0,7351.946286,7423.225543,7335.653884,7376.384888
20230711,0,7376.384888,7451.737247,7372.311788,7437.481395
20230712,0,7459.883447,7520.979954,7439.517945,7482.2855
20230713,0,7490.431701,7541.345456,7468.029648,7502.651002
20230714,0,7504.687552,7612.624714,7488.39515,7565.784059
20230717,0,7604.478513,7604.478513,7364.165587,7425.262094
20230718,0,7425.262094,7461.919998,7411.006242,7429.335194
20230719,0,7431.371744,7518.943404,7417.115893,7482.2855
20230720,0,7496.541351,7527.089605,7451.737247,7498.577902
20230721,0,7510.797203,7592.259212,7488.39515,7494.504801
20230724,0,7504.687552,7514.870303,7421.188993,7429.335194
20230725,0,7451.737247,7535.235805,7439.517945,7518.943404
20230726,0,7488.39515,7584.113011,7486.3586,7531.162705
20230727,0,7514.870303,7586.149561,7502.651002,7525.053054
20230728,0,7533.199255,7677.794321,7516.906853,7661.501919
20230731,0,7661.501919,7698.159823,7590.222661,7635.026766
20230801,0,7675.75777,7677.794321,7604.478513,7622.807465
20230802,0,7622.807465,7622.807465,7523.016504,7543.382006
20230803,0,7537.272356,7553.564757,7366.202137,7388.60419
20230804,0,7415.079343,7463.956548,7380.457989,7421.188993
20230807,0,7421.188993,7472.102749,7374.348338,7429.335194
20230808,0,7425.262094,7461.919998,7390.64074,7439.517945
20230809,0,7413.042792,7596.332312,7398.786941,7563.747508
20230810,0,7571.893709,7584.113011,7492.468251,7529.126155
20230811,0,7555.601308,7632.990216,7545.418557,7596.332312
20230814,0,7608.551613,7610.588163,7474.139299,7506.724102
20230815,0,7525.053054,7567.820609,7498.577902,7551.528207
20230816,0,7531.162705,7596.332312,7510.797203,7518.943404
20230817,0,7516.906853,7578.00336,7468.029648,7535.235805
20230818,0,7555.601308,7657.428819,7543.382006,7624.844015
20230821,0,7565.784059,7738.890827,7555.601308,7714.452225
20230822,0,7718.525325,7734.817727,7657.428819,7696.123273
20230823,0,7718.525325,7759.256329,7677.794321,7677.794321
20230824,0,7641.136417,7710.379124,7620.770915,7661.501919
20230825,0,7639.099867,7753.146679,7635.026766,7740.927377
20230828,0,7763.32943,7769.43908,7639.099867,7683.903971
20230829,0,7685.940522,7726.671526,7622.807465,7626.880565
20230830,0,7645.209517,7793.877683,7618.734364,7789.804583
20230831,0,7808.133535,7808.133535,7740.927377,7769.43908
20230901,0,7799.987334,7832.572137,7755.183229,7804.060434
20230904,0,7820.352836,7865.156941,7687.977072,7708.342574
20230905,0,7708.342574,7742.963928,7690.013622,7694.086722
20230906,0,7692.050172,7857.01074,7665.575019,7791.841133
20230907,0,7806.096984,7846.827989,7696.123273,7722.598425
20230908,0,7728.708076,7738.890827,7635.026766,7681.867421
20230911,0,7722.598425,7812.206635,7690.013622,7797.950784
20230912,0,7806.096984,7987.349954,7793.877683,7977.167203
20230913,0,7993.459604,8001.605805,7911.997596,7954.76515
20230914,0,7954.76515,8058.629211,7944.582399,8026.044408
20230915,0,8068.811962,8195.078076,8028.080958,8054.556111
20230918,0,8076.958163,8076.958163,7960.874801,8007.715456
20230919,0,8011.788556,8066.775412,7964.947901,8005.678906
20230920,0,8030.117508,8089.177465,7938.472749,7975.130652
20230921,0,7987.349954,7999.569255,7873.303142,7885.522443
20230922,0,7914.034146,7950.69205,7881.449342,7907.924495
20230925,0,7922.180347,7936.436198,7818.316286,7854.97419
20230926,0,7844.799353,7852.939222,7745.08595,7751.190852
20230927,0,7763.400656,7812.239874,7745.08595,7771.540526
20230928,0,7800.03007,7930.267984,7785.785298,7826.484646
20231009,0,7682.00196,7704.386602,7582.288557,7594.498362
20231010,0,7612.813068,7627.05784,7529.379405,7533.449339
20231011,0,7537.519274,7557.868948,7488.680056,7515.134633
20231012,0,7488.680056,7519.204568,7409.316328,7447.980708
20231013,0,7478.505219,7502.924828,7415.42123,7454.085611
20231016,0,7529.379405,7533.449339,7468.330382,7486.645089
20231017,0,7500.889861,7500.889861,7403.211425,7468.330382
20231018,0,7476.470252,7525.30947,7450.015676,7462.22548
20231019,0,7466.295415,7488.680056,7391.001621,7456.120578
20231020,0,7443.910773,7511.064698,7403.211425,7435.770904
20231023,0,7443.910773,7450.015676,7331.987566,7427.631034
20231024,0,7433.735936,7506.994763,7397.106523,7492.749991
20231025,0,7482.575154,7590.428427,7443.910773,7519.204568
20231026,0,7525.30947,7574.148688,7480.540187,7513.099665
20231027,0,7478.505219,7586.358492,7407.28136,7549.729079
20231030,0,7547.694111,7612.813068,7515.134633,7604.673199
20231031,0,7608.743133,7635.19771,7502.924828,7584.323525
20231101,0,7568.043785,7620.952938,7545.659144,7574.148688
20231102,0,7582.332533,7613.021952,7412.517746,7539.367346
20231103,0,7537.321384,7645.757333,7520.953694,7608.930029
20231106,0,7606.884068,7633.481565,7500.494081,7541.413307
20231107,0,7535.275423,7627.343681,7490.264275,7520.953694
20231108,0,7514.81581,7539.367346,7428.885436,7537.321384
20231109,0,7514.81581,7608.930029,7459.574855,7502.540042
20231110,0,7502.540042,7600.746184,7496.402159,7547.551191
20231113,0,7549.597152,7580.286571,7463.666778,7512.769849
20231114,0,7500.494081,7619.159836,7496.402159,7580.286571
20231115,0,7580.286571,7649.849255,7551.643113,7639.619449
20231116,0,7637.573487,7737.825591,7586.424455,7737.825591
20231117,0,7735.779629,7786.928661,7641.66541,7737.825591
20231120,0,7750.101358,7774.652894,7690.768481,7719.411939
20231121,0,7737.825591,7758.285203,7529.137539,7529.137539
20231122,0,7529.137539,7565.964842,7496.402159,7504.586004
20231123,0,7490.264275,7535.275423,7449.345049,7461.620817
20231124,0,7453.436972,7488.218313,7441.161204,7453.436972
20231127,0,7469.804662,7469.804662,7347.046985,7363.414675
20231128,0,7349.092946,7408.425823,7318.403527,7326.587372
20231129,0,7357.276791,7383.874288,7275.438339,7304.081798
20231130,0,7324.54141,7424.793513,7308.17372,7412.517746
20231201,0,7416.609668,7441.161204,7306.127759,7326.587372
20231204,0,7338.863139,7400.241978,7295.897952,7310.219681
20231205,0,7304.081798,7332.725256,7277.484301,7304.081798
20231206,0,7295.897952,7353.184868,7244.74892,7338.863139
20231207,0,7328.633333,7347.046985,7234.519114,7306.127759
20231208,0,7306.127759,7379.782365,7299.989875,7361.368714
20231211,0,7355.23083,7387.96621,7306.127759,7342.955062
20231212,0,7332.725256,7402.287939,7312.265643,7365.460636
20231213,0,7363.414675,7369.552559,7199.737772,7209.967578
20231214,0,7216.105462,7265.208533,7177.232198,7185.416043
20231215,0,7212.01354,7322.495449,7199.737772,7289.760068
20231218,0,7289.760068,7349.092946,7254.978727,7324.54141
20231219,0,7338.863139,7379.782365,7326.587372,7367.506597
20231220,0,7367.506597,7484.126391,7365.460636,7473.896584
20231221,0,7477.988507,7549.597152,7410.471784,7529.137539
20231222,0,7529.137539,7613.021952,7498.44812,7580.286571
20231225,0,7578.24061,7600.746184,7520.953694,7561.87292
20231226,0,7555.735036,7586.424455,7522.999655,7547.551191
20231227,0,7533.229462,7619.159836,7527.091578,7606.884068
20231228,0,7621.205797,7635.527526,7557.780997,7615.067913
20231229,0,7615.067913,7615.067913,7472.349104,7509.048226
20240102,0,7480.504464,7594.679512,7480.504464,7551.863869
20240103,0,7551.863869,7572.25227,7472.349104,7490.698665
20240104,0,7498.854025,7572.25227,7492.737505,7517.203587
20240105,0,7531.475468,7570.21343,7451.960702,7535.553148
20240108,0,7535.553148,7635.456315,7462.154903,7492.737505
20240109,0,7482.543304,7482.543304,7390.795498,7398.950859
20240110,0,7439.727661,7462.154903,7394.873178,7409.145059
20240111,0,7411.1839,7429.533461,7370.407097,7409.145059
20240112,0,7423.41694,7486.620985,7411.1839,7460.116063
20240115,0,7486.620985,7492.737505,7415.26158,7476.426784
20240116,0,7470.310264,7580.407631,7451.960702,7566.13575
20240117,0,7568.17459,7584.485311,7535.553148,7578.368791
20240118,0,7572.25227,7651.767036,7545.747349,7625.262114
20240119,0,7617.106753,7664.000077,7604.873713,7635.456315
20240122,0,7635.456315,7672.155437,7604.873713,7655.844716
20240123,0,7653.805876,7672.155437,7615.067913,7664.000077
20240124,0,7651.767036,7735.359481,7637.495155,7721.0876
20240125,0,7727.204121,7780.213964,7686.427318,7690.504998
20240126,0,7696.621519,7786.330485,7684.388478,7725.165281
20240129,0,7717.00992,7765.942083,7690.504998,7704.776879
20240130,0,7714.97108,7719.04876,7664.000077,7686.427318
20240131,0,7678.271958,7712.93224,7629.339794,7670.116597
20240201,0,7666.038917,7666.038917,7533.514308,7535.553148
20240202,0,7537.591988,7551.863869,7482.543304,7496.815185
20240205,0,7502.931706,7572.25227,7492.737505,7543.708508
20240206,0,7531.475468,7568.17459,7500.892866,7543.708508
20240207,0,7561.974146,7598.505423,7543.708508,7564.003662
20240208,0,7566.033177,7588.357846,7543.708508,7555.8856
20240219,0,7596.475907,7659.390883,7592.416877,7635.036699
20240220,0,7641.125245,7641.125245,7519.354324,7541.678993
20240221,0,7533.560932,7549.797054,7497.029656,7509.206748
20240222,0,7488.911594,7537.619962,7472.675472,7527.472386
20240223,0,7517.324809,7559.944631,7478.764018,7501.088686
20240226,0,7480.793533,7505.147717,7434.11468,7438.173711
20240227,0,7436.144196,7511.236263,7436.144196,7495.00014
20240228,0,7486.882079,7525.44287,7470.645956,7480.793533
20240229,0,7490.94111,7499.059171,7456.439349,7488.911594
20240301,0,7499.059171,7505.147717,7452.380318,7466.586926
20240304,0,7486.882079,7523.413355,7456.439349,7464.55741
20240305,0,7458.468864,7462.527895,7377.288251,7389.465343
20240306,0,7387.435827,7436.144196,7381.347281,7411.790012
20240307,0,7409.760496,7421.937588,7379.317766,7381.347281
20240308,0,7385.406312,7413.819527,7367.140674,7391.494858
20240311,0,7377.288251,7395.553889,7338.727459,7369.170189
20240312,0,7373.22922,7405.701466,7361.052128,7391.494858
20240313,0,7391.494858,7423.967104,7383.376797,7399.61292
20240314,0,7430.05565,7470.645956,7397.583404,7460.49838
20240315,0,7486.882079,7519.354324,7466.586926,7515.295294
20240318,0,7507.177232,7515.295294,7452.380318,7482.823048
20240319,0,7482.823048,7527.472386,7474.704987,7513.265778
20240320,0,7531.531416,7531.531416,7486.882079,7490.94111
20240321,0,7478.764018,7478.764018,7379.317766,7389.465343
20240322,0,7377.288251,7397.583404,7359.022613,7385.406312
20240325,0,7389.465343,7425.996619,7367.140674,7369.170189
20240326,0,7383.376797,7436.144196,7356.993097,7356.993097
20240327,0,7377.288251,7476.734502,7367.140674,7460.49838
20240328,0,7444.262257,7507.177232,7438.173711,7503.118202
20240329,0,7529.501901,7547.767539,7486.882079,7509.206748
20240401,0,7519.354324,7588.357846,7509.206748,7584.298815
20240402,0,7590.387361,7618.800576,7553.856085,7606.623484
20240403,0,7610.682515,7622.859607,7549.797054,7572.121723
20240408,0,7531.531416,7549.797054,7505.147717,7519.354324
20240409,0,7519.354324,7543.403432,7469.252017,7481.276571
20240410,0,7469.252017,7513.342047,7447.207001,7463.23974
20240411,0,7481.276571,7485.284755,7415.141525,7425.161986
20240412,0,7435.182448,7443.198817,7373.055586,7387.084232
20240415,0,7395.100602,7447.207001,7395.100602,7417.145617
20240416,0,7423.157894,7489.29294,7411.13334,7453.219278
20240417,0,7453.219278,7479.272478,7425.161986,7471.256109
20240418,0,7469.252017,7469.252017,7351.010571,7425.161986
20240419,0,7425.161986,7493.301124,7375.059679,7419.149709
20240422,0,7425.161986,7483.280663,7411.13334,7453.219278
20240423,0,7441.194725,7453.219278,7397.104694,7399.108786
20240424,0,7381.071955,7431.174263,7381.071955,7397.104694
20240425,0,7397.104694,7423.157894,7355.018755,7373.055586
20240426,0,7387.084232,7445.202909,7336.981925,7441.194725
20240429,0,7463.23974,7467.247924,7439.190632,7445.202909
20240430,0,7453.219278,7457.227463,7373.055586,7393.096509
20240506,0,7334.977832,7379.067863,7314.936909,7375.059679
20240507,0,7381.071955,7423.157894,7371.051494,7395.100602
20240508,0,7381.071955,7399.108786,7365.039217,7369.047402
20240509,0,7363.003896,7425.453451,7354.945889,7375.090907
20240510,0,7385.163416,7395.235924,7304.583346,7385.163416
20240513,0,7389.192419,7401.27943,7342.858879,7369.047402
20240514,0,7365.018398,7381.134412,7334.800872,7342.858879
20240515,0,7324.728363,7401.27943,7320.69936,7397.250426
20240516,0,7411.351938,7463.728984,7367.0329,7457.685479
20240517,0,7457.685479,7481.8595,7421.424447,7471.786991
20240520,0,7471.786991,7502.004517,7453.656475,7499.990015
20240521,0,7497.975514,7502.004517,7457.685479,7491.932008
20240522,0,7491.932008,7512.077026,7459.69998,7475.815994
20240523,0,7477.830496,7487.903005,7411.351938,7433.511458
20240524,0,7449.627472,7502.004517,7449.627472,7463.728984
20240527,0,7463.728984,7518.120531,7459.69998,7508.048022
20240528,0,7510.062524,7518.120531,7425.453451,7437.540461
20240529,0,7445.598468,7467.757987,7415.380942,7459.69998
20240530,0,7459.69998,7550.352559,7451.641973,7538.265549
20240531,0,7534.236545,7546.323556,7465.743486,7487.903005
20240603,0,7502.004517,7502.004517,7377.105409,7393.221423
20240604,0,7389.192419,7407.322935,7324.728363,7338.829875
20240605,0,7338.829875,7399.264928,7332.78637,7369.047402
20240606,0,7385.11072,7399.166124,7352.984083,7373.063231
20240607,0,7373.063231,7451.371909,7369.047402,7433.300676
20240611,0,7447.35608,7495.546035,7427.276931,7465.427313
20240612,0,7463.419398,7503.577695,7437.316506,7493.538121
20240613,0,7513.617269,7513.617269,7455.387739,7473.458972
20240614,0,7485.506461,7535.704332,7467.435228,7471.451058
20240617,0,7471.451058,7497.55395,7421.253187,7437.316506
20240618,0,7447.35608,7503.577695,7445.348165,7469.443143
20240619,0,7475.466887,7525.664758,7447.35608,7505.58561
20240620,0,7513.617269,7585.902203,7499.561865,7525.664758
20240621,0,7537.712247,7577.870543,7531.688502,7555.78348
20240624,0,7559.79931,7772.638281,7517.633099,7726.45624
20240625,0,7726.45624,7856.970704,7700.353347,7802.757003
20240626,0,7782.677855,7816.812407,7720.432496,7752.559133
20240627,0,7766.614537,7800.749089,7692.321688,7746.535388
20240628,0,7766.614537,7796.733259,7722.440411,7776.654111
20240701,0,7778.662026,7842.9153,7736.495814,7766.614537
20240702,0,7766.614537,7802.757003,7724.448325,7756.574963
20240703,0,7770.630366,7865.002363,7746.535388,7830.867811
20240704,0,7816.812407,7830.867811,7740.511644,7746.535388
20240705,0,7750.560608,7762.636267,7678.106653,7702.257971
20240708,0,7702.257971,7740.497559,7649.930115,7678.106653
20240709,0,7688.169702,7690.182312,7623.766186,7635.841846
20240710,0,7625.778796,7645.904895,7593.577038,7607.665307
20240711,0,7607.665307,7672.068823,7595.589648,7651.942725
20240712,0,7664.018384,7664.018384,7621.753576,7645.904895
20240715,0,7645.904895,7655.967944,7579.488769,7593.577038
20240716,0,7593.577038,7607.665307,7557.350061,7567.41311
20240717,0,7549.299621,7589.551819,7543.261792,7565.4005
20240718,0,7585.441296,7589.449455,7557.384182,7585.441296
20240719,0,7571.412739,7577.424978,7531.331147,7549.367863
20240722,0,7557.384182,7577.424978,7509.286271,7521.310749
20240723,0,7501.269953,7523.314828,7497.261794,7513.29443
20240724,0,7499.265873,7505.278112,7443.151644,7471.208759
20240725,0,7477.220998,7493.253634,7423.110848,7437.139406
20240726,0,7421.106769,7477.220998,7401.065973,7461.188361
20240729,0,7447.159804,7489.245475,7445.155724,7471.208759
20240730,0,7471.208759,7473.212838,7399.061893,7425.114928
20240731,0,7411.086371,7509.286271,7405.074132,7505.278112
20240801,0,7523.314828,7551.371943,7487.241396,7533.335226
20240802,0,7533.335226,7571.412739,7515.29851,7533.335226
20240805,0,7503.274032,7521.310749,7417.09861,7419.102689
20240806,0,7395.053734,7437.139406,7334.931346,7336.935425
20240807,0,7316.894629,7356.976221,7284.829356,7312.88647
20240808,0,7358.980301,7358.980301,7278.817117,7302.866072
20240809,0,7316.894629,7330.923187,7228.715127,7286.833435
20240812,0,7286.833435,7310.882391,7254.768162,7308.878311
20240813,0,7316.894629,7346.955823,7290.841595,7310.882391
20240814,0,7324.910948,7338.939505,7258.776321,7268.796719
20240815,0,7254.768162,7268.796719,7140.535624,7250.760002
20240816,0,7240.739604,7330.923187,7216.690649,7282.825276
20240819,0,7248.755923,7260.780401,7150.556022,7154.564182
20240820,0,7164.58458,7232.723286,7160.57642,7222.702888
20240821,0,7224.706968,7312.88647,7224.706968,7302.866072
20240822,0,7310.882391,7320.902789,7184.625376,7190.637614
20240823,0,7196.649853,7212.68249,7132.519306,7162.5805
20240826,0,7196.649853,7308.878311,7180.617216,7302.866072
20240827,0,7328.919107,7366.996619,7294.849754,7348.959903
20240828,0,7340.943585,7340.943585,7242.743684,7260.780401
20240829,0,7236.731445,7284.829356,7216.690649,7276.813037
20240830,0,7284.829356,7322.906868,7248.755923,7264.78856
20240902,0,7252.764082,7268.796719,7066.384679,7084.421395
20240903,0,7074.251396,7161.713389,7053.911398,7121.033392
20240904,0,7086.455395,7094.591395,6960.347406,7047.809399
20240905,0,7053.911398,7114.931393,6986.789404,6992.891403
20240906,0,6986.789404,7104.761394,6944.075407,7049.843398
20240909,0,7049.843398,7112.897393,6990.857403,7078.319396
20240910,0,7078.319396,7139.339391,6761.015423,6775.253422
20240911,0,6773.219422,6872.885414,6506.765445,6866.783414
20240912,0,6870.851414,7055.945398,6828.137417,7045.775399
20240913,0,7043.741399,7165.781389,7033.5714,7157.645389
20240918,0,7186.121387,7210.529385,6976.619405,6982.721404
20240919,0,6982.721404,7064.081397,6874.919413,7051.877398
20240920,0,7070.183397,7090.523395,6881.021413,6982.721404
20240923,0,6982.721404,7003.061402,6866.783414,6905.429411
20240924,0,6909.49741,7076.285396,6903.395411,7070.183397
20240925,0,7078.319396,7165.781389,7031.5374,7070.183397
20240926,0,7045.775399,7060.013398,6931.871408,6982.721404
20240927,0,6996.959403,7149.50939,6994.925403,7121.033392
20240930,0,7090.523395,7350.875373,7031.5374,7275.617379
20241008,0,7635.635348,7635.635348,7350.875373,7371.215371
20241009,0,7371.215371,7413.929367,7281.719379,7375.283371
20241010,0,7356.865626,7375.283371,7258.637657,7309.798058
20241011,0,7342.540714,7342.540714,7250.451993,7297.519562
20241014,0,7297.519562,7346.633546,7223.848584,7262.730489
20241015,0,7262.730489,7297.519562,7133.806279,7135.852695
20241016,0,7135.852695,7176.781016,7051.949638,7060.135302
20241017,0,7047.856806,7088.785127,6935.303924,6951.675253
20241018,0,6953.721669,7049.903222,6951.675253,7033.531894
20241021,0,7029.439062,7029.439062,6941.443172,6988.510741
20241022,0,7029.439062,7086.73871,6992.603573,7015.114149
20241023,0,7029.439062,7086.73871,7006.928485,7027.392646
20241024,0,7008.974901,7072.413798,6970.092997,7047.856806
20241025,0,7019.206982,7117.434951,7008.974901,7074.460214
20241028,0,7078.553046,7131.759863,6968.046581,7068.320966
20241029,0,7043.763974,7072.413798,6914.839764,6957.814501
20241030,0,6990.557157,7047.856806,6931.211092,6980.325077
20241031,0,6988.510741,7051.949638,6951.675253,7043.763974
20241101,0,7049.903222,7146.084775,7035.57831,7090.831543
20241104,0,7101.063623,7117.434951,7004.882069,7058.088886
20241105,0,7064.228134,7119.481367,7051.949638,7094.924375
20241106,0,7107.292052,7138.211246,6956.818642,6979.492717
20241107,0,6979.492717,7171.19172,6938.267125,7156.762763
20241108,0,7134.088687,7218.60115,7125.843569,7165.007881
20241111,0,7154.701483,7183.559397,7033.085987,7169.13044
20241112,0,7148.517644,7206.233473,7109.353332,7173.252999
20241113,0,7171.19172,7245.397785,7152.640203,7228.907548
20241114,0,7249.520344,7268.071861,7173.252999,7187.681956
20241115,0,7193.865795,7241.275226,7084.617977,7096.985654
20241118,0,7103.169493,7136.149967,7047.514944,7127.904848
20241119,0,7111.414611,7148.517644,7064.005181,7088.740536
20241120,0,7080.495417,7183.559397,7074.311579,7169.13044
20241121,0,7189.743236,7189.743236,7107.292052,7150.578924
20241122,0,7173.252999,7193.865795,7113.475891,7129.966128
20241125,0,7111.414611,7214.478591,7078.434138,7103.169493
20241126,0,7103.169493,7121.721009,7051.637503,7092.863095
20241127,0,7090.801815,7109.353332,7049.576223,7107.292052
20241128,0,7103.169493,7111.414611,7018.657029,7028.963427
20241129,0,7047.514944,7121.721009,7012.473191,7111.414611
20241202,0,7111.414611,7181.498118,7092.863095,7146.456365
20241203,0,7142.333805,7160.885322,7103.169493,7140.272526
20241204,0,7146.456365,7169.13044,7099.046934,7123.782289
20241205,0,7109.353332,7134.088687,7022.779589,7039.269825
20241206,0,7039.269825,7074.311579,7016.59575,7047.514944
20241209,0,7035.147266,7059.882621,6977.431438,7010.411911
20241210,0,7041.331105,7146.456365,7026.902148,7070.189019
20241211,0,7041.331105,7129.966128,7041.331105,7109.353332
20241212,0,7117.59845,7162.946601,7111.414611,7146.456365
20241213,0,7146.456365,7197.988354,7132.027407,7191.804516
20241216,0,7191.804516,7280.439538,7144.395085,7266.010581
20241217,0,7247.459065,7278.378259,7224.784989,7270.13314
20241218,0,7245.397785,7257.765463,7204.172193,7222.72371
20241219,0,7216.539871,7230.968828,7156.762763,7181.498118
20241220,0,7181.498118,7218.60115,7115.537171,7148.517644
20241223,0,7158.824042,7179.436838,7119.65973,7171.19172
20241224,0,7160.885322,7169.13044,7066.06646,7090.801815
20241225,0,7105.230773,7125.843569,7076.372858,7101.108213
20241226,0,7121.721009,7127.904848,7043.392385,7047.514944
20241227,0,7049.576223,7086.679256,6998.044234,7004.228072
20241230,0,7022.779589,7047.514944,7006.289352,7016.59575
20241231,0,7026.902148,7051.637503,7002.166793,7035.147266
20250102,0,7059.882621,7142.333805,7039.269825,7113.475891
20250103,0,7113.475891,7138.211246,7066.06646,7074.311579
20250106,0,7074.311579,7134.088687,7035.147266,7082.556697
20250107,0,7082.556697,7121.630035,7020.861952,7031.14441
20250108,0,7031.14441,7066.104765,7000.297037,7012.635986
20250109,0,7035.257393,7183.32478,7035.257393,7175.098814
20250110,0,7175.098814,7191.550746,7115.460561,7127.79951
20250113,0,7168.92934,7310.827253,7154.533899,7279.97988
20250114,0,7284.092863,7306.71427,7201.833204,7279.97988
20250115,0,7279.97988,7347.844099,7253.245491,7339.618133
20250116,0,7321.10971,7432.160251,7314.940236,7409.538844
20250117,0,7409.538844,7419.821302,7335.50515,7364.296031
20250120,0,7335.50515,7354.013574,7261.471457,7288.205846
20250121,0,7310.827253,7339.618133,7279.97988,7321.10971
20250122,0,7286.149355,7300.544795,7245.019525,7275.866897
20250123,0,7277.923389,7290.262338,7160.703374,7179.211797
20250124,0,7179.211797,7189.494255,7092.839154,7107.234595
20250127,0,7119.573544,7127.79951,7057.878799,7072.27424
20250205,0,7072.27424,7094.895646,7037.313884,7068.161257
20250206,0,7057.878799,7103.121612,7033.200901,7070.217748
20250207,0,7076.371114,7164.569363,7070.217748,7158.415997
20250210,0,7166.620485,7234.307513,7144.058142,7219.949659
20250211,0,7230.205269,7267.125466,7224.051903,7263.023222
20250212,0,7273.278832,7308.147907,7248.665367,7267.125466
20250213,0,7254.818734,7275.329954,7152.262631,7164.569363
20250214,0,7156.364875,7228.154147,7146.109264,7176.876095
20250217,0,7201.48956,7201.48956,7125.598044,7197.387316
20250218,0,7197.387316,7230.205269,7180.978339,7187.131706
20250219,0,7189.182828,7205.591804,7150.211508,7183.029461
20250220,0,7176.876095,7219.949659,7148.160386,7166.620485
20250221,0,7170.722729,7193.285072,7121.4958,7135.853654
20250224,0,7148.160386,7160.467119,7090.728969,7115.342433
20250225,0,7115.342433,7125.598044,7078.422236,7078.422236
20250226,0,7059.962138,7086.626725,7014.837452,7018.939697
20250227,0,7020.990819,7035.348673,6998.428476,7016.888574
20250228,0,7031.246429,7059.962138,7006.632964,7006.632964
20250303,0,7006.632964,7043.553161,6969.712767,7008.684086
20250304,0,7002.53072,7027.144185,6893.821251,6908.179105
20250305,0,6883.56564,6924.588082,6873.31003,6887.667885
20250306,0,6877.412274,6902.025739,6807.674124,6883.56564
20250307,0,6887.674005,6904.107466,6852.752903,6897.944918
20250310,0,6906.161648,6920.540926,6834.26526,6840.427807
20250311,0,6854.807085,6865.077998,6760.314689,6803.452522
20250312,0,6828.102712,6842.48199,6735.664499,6741.827046
20250313,0,6766.477237,6826.04853,6756.206324,6787.019062
20250314,0,6768.531419,6863.023815,6758.260506,6850.69872
20250317,0,6844.536172,6881.511458,6793.181609,6821.940165
20250318,0,6830.156895,6840.427807,6768.531419,6830.156895
20250319,0,6840.427807,6852.752903,6787.019062,6799.344157
20250320,0,6799.344157,6811.669252,6735.664499,6791.127427
20250321,0,6791.127427,6854.807085,6741.827046,6772.639784
20250324,0,6774.693967,6803.452522,6708.960126,6780.856514
20250325,0,6780.856514,6795.235792,6729.501951,6733.610316
20250326,0,6741.827046,6813.723435,6721.285221,6809.61507
20250327,0,6828.102712,6840.427807,6789.073244,6828.102712
20250328,0,6850.69872,6891.782371,6819.885982,6826.04853
20250331,0,6838.373625,6838.373625,6743.881229,6768.531419
20250401,0,6770.585602,6852.752903,6762.368871,6842.48199
20250402,0,6850.69872,6850.69872,6795.235792,6809.61507
20250403,0,6795.33487,6813.695126,6640.292706,6650.492848
20250407,0,6313.888149,6313.888149,6313.888149,6313.888149
20250408,0,6122.125471,6220.046839,5963.00325,6062.964645
20250409,0,6058.884589,6105.805244,5781.440715,5948.723051
20250410,0,5901.802395,6262.887437,5867.121911,6242.487152
20250411,0,6209.846696,6271.047551,6130.285585,6258.80738
20250414,0,6240.447123,6297.567921,6160.886013,6162.926041
20250415,0,6179.246269,6197.606525,6089.485016,6099.685158
20250416,0,6079.284873,6105.805244,5977.283449,6005.843848
20250417,0,6048.684446,6146.605813,6014.003962,6065.004674
20250418,0,6075.204816,6103.765215,6042.564361,6079.284873
20250421,0,6071.124759,6154.765927,6052.764503,6130.285585
20250422,0,6116.005386,6136.405671,6060.924617,6101.725187
20250423,0,6099.685158,6218.00681,6034.404247,6213.926753
20250424,0,6179.246269,6189.446411,6089.485016,6148.645842
20250425,0,6146.605813,6228.206952,6124.1655,6167.006098
20250428,0,6140.485728,6332.248405,6140.485728,6299.607949
20250429,0,6289.407807,6332.248405,6260.847408,6307.768063
20250430,0,6291.447835,6338.36849,6252.687294,6283.287721
20250506,0,6248.607237,6273.087579,6140.485728,6260.847408
20250507,0,6271.047551,6464.850256,6256.767351,6324.088291
20250508,0,6293.487864,6417.929601,6260.847408,6415.889573
20250509,0,6417.942001,6452.833275,6395.365294,6428.20414
20250512,0,6430.256568,6569.821664,6391.260438,6563.664381
20250513,0,6623.184789,6664.233347,6557.507097,6635.499357
20250514,0,6656.023635,6836.637289,6649.866352,6797.64116
20250515,0,6781.221736,6834.584862,6738.120751,6742.225607
20250516,0,6742.225607,6781.221736,6709.38676,6721.701328
20250519,0,6740.173179,6799.693587,6690.914909,6715.544044
20250520,0,6715.544044,6717.596472,6614.975078,6676.547914
20250521,0,6666.285775,6736.068323,6653.971208,6715.544044
20250522,0,6713.491616,6723.753756,6617.027506,6621.132361
20250523,0,6619.079933,6690.914909,6604.712938,6619.079933
20250526,0,6608.817794,6709.38676,6588.293515,6598.555655
20250527,0,6590.345943,6635.499357,6526.720679,6625.237217
20250528,0,6623.184789,6660.128491,6543.140102,6553.402241
20250529,0,6575.978948,6699.124621,6524.668251,6670.390631
20250530,0,6633.446929,6633.446929,6528.773106,6551.349813
20250603,0,6610.870222,6680.65277,6497.986688,6504.143972
20250604,0,6536.982818,6606.765366,6514.406111,6575.978948
20250605,0,6567.769236,6578.031376,6487.724549,6518.510967
20250606,0,6543.140102,6623.184789,6504.143972,6561.611953
20250609,0,6567.769236,6635.499357,6500.039116,6555.454669
20250610,0,6567.769236,6629.342073,6514.406111,6524.668251
20250611,0,6524.668251,6578.522655,6487.384432,6543.31016
20250612,0,6578.522655,6609.592504,6510.168988,6522.596927
20250613,0,6522.596927,6866.436588,6510.168988,6711.087344
20250616,0,6748.371162,6773.227041,6688.302788,6742.157192
20250617,0,6698.659404,6783.583657,6657.232939,6779.441011
20250618,0,6804.29689,6974.145397,6800.154243,6924.433639
20250619,0,6928.576285,7038.356418,6876.793204,7036.285094
20250620,0,7036.285094,7106.710085,7021.785832,7067.354943
20250623,0,7042.499064,7162.635813,6996.929953,7069.426267
20250624,0,7042.499064,7061.140974,6692.445434,6837.438062
20250625,0,6845.723355,6849.866002,6808.439536,6841.580709
20250626,0,6822.938799,6854.008648,6773.227041,6785.654981
20250627,0,6775.298364,6796.011597,6733.871899,6758.727778
20250630,0,6767.013071,6827.081446,6742.157192,6775.298364
20250701,0,6793.940274,6862.293941,6754.585132,6827.081446
20250702,0,6835.366739,6876.793204,6796.011597,6858.151295
20250703,0,6876.793204,6887.14982,6787.726304,6798.08292
20250704,0,6798.08292,6822.938799,6742.157192,6746.299839
20250707,0,6738.014546,6793.940274,6721.44396,6750.442485
20250708,0,6760.799102,6771.155718,6731.800576,6750.442485
20250709,0,6754.585132,6777.369688,6727.65793,6760.799102
20250710,0,6758.727778,6812.582183,6754.585132,6775.298364
20250711,0,6762.673585,6773.194235,6705.862077,6720.590986
20250714,0,6724.799246,6781.610754,6705.862077,6771.090105
20250715,0,6787.923144,6794.235534,6676.404258,6699.549687
20250716,0,6703.757947,6707.966207,6674.300128,6686.924907
20250717,0,6672.195998,6716.382726,6657.467089,6691.133167
20250718,0,6697.445557,6811.068573,6686.924907,6703.757947
20250721,0,6710.070337,6792.131404,6710.070337,6766.881845
20250722,0,6760.569455,6821.589223,6714.278597,6806.860313
20250723,0,6823.693353,6880.504861,6747.944675,6766.881845
20250724,0,6764.777715,6897.3379,6747.944675,6859.463562
20250725,0,6872.088341,6954.149408,6861.567691,6949.941148
20250728,0,6952.045278,6962.565928,6787.923144,6819.485093
20250729,0,6844.734652,6861.567691,6813.172703,6838.422262
20250730,0,6853.151172,6914.17094,6827.901613,6838.422262
20250731,0,6840.526392,6865.775951,6783.714884,6800.547924
20250801,0,6785.819014,6794.235534,6705.862077,6714.278597
20250804,0,6730.949679,6755.956304,6660.097577,6678.852546
20250805,0,6655.929807,6676.76866,6624.671527,6649.678151
20250806,0,6649.678151,6705.943055,6626.755412,6683.020316
20250807,0,6687.188087,6699.691399,6628.839297,6660.097577
20250808,0,6653.845921,6685.104202,6637.174839,6649.678151
20250811,0,6664.265348,6712.194711,6649.678151,6676.76866
20250812,0,6695.523628,6730.949679,6664.265348,6701.775284
20250813,0,6695.523628,6701.775284,6664.265348,6683.020316
20250814,0,6689.271972,6689.271972,6593.413246,6603.832673
20250815,0,6616.335985,6691.355858,6605.916558,6668.433119
20250818,0,6658.013692,6753.872418,6645.51038,6733.033565
20250819,0,6722.614138,6751.788533,6691.355858,6701.775284
20250820,0,6703.85917,6783.046813,6672.60089,6776.795157
20250821,0,6772.627386,6918.499361,6762.20796,6891.408851
20250822,0,6883.07331,6924.751017,6860.150571,6891.408851
20250825,0,6889.324966,6914.33159,6841.395603,6872.653883
20250826,0,6883.07331,6951.841526,6853.898915,6899.744393
20250827,0,6874.737768,6922.667132,6841.395603,6847.647259
20250828,0,6853.898915,6866.402227,6776.795157,6799.717896
20250829,0,6803.885667,6812.221208,6733.033565,6772.627386
20250901,0,6776.795157,6801.801781,6722.614138,6758.040189
20250902,0,6764.309243,6783.116405,6720.425865,6726.694919
