date,time,open,high,low,close
20200330,0,2350,2438,2318,2366
20200331,0,2430,2545,2404,2545
20200401,0,2547,2642,2530,2624
20200402,0,2644,2779,2607,2779
20200403,0,2790,2875,2732,2875
20200407,0,2920,3063,2913,3019
20200408,0,2986,3014,2891,2939
20200409,0,2980,3044,2964,3018
20200410,0,2930,3022,2913,3021
20200413,0,3075,3178,3075,3139
20200414,0,3146,3166,3087,3159
20200415,0,3116,3336,3108,3243
20200416,0,3250,3312,3178,3265
20200417,0,3296,3330,3128,3188
20200420,0,3088,3226,3080,3221
20200421,0,3200,3266,3132,3240
20200422,0,3182,3220,3065,3129
20200423,0,3169,3350,3147,3350
20200424,0,3350,3423,3315,3400
20200427,0,3380,3594,3369,3576
20200428,0,3553,3659,3297,3357
20200429,0,3357,3469,3269,3319
20200430,0,3360,3397,3315,3394
20200506,0,3500,3524,3377,3440
20200507,0,3415,3469,3389,3413
20200508,0,3448,3463,3355,3454
20200511,0,3455,3507,3326,3348
20200512,0,3350,3356,3272,3342
20200513,0,3353,3355,3209,3224
20200514,0,3235,3273,3205,3257
20200515,0,3257,3295,3226,3275
20200518,0,3274,3279,3168,3230
20200519,0,3250,3375,3243,3360
20200520,0,3360,3426,3342,3388
20200521,0,3399,3414,3365,3383
20200522,0,3385,3433,3292,3339
20200525,0,3365,3485,3356,3431
20200526,0,3421,3439,3372,3406
20200527,0,3415,3433,3368,3397
20200528,0,3391,3445,3374,3434
20200529,0,3445,3448,3398,3438
20200601,0,3437,3537,3414,3525
20200602,0,3518,3619,3517,3606
20200603,0,3600,3610,3560,3592
20200604,0,3583,3584,3508,3516
20200605,0,3514,3605,3513,3592
20200608,0,3635,3677,3534,3549
20200609,0,3532,3598,3531,3584
20200610,0,3573,3588,3535,3549
20200611,0,3549,3558,3376,3406
20200612,0,3380,3395,3268,3347
20200615,0,3370,3425,3313,3373
20200616,0,3354,3488,3342,3461
20200617,0,3485,3516,3440,3481
20200618,0,3479,3505,3453,3477
20200619,0,3482,3573,3462,3559
20200622,0,3570,3588,3493,3517
20200623,0,3525,3567,3501,3546
20200624,0,3551,3556,3461,3523
20200629,0,3487,3506,3437,3483
20200630,0,3500,3577,3497,3560
20200701,0,3551,3574,3510,3542
20200702,0,3535,3621,3531,3604
20200703,0,3604,3630,3577,3624
20200706,0,3615,3625,3532,3573
20200707,0,3569,3625,3540,3589
20200708,0,3598,3646,3567,3586
20200709,0,3589,3673,3580,3667
20200710,0,3680,3687,3591,3624
20200713,0,3630,3897,3621,3829
20200714,0,3824,3856,3773,3843
20200715,0,3830,3918,3807,3886
20200716,0,3894,3908,3836,3874
20200717,0,3875,3984,3845,3865
20200720,0,3856,3895,3774,3874
20200721,0,3872,4025,3865,3992
20200722,0,4007,4059,3939,4015
20200723,0,4001,4024,3953,4004
20200724,0,3988,3996,3910,3946
20200727,0,3965,4033,3854,3919
20200728,0,3928,3962,3839,3888
20200729,0,3884,3950,3856,3934
20200730,0,3910,3926,3797,3838
20200731,0,3815,3884,3780,3826
20200803,0,3826,3861,3760,3841
20200804,0,3848,3910,3834,3856
20200805,0,3859,4022,3817,3977
20200806,0,4000,4018,3926,3978
20200807,0,3998,4036,3910,3948
20200810,0,3948,4038,3898,3924
20200811,0,3930,3965,3861,3873
20200812,0,3890,3905,3810,3894
20200813,0,3900,3930,3829,3841
20200814,0,3854,3873,3814,3867
20200817,0,3875,3956,3841,3862
20200818,0,3860,3899,3846,3865
20200819,0,3868,3875,3790,3856
20200820,0,3838,3871,3476,3584
20200821,0,3580,3636,3551,3602
20200824,0,3585,3617,3565,3605
20200825,0,3600,3636,3525,3611
20200826,0,3623,3629,3563,3600
20200827,0,3619,3664,3579,3631
20200828,0,3632,3700,3620,3685
20200831,0,3687,3764,3639,3673
20200901,0,3666,3700,3622,3682
20200902,0,3689,3695,3548,3583
20200903,0,3583,3609,3533,3557
20200904,0,3538,3610,3514,3558
20200907,0,3560,3569,3434,3533
20200908,0,3520,3563,3502,3521
20200909,0,3488,3549,3401,3519
20200910,0,3525,3583,3379,3422
20200911,0,3418,3460,3359,3391
20200914,0,3391,3448,3374,3425
20200915,0,3425,3445,3377,3402
20200916,0,3415,3477,3395,3449
20200917,0,3454,3470,3405,3447
20200918,0,3455,3579,3410,3566
20200921,0,3555,3596,3467,3480
20200922,0,3477,3492,3333,3418
20200923,0,3421,3468,3372,3434
20200924,0,3445,3498,3411,3417
20200925,0,3418,3533,3390,3508
20200928,0,3521,3558,3431,3446
20200929,0,3450,3474,3421,3430
20200930,0,3426,3435,3347,3415
20201009,0,3495,3585,3476,3560
20201012,0,3570,3725,3554,3698
20201013,0,3696,3725,3661,3685
20201014,0,3699,3761,3668,3737
20201015,0,3746,3853,3716,3806
20201016,0,3784,3847,3735,3751
20201019,0,3710,3759,3633,3680
20201020,0,3645.524625,3715.460385,3645.524625,3682.955032
20201021,0,3687.880086,3703.640257,3660.299786,3680.985011
20201022,0,3685.910064,3751.905782,3639.614561,3715.460385
20201023,0,3715.460385,3766.680942,3685.910064,3717.430407
20201026,0,3742.055675,3775.546039,3670.149893,3696.745182
20201027,0,3771.605996,3771.605996,3686.895075,3709.550321
20201028,0,3688.865096,3740.085653,3625.824411,3667.194861
20201029,0,3644.539615,3723.340471,3616.959315,3704.625268
20201030,0,3663.254818,3879.957173,3600.214133,3826.766595
20201102,0,3836.616702,3896.702355,3778.501071,3830.706638
20201103,0,3841.541756,3841.541756,3723.340471,3753.875803
20201104,0,3762.740899,3775.546039,3656.359743,3728.265525
20201105,0,3780.471092,3780.471092,3660.299786,3697.730193
20201106,0,3697.730193,3724.325482,3645.524625,3697.730193
20201109,0,3689.850107,3710.535332,3515.503212,3526.33833
20201110,0,3555.888651,3611.049251,3497.773019,3507.623126
20201111,0,3509.593148,3546.038544,3496.788009,3517.473233
20201112,0,3506.638116,3620.899358,3506.638116,3607.109208
20201113,0,3595.289079,3620.899358,3457.38758,3469.207709
20201116,0,3469.207709,3517.473233,3449.507495,3513.533191
20201117,0,3513.533191,3565.738758,3470.192719,3538.158458
20201118,0,3541.11349,3581.498929,3477.087794,3566.723769
20201119,0,3566.723769,3588.352193,3520.51759,3530.348692
20201120,0,3522.48381,3533.298022,3404.510587,3422.206571
20201123,0,3431.054563,3502.821606,3412.375469,3495.939835
20201124,0,3504.787827,3519.53448,3465.463419,3499.872276
20201125,0,3499.872276,3630.625931,3492.007394,3608.014397
20201126,0,3606.048176,3664.051678,3580.487311,3603.098846
20201127,0,3615.879278,3667.001008,3586.385973,3637.507702
20201130,0,3641.440143,3707.308526,3605.065066,3632.592151
20201201,0,3635.541482,3738.768052,3634.558372,3660.119237
20201202,0,3657.169906,3671.916559,3582.453532,3662.085457
20201203,0,3662.085457,3681.747661,3598.183295,3606.048176
20201204,0,3606.048176,3669.950339,3570.656209,3626.69349
20201207,0,3626.69349,3836.095961,3623.74416,3813.484426
20201208,0,3813.484426,3852.808834,3785.957341,3799.720884
20201209,0,3808.568875,3841.994622,3632.592151,3648.321914
20201210,0,3648.321914,3695.511204,3627.676601,3662.085457
20201211,0,3672.899669,3768.261358,3657.169906,3753.514705
20201214,0,3765.312027,3918.677217,3733.852501,3830.1973
20201215,0,3834.12974,3868.538597,3800.703994,3825.281749
20201216,0,3823.315528,3855.758165,3771.210688,3794.805333
20201217,0,3803.653324,3818.399977,3719.105848,3774.160019
20201218,0,3788.777215,3934.949175,3768.31314,3891.097587
20201221,0,3891.097587,4044.090906,3888.174148,3958.336689
20201222,0,3936.898135,3958.336689,3809.241289,3849.194958
20201223,0,3868.684553,3903.765824,3681.584444,3801.445451
20201224,0,3815.088168,3864.786634,3769.28762,3859.914236
20201225,0,3849.194958,3872.582472,3781.955857,3858.939756
20201228,0,3859.914236,3897.918945,3729.333951,3770.2621
20201229,0,3771.23658,3801.445451,3627.988058,3634.809416
20201230,0,3639.681815,3696.20164,3601.677105,3671.839646
20201231,0,3671.839646,3716.665714,3625.064619,3679.635484
20210104,0,3767.338661,3828.730884,3729.333951,3795.598573
20210105,0,3795.598573,3853.092877,3786.828255,3844.32256
20210106,0,3858.939756,3906.689263,3821.909526,3847.245999
20210107,0,3844.32256,3926.178858,3832.628803,3852.118398
20210108,0,3858.939756,3871.607992,3732.25739,3841.399121
20210111,0,3851.143918,3863.812155,3745.900106,3758.568343
20210112,0,3751.746985,3814.113688,3689.380282,3804.368891
20210113,0,3819.960566,3886.225188,3782.930336,3864.786634
20210114,0,3864.786634,3965.158047,3811.190249,3886.225188
20210115,0,3871.607992,3918.38302,3791.700654,3796.573053
20210118,0,3803.394411,3807.29233,3652.350052,3677.686525
20210119,0,3683.533403,3717.640194,3654.299011,3701.074039
20210120,0,3722.512593,3723.487073,3567.570315,3567.570315
20210121,0,3567.570315,3609.807518,3543.996062,3555.783188
20210122,0,3541.04928,3555.783188,3418.266711,3428.089317
20210125,0,3388.798895,3432.018359,3352.455254,3371.118205
20210126,0,3369.153684,3393.710197,3271.909889,3276.821192
20210127,0,3290.57284,3373.082726,3276.821192,3342.632649
20210128,0,3339.685867,3341.650388,3216.903299,3240.477552
20210129,0,3243.424333,3282.714755,3195.293567,3242.442073
20210201,0,3244.406594,3383.887592,3244.406594,3364.242381
20210202,0,3387.816634,3411.390887,3298.430924,3336.739086
20210203,0,3345.579431,3368.171423,3267.980847,3307.271269
20210204,0,3319.058396,3381.923071,3261.105023,3368.171423
20210205,0,3364.242381,3433.98288,3361.295599,3418.266711
20210208,0,3418.266711,3484.078168,3379.95855,3426.124796
20210209,0,3428.089317,3481.131386,3389.781155,3447.734528
20210210,0,3437.911922,3437.911922,3201.18713,3206.098433
20210218,0,3290.57284,3317.093875,3230.654946,3255.21146
20210219,0,3266.016326,3387.816634,3242.442073,3365.224642
20210222,0,3368.171423,3432.018359,3321.022917,3406.479585
20210223,0,3403.771014,3559.062423,3372.171017,3545.519568
20210224,0,3548.228139,3685.462408,3532.879569,3620.456701
20210225,0,3638.513842,3746.856686,3591.565276,3675.53098
20210226,0,3675.53098,3694.490978,3578.925278,3649.348126
20210301,0,3622.262415,3709.839548,3534.685283,3675.53098
20210302,0,3675.53098,3689.976693,3481.416718,3546.422425
20210303,0,3564.479565,3618.650987,3546.422425,3600.593847
20210304,0,3602.399561,3641.222413,3495.862431,3504.891001
20210305,0,3494.056717,3619.553844,3477.80529,3597.885276
20210308,0,3609.622417,3716.159547,3514.822429,3528.365284
20210309,0,3499.473859,3556.353852,3434.468153,3505.793858
20210310,0,3532.879569,3588.856705,3501.279573,3551.839567
20210311,0,3568.090993,3656.570983,3551.839567,3651.153841
20210312,0,3661.988125,3665.599553,3584.34242,3638.513842
20210315,0,3638.513842,3778.456682,3604.205275,3626.776701
20210316,0,3606.913846,3674.628123,3585.245277,3647.542412
20210317,0,3656.570983,3688.170979,3615.039559,3631.290986
20210318,0,3622.074511,3668.156884,3576.913786,3608.249799
20210319,0,3600.87662,3639.585813,3477.37586,3483.827392
20210322,0,3499.495399,3573.227196,3460.786206,3553.872599
20210323,0,3553.872599,3625.761101,3542.81283,3612.858037
20210324,0,3575.992138,3612.858037,3456.177969,3469.081033
20210325,0,3474.610918,3583.365318,3465.394443,3564.010721
20210326,0,3559.402484,3560.324131,3486.592335,3523.458233
20210329,0,3523.458233,3612.858037,3426.68525,3455.256321
20210330,0,3471.845975,3543.734477,3456.177969,3537.282945
20210331,0,3528.988118,3602.719915,3515.163406,3582.44367
20210401,0,3582.44367,3607.328152,3474.610918,3485.670687
20210402,0,3466.316091,3502.260342,3456.177969,3482.905745
20210406,0,3458.021264,3497.652104,3395.349236,3488.43563
20210407,0,3491.200572,3534.518003,3451.569731,3522.536586
20210408,0,3526.223176,3571.383901,3494.887162,3521.614938
20210409,0,3519.714957,3549.164664,3481.715335,3514.965004
20210412,0,3514.965004,3620.413955,3459.865553,3601.414144
20210413,0,3604.264115,3634.663813,3583.364323,3604.264115
20210414,0,3604.264115,3610.914049,3554.864607,3590.964248
20210415,0,3611.86404,3622.313936,3586.214295,3608.064078
20210416,0,3607.114087,3655.563605,3570.064456,3619.463964
20210419,0,3619.463964,3629.91386,3533.964815,3590.014257
20210420,0,3609.014068,3609.014068,3542.51473,3561.514541
20210421,0,3552.964626,3567.214484,3501.665137,3549.164664
20210422,0,3514.965004,3519.714957,3473.165421,3473.165421
20210423,0,3473.165421,3497.865175,3467.465477,3484.565307
20210426,0,3470.315449,3521.614938,3453.215619,3486.465288
20210427,0,3482.665326,3508.315071,3451.315638,3496.915184
20210428,0,3496.915184,3512.115033,3467.465477,3479.815354
20210429,0,3495.015203,3609.964059,3475.065402,3608.064078
20210430,0,3644.163718,3760.062564,3590.964248,3718.26298
20210506,0,3790.462262,3889.261278,3710.663056,3824.661921
20210507,0,3824.661921,3862.661543,3775.262413,3849.361675
20210510,0,3849.361675,3970.960464,3814.212025,3847.461694
20210511,0,3862.661543,3900.661164,3809.462072,3856.011609
20210512,0,3856.011609,3980.46037,3830.361864,3951.010663
20210513,0,3953.860635,4070.709471,3876.911401,3927.2609
20210514,0,3917.760994,3946.26071,3863.611533,3920.610966
20210517,0,3942.460748,4111.559065,3934.860824,4035.559821
20210518,0,4014.679691,4033.661628,3929.260974,3956.784782
20210519,0,3982.410398,3982.410398,3854.282322,3890.348003
20210520,0,3872.315163,3912.17723,3797.336511,3866.620581
20210521,0,3866.620581,3896.991681,3827.70761,3881.806131
20210524,0,3881.806131,4009.934206,3848.587741,3961.530267
20210525,0,3961.530267,3981.461301,3902.686262,3925.464586
20210526,0,3912.17723,3936.853749,3815.369351,3909.32994
20210527,0,3899.838971,3974.817623,3881.806131,3962.479364
20210528,0,3919.770005,4100.098407,3919.770005,4086.811051
20210531,0,4086.811051,4172.229768,4083.014664,4168.433381
20210601,0,4176.026156,4218.735514,4134.265894,4206.397255
20210602,0,4228.226483,4269.037647,4147.55325,4161.789703
20210603,0,4161.789703,4237.717451,4096.30202,4192.160802
20210604,0,4162.7388,4172.229768,4071.625502,4131.418604
20210607,0,4145.655056,4187.415318,4057.389049,4059.287243
20210608,0,4107.488325,4107.488325,4026.208068,4039.439738
20210609,0,3997.85449,4113.159041,3997.85449,4110.323683
20210610,0,4130.171188,4215.231921,4130.171188,4152.85405
20210611,0,4158.524765,4261.542765,4158.524765,4243.585499
20210615,0,4311.634086,4326.755995,4202.945371,4288.006105
20210616,0,4288.006105,4292.731701,4231.298949,4263.433004
20210617,0,4284.225628,4297.457297,4178.37227,4234.134307
20210618,0,4234.134307,4271.939077,4179.317389,4239.805022
20210621,0,4239.805022,4303.128013,4208.616087,4270.993958
20210622,0,4268.1586,4346.603499,4234.134307,4342.823022
20210623,0,4338.097426,4425.048398,4304.073132,4422.21304
20210624,0,4426.938637,4488.371389,4414.652086,4443.005664
20210625,0,4430.719114,4600.840581,4406.146013,4589.49915
20210628,0,4589.49915,4609.346655,4477.975077,4516.724967
20210629,0,4517.670086,4531.846875,4447.731261,4483.645793
20210630,0,4498.767701,4536.572471,4460.96293,4491.206747
20210701,0,4508.218893,4578.157719,4499.71282,4567.761407
20210702,0,4606.511297,4693.462269,4585.718673,4671.724526
20210705,0,4671.724526,4723.706086,4631.084398,4714.254893
20210706,0,4719.925609,4813.492416,4675.505003,4807.8217
20210707,0,4795.53515,4795.53515,4653.76726,4704.803701
20210708,0,4704.803701,4721.815847,4576.267481,4598.005224
20210709,0,4554.58329,4625.379921,4484.730613,4568.742616
20210712,0,4625.379921,4683.905136,4541.367918,4572.518436
20210713,0,4564.022841,4666.913945,4557.415155,4665.026035
20210714,0,4644.259023,4727.32707,4618.772236,4685.793047
20210715,0,4685.793047,4700.896328,4533.816278,4548.919559
20210716,0,4548.919559,4608.38873,4513.049266,4560.24702
20210719,0,4587.621718,4775.46878,4575.350302,4756.589678
20210720,0,4674.465586,4691.456777,4450.74823,4551.751424
20210721,0,4530.984413,4596.117313,4513.049266,4534.760233
20210722,0,4556.4712,4699.008418,4556.4712,4684.849092
20210723,0,4684.849092,4726.383115,4665.026035,4689.568867
20210726,0,4668.801855,4764.141319,4642.371113,4684.849092
20210727,0,4698.064463,4748.094082,4646.146933,4671.63372
20210728,0,4671.63372,4671.63372,4564.966796,4644.259023
20210729,0,4644.259023,4724.495205,4610.27664,4721.66334
20210730,0,4738.654531,4859.480782,4687.680957,4856.648917
20210802,0,4856.648917,4901.014806,4746.206172,4829.27422
20210803,0,4840.601681,4849.097277,4749.981992,4749.981992
20210804,0,4704.672148,4736.766621,4648.978798,4707.504014
20210805,0,4698.064463,4700.896328,4589.509628,4625.379921
20210806,0,4635.763427,4717.88752,4617.82828,4705.616103
20210809,0,4699.923826,4753.05175,4631.616495,4689.487984
20210810,0,4624.026792,4818.512941,4624.026792,4809.025812
20210811,0,4824.205219,4951.332751,4791.000267,4942.794334
20210812,0,4938.999483,5011.101665,4897.256114,4922.871363
20210813,0,4935.204631,4953.230177,4871.640865,4925.717502
20210816,0,4928.563641,4965.563445,4858.358884,4893.461262
20210817,0,4880.179281,4913.384234,4796.692544,4847.923042
20210818,0,4847.923042,4918.127798,4812.820664,4889.666411
20210819,0,4904.845818,4931.409779,4763.487592,4781.513137
20210820,0,4759.69274,4772.026008,4659.12917,4688.539271
20210823,0,4644.898476,4742.615907,4606.949959,4685.693132
20210824,0,4701.821252,4785.307989,4680.000854,4715.103233
20210825,0,4729.333927,4758.744027,4674.308577,4682.846993
20210826,0,4696.128974,4769.179869,4668.616299,4757.795314
20210827,0,4757.795314,4890.615124,4706.564816,4872.589578
20210830,0,4895.358688,4922.871363,4828.000071,4866.897301
20210831,0,4874.487004,4891.563837,4796.692544,4829.897496
20210901,0,4822.307793,4880.179281,4780.564424,4861.205023
20210902,0,4856.461458,4942.794334,4810.923238,4935.204631
20210903,0,4954.17889,5066.127015,4909.589382,5058.537311
20210906,0,5069.921866,5080.357708,4901.050966,4962.717306
20210907,0,4972.204435,5049.050182,4939.948196,5017.742655
20210908,0,4989.281268,5099.331967,4934.255918,5078.460283
20210909,0,5090.747642,5270.33213,5043.488567,5114.37718
20210910,0,5103.035002,5203.224243,5002.845761,5033.09157
20210913,0,5089.802461,5197.553154,5028.365662,5120.048269
20210914,0,5151.239259,5215.511602,5092.638005,5123.828995
20210915,0,5160.691074,5290.180942,5100.199457,5258.989952
20210916,0,5281.674308,5594.52939,5274.112856,5363.9051
20210917,0,5335.549655,5458.423252,5301.52312,5392.260546
20210922,0,5293.016487,5571.845034,5198.498335,5410.218995
20210923,0,5410.218995,5612.487839,5368.631008,5444.245529
20210924,0,5465.039522,5538.763681,5346.891833,5446.135892
20210927,0,5472.600975,5686.211997,5418.725628,5577.516123
20210928,0,5636.117377,5916.836287,5557.667311,5907.384472
20210929,0,5887.53566,5959.369455,5707.951172,5751.429522
20210930,0,5811.921139,5922.507376,5744.813251,5892.261567
20211008,0,6096.420775,6292.073348,5990.560445,6126.666583
20211011,0,6126.666583,6430.06985,6077.517144,6384.701137
20211012,0,6346.893876,6461.26084,6264.663085,6345.003513
20211013,0,6357.303699,6381.904071,5865.296269,5916.389348
20211014,0,5866.242437,6055.476064,5707.28619,5938.151215
20211015,0,6008.167657,6102.784471,5904.089162,6087.645781
20211018,0,6108.46148,6337.434168,5970.320932,6176.585585
20211019,0,6234.301842,6237.140346,6018.575507,6164.2854
20211020,0,6114.138488,6157.662223,5652.408439,5880.434959
20211021,0,5880.434959,6169.01624,5837.857393,5928.689534
20211022,0,5866.242437,5953.289905,5644.839093,5789.602818
20211025,0,5894.627481,5923.012525,5589.961342,5749.863756
20211026,0,5800.010668,5823.664871,5466.013316,5580.49966
20211027,0,5589.961342,5624.969563,5260.694831,5293.810715
20211028,0,5319.357255,5344.903795,5035.506814,5169.86269
20211029,0,5156.616336,5195.409229,5059.161018,5149.046991
20211101,0,5097.007743,5290.972211,4862.358046,5184.055212
20211102,0,5213.386424,5275.833521,5036.452983,5068.622699
20211103,0,5066.730363,5117.823442,4750.710206,4833.973002
20211104,0,4759.225719,4854.788701,4572.830596,4640.008534
20211105,0,4688.263109,4848.165524,4569.992092,4633.385357
20211108,0,4634.331525,4870.873559,4579.453773,4713.809649
20211109,0,4713.809649,4781.933754,4555.79957,4615.408163
20211110,0,4588.915455,4653.254888,4441.313226,4527.414526
20211111,0,4507.544995,4673.124419,4465.913597,4565.261251
20211112,0,4541.607048,4643.793207,4483.890792,4525.52219
20211115,0,4484.83696,4517.006677,4331.557722,4363.727439
20211116,0,4350.481085,4473.482942,4307.903519,4464.021261
20211117,0,4464.021261,4658.931897,4427.120704,4650.416384
20211118,0,4667.014552,4681.659996,4514.701944,4543.99283
20211119,0,4566.449176,4762.698114,4520.560121,4708.998156
20211122,0,4569.378265,4753.910849,4558.638273,4638.700029
20211123,0,4637.723666,4652.369109,4408.27839,4421.94747
20211124,0,4429.758373,4622.10186,4416.089293,4617.220046
20211125,0,4610.385506,4732.430865,4610.385506,4687.518173
20211126,0,4695.329076,4705.092705,4448.309268,4481.505606
20211129,0,4393.632947,4569.378265,4383.869318,4505.914678
20211130,0,4505.914678,4533.252838,4203.242186,4215.934903
20211201,0,4219.840355,4275.493039,4159.305856,4200.313097
20211202,0,4210.076726,4238.391249,4125.133156,4174.927662
20211203,0,4149.542228,4151.494953,4006.016885,4056.787754
20211206,0,4072.40956,4323.33482,4020.662328,4289.162119
20211207,0,4293.067571,4377.034778,4270.611224,4369.223875
20211208,0,4413.160204,4510.796492,4321.382094,4442.451091
20211209,0,4442.451091,4457.096534,4251.083967,4261.823958
20211210,0,4213.005815,4308.689377,4175.904025,4222.769443
20211213,0,4295.996659,4431.711099,4280.374853,4336.027537
20211214,0,4315.523917,4390.703858,4250.107604,4302.831199
20211215,0,4305.868492,4337.253849,4217.787006,4255.246948
20211216,0,4270.433411,4370.664068,4250.184794,4362.564621
20211217,0,4352.440312,4532.653007,4339.278711,4344.340865
20211220,0,4333.204125,4394.962409,4212.724852,4226.898884
20211221,0,4211.712421,4372.688929,4195.513527,4362.564621
20211222,0,4378.763515,4452.670968,4319.030093,4321.054955
20211223,0,4323.079817,4511.391959,4302.831199,4496.205496
20211224,0,4503.292512,4616.684769,4461.782846,4614.659907
20211227,0,4616.684769,4697.679239,4482.031463,4547.83947
20211228,0,4550.876763,4711.853271,4529.615714,4692.617084
20211229,0,4707.803547,4767.536969,4631.871232,4671.356036
20211230,0,4671.356036,4704.766255,4562.013502,4587.324274
20211231,0,4587.324274,4811.071496,4567.075656,4807.021773
20220104,0,4809.046635,4949.774526,4775.636416,4935.600493
20220105,0,4936.612924,5006.470654,4908.26486,4993.309053
20220106,0,5001.4085,5047.98032,4892.065966,4960.911265
20220107,0,4991.284191,5192.757934,4963.948558,5173.521748
20220110,0,5173.521748,5182.633626,5028.744133,5099.614294
20220111,0,5082.40297,5087.465124,4965.973419,5036.84358
20220112,0,5060.12949,5102.651587,4922.438892,4941.675079
20220113,0,4949.774526,5046.967889,4816.133651,4835.369837
20220114,0,4827.032993,4924.990916,4785.34877,4879.138271
20220117,0,4908.317227,4913.527755,4696.769797,4737.411914
20220118,0,4729.075069,4849.959315,4712.40138,4772.843503
20220119,0,4772.843503,4887.475116,4726.990858,4773.885609
20220120,0,4778.054031,4947.917239,4678.011896,4933.327761
20220121,0,4929.159338,5001.064623,4847.875104,4938.538288
20220124,0,4938.538288,5007.317256,4699.896113,4705.106641
20220125,0,4691.559269,4720.738225,4539.411856,4595.685556
20220126,0,4586.306606,4644.664518,4569.632917,4609.232929
20220127,0,4624.864512,4756.169814,4608.190823,4720.738225
20220128,0,4744.706653,4927.075127,4744.706653,4887.475116
20220207,0,5002.106728,5341.833143,5002.106728,5341.833143
20220208,0,5358.506832,5396.022633,5297.022604,5378.306838
20220209,0,5314.738399,5359.548938,5198.022575,5289.727865
20220210,0,5290.769971,5350.169988,5140.706769,5277.222598
20220211,0,5307.44366,5393.938422,5173.012041,5183.433097
20220214,0,5211.569947,5676.349031,5145.917297,5241.791009
20220215,0,5200.106786,5269.927859,5089.643596,5251.169959
20220216,0,5189.68573,5234.49627,5049.001479,5215.73837
20220217,0,5248.043642,5294.938393,5045.875162,5236.580481
20220218,0,5259.916401,5364.461323,5224.445802,5306.588241
20220221,0,5278.585137,5278.585137,5102.165581,5138.569616
20220222,0,5145.103674,5373.795691,5139.503053,5366.328197
20220223,0,5364.461323,5499.80966,5363.527887,5449.404073
20220224,0,5449.404073,5850.781899,5385.93037,5815.311301
20220225,0,5927.323717,5951.593074,5707.966068,5830.246289
20220228,0,5768.63946,6226.956932,5623.956755,5796.642564
20220301,0,5766.772587,5805.043496,5645.425802,5747.170414
20220302,0,5885.319061,6127.079194,5794.775691,6091.608595
20220303,0,6123.345447,6370.7062,6099.07609,6316.566865
20220304,0,6215.75569,6307.232497,5982.396489,6059.871744
20220307,0,6114.011078,6549.926067,6079.473917,6514.455468
20220308,0,6473.384249,6483.652054,6132.679815,6433.246466
20220309,0,6399.642741,6526.590147,6287.630324,6445.381145
20220310,0,6254.026599,6286.696888,5917.055912,5989.863983
20220311,0,6044.003318,6203.621012,5856.38252,6006.665846
20220314,0,6011.532695,6011.532695,5655.279301,5660.14615
20220315,0,5660.14615,5681.560289,5391.496049,5463.525424
20220316,0,5431.404216,5570.596117,5375.92213,5534.581429
20220317,0,5524.84773,5600.770584,5414.856928,5507.327071
20220318,0,5633.865162,5816.858709,5607.584174,5789.604351
20220321,0,5694.214098,5834.379368,5601.743954,5778.897282
20220322,0,5807.12501,6099.135989,5780.844022,6060.201192
20220323,0,6033.920204,6034.893574,5929.769621,5998.878886
20220324,0,6109.843059,6305.490415,6008.612586,6029.053354
20220325,0,6066.041412,6208.153422,6030.026724,6189.659393
20220328,0,6092.3224,6181.872433,5966.757679,5982.331598
20220329,0,5948.26365,6039.760423,5892.781564,6005.692476
20220330,0,5840.219588,6005.692476,5758.456513,6003.745736
20220331,0,6025.159874,6144.884376,5925.876142,6001.798996
20220401,0,5966.757679,6038.787054,5703.947797,5719.521716
20220406,0,5762.349993,5880.127755,5737.042375,5789.604351
20220407,0,5801.28479,5832.432628,5544.315128,5665.98637
20220408,0,5645.545601,5665.98637,5474.232493,5542.368389
20220411,0,5563.782527,5698.107578,5516.0874,5649.439081
20220412,0,5587.143405,5794.471201,5497.593372,5766.243473
20220413,0,5811.99186,5855.793506,5750.669554,5787.657611
20220414,0,5842.166327,6030.026724,5841.192957,5988.171817
20220415,0,5976.491378,6140.990896,5920.035922,6085.50881
20220418,0,6073.828371,6210.100161,5979.411488,6179.925694
20220419,0,6196.472982,6220.807231,6009.585956,6053.387603
20220420,0,5984.599107,6086.799157,5906.966376,6031.768361
20220421,0,6032.751054,6141.829954,5985.5818,6135.933797
20220422,0,6135.933797,6135.933797,5884.364442,5915.810612
20220425,0,5925.637539,5944.308703,5661.293178,5698.635504
20220426,0,5667.189335,5882.399057,5635.743166,5803.783633
20220427,0,5823.437489,6099.574164,5822.454796,6054.370295
20220428,0,6001.304884,6027.83759,5825.402875,5902.052912
20220429,0,5902.052912,6126.106869,5861.762508,6012.114505
20220505,0,6108.418399,6201.774214,6069.110687,6136.91649
20220506,0,6176.224202,6230.272305,6014.079891,6075.006844
20220509,0,6075.006844,6076.97223,5871.589436,6006.218348
20220510,0,5946.274088,6020.95874,5798.870169,5851.93558
20220511,0,5886.329828,6074.024151,5801.818248,6073.041458
20220512,0,6092.695314,6139.864568,5991.477957,6019.976048
20220513,0,6040.612596,6156.570346,6007.201041,6075.989537
20220516,0,6112.34917,6167.379966,5918.75869,5924.654847
20220517,0,5945.291395,6202.756907,5945.291395,6174.258816
20220518,0,6174.258816,6221.42807,5909.914455,5939.395239
20220519,0,5961.086257,6024.187402,5853.61712,5984.749186
20220520,0,5846.715432,5992.636829,5815.16486,5864.462629
20220523,0,5876.294094,5973.903677,5846.715432,5864.462629
20220524,0,5852.631165,5883.195782,5707.695723,5757.979448
20220525,0,5788.544065,5823.052503,5672.201329,5763.89518
20220526,0,5763.89518,5978.833454,5744.176072,5973.903677
20220527,0,5982.777275,6116.867208,5937.423328,6094.190234
20220530,0,6079.400903,6162.221156,6025.173357,6095.176189
20220531,0,6083.344725,6177.996442,6038.976732,6142.502048
20220601,0,6120.811029,6147.431825,5891.083425,5915.732309
20220602,0,5930.52164,5968.9739,5679.103017,5749.105849
20220606,0,5896.013202,5945.310971,5839.813745,5869.392406
20220607,0,5848.687343,5960.100302,5839.813745,5892.06938
20220608,0,5880.237915,5967.001989,5822.066548,5872.350272
20220609,0,5886.153648,5945.310971,5786.572154,5820.094637
20220610,0,5826.996325,5851.645209,5715.583366,5803.333395
20220613,0,5805.305306,5810.235083,5623.889515,5652.482222
20220614,0,5654.454132,5692.906392,5595.296809,5656.426043
20220615,0,5673.187285,5689.948526,5441.487769,5483.883851
20220616,0,5483.883851,5712.6255,5466.136654,5688.962571
20220617,0,5688.962571,5871.364317,5661.35582,5861.504763
20220620,0,5861.504763,5896.013202,5721.499099,5843.757566
20220621,0,5815.60457,5923.189233,5709.025372,5849.790351
20220622,0,5863.866849,5891.014381,5547.145646,5607.473494
20220623,0,5590.380604,5650.708452,5471.735835,5616.522671
20220624,0,5635.62649,5683.888768,5481.790477,5565.244
20220627,0,5614.511743,5768.347756,5454.642945,5725.112798
20220628,0,5728.12919,5878.948811,5652.71938,5835.713853
20220629,0,5841.746638,5875.932419,5742.205688,5824.653748
20220630,0,5882.970668,5945.309444,5748.238473,5832.697461
20220701,0,5830.686532,5830.686532,5643.670203,5682.883304
20220704,0,5738.183832,6002.6209,5663.779486,5950.336765
20220705,0,5970.446048,6079.036174,5887.997988,5934.249339
20220706,0,5880.959739,5928.216554,5535.080076,5615.517207
20220707,0,5614.511743,5660.763093,5465.703051,5548.15111
20220708,0,5580.325962,5665.790414,5517.987186,5557.200287
20220711,0,5557.200287,5639.648346,5384.260455,5439.560983
20220712,0,5417.440772,5555.189359,5362.140244,5486.817797
20220713,0,5429.506342,5456.653873,5235.451763,5442.577375
20220714,0,5377.222207,5580.325962,5369.178493,5470.730371
20220715,0,5470.730371,5506.92708,5231.429907,5236.457227
20220718,0,5316.894358,5540.107397,5186.18402,5516.981722
20220719,0,5486.907949,5589.573586,5432.982564,5445.426883
20220720,0,5393.575552,5555.351707,5353.131513,5383.205285
20220721,0,5363.501779,5449.57499,5320.983687,5362.464752
20220722,0,5294.020994,5529.426041,5259.799115,5481.722816
20220725,0,5423.649324,5527.351988,5294.020994,5326.16882
20220726,0,5402.908791,5598.906826,5348.983406,5558.462787
20220727,0,5590.610613,5635.202758,5437.13067,5455.79715
20220728,0,5480.685789,5699.49841,5443.35283,5640.387892
20220729,0,5647.647078,5668.387611,5528.389015,5588.53656
20220801,0,5630.017625,5751.349742,5479.648763,5498.315242
20220802,0,5498.315242,5536.685228,5408.093924,5521.129828
20220803,0,5521.129828,5669.424638,5477.574709,5614.462226
20220804,0,5674.609771,5691.202197,5482.759842,5500.389295
20220805,0,5500.389295,5511.796588,5344.835299,5351.057459
20220808,0,5320.983687,5415.353111,5282.613701,5368.686912
20220809,0,5311.650447,5439.204724,5300.243154,5364.538806
20220810,0,5402.908791,5427.797431,5198.614543,5212.09589
20220811,0,5236.984529,5386.316365,5163.355638,5356.242592
20220812,0,5392.538525,5499.352269,5372.835019,5496.241189
20220815,0,5445.426883,5551.203601,5418.464191,5511.796588
20220816,0,5441.514793,5507.537086,5387.206132,5478.785442
20220817,0,5507.537086,5507.537086,5378.687127,5413.828025
20220818,0,5401.049516,5638.516796,5391.465635,5566.105249
20220819,0,5616.154406,5653.425056,5563.975497,5622.54366
20220822,0,5617.219282,5769.496506,5615.089531,5747.134117
20220823,0,5802.507653,5946.265871,5717.317597,5871.724573
20220824,0,5871.724573,6044.234435,5853.621686,6034.650554
20220825,0,6037.845181,6163.500513,6015.482791,6108.126977
20220826,0,6081.505084,6107.062101,6033.585678,6077.245582
20220829,0,6047.429062,6135.813745,5986.731148,6044.234435
20220830,0,6044.234435,6129.42449,6001.639407,6103.867474
20220831,0,6060.20757,6066.596825,5982.471645,6042.104684
20220901,0,5951.59025,6010.158413,5807.832031,5847.232432
20220902,0,5846.167556,5908.995222,5817.415912,5875.984075
20220905,0,5891.957211,6042.104684,5830.194421,6006.963786
20220906,0,6006.963786,6030.391051,5808.896907,5913.254725
20220907,0,5856.816313,5888.762584,5771.626258,5813.15641
20220908,0,5830.194421,5931.357612,5775.88576,5855.751437
20220909,0,5833.389048,5912.189849,5815.286161,5839.778302
20220913,0,5905.800595,6099.607971,5874.9192,5907.930346
20220914,0,5891.957211,5957.979504,5846.167556,5884.503081
20220915,0,5902.605968,5989.925775,5868.529946,5880.243578
20220916,0,5862.140691,5966.498509,5775.88576,5922.838606
20220919,0,5897.281589,5937.746866,5703.474213,5754.588246
20220920,0,5750.305762,5939.805691,5706.410298,5872.356564
20220921,0,5888.41588,5899.122091,5735.317067,5799.554331
20220922,0,5792.059984,5833.814206,5610.054402,5662.514835
20220923,0,5652.879245,5698.915951,5486.932979,5500.851053
20220926,0,5401.283294,5555.452728,5374.517767,5378.800251
20220927,0,5406.636399,5464.449937,5254.608207,5304.927397
20220928,0,5310.280503,5347.75224,5250.325723,5277.09125
20220929,0,5318.845471,5415.201368,5261.031934,5303.856776
20220930,0,5329.551682,5348.822861,5204.289017,5219.277712
20221010,0,5460.167452,5490.144842,5354.175967,5441.966894
20221011,0,5417.34261,5505.133537,5379.870872,5486.932979
20221012,0,5468.732421,5489.074221,5408.777641,5469.803042
20221013,0,5454.814347,5497.63919,5385.223978,5419.483852
20221014,0,5383.082735,5419.483852,5319.916092,5383.082735
20221017,0,5359.529072,5361.670314,5167.887901,5229.983923
20221018,0,5244.972618,5383.082735,5192.512185,5382.012114
20221019,0,5342.399135,5478.368011,5342.399135,5458.02621
20221020,0,5470.873663,5596.136328,5426.978199,5549.029001
20221021,0,5531.272108,5585.652593,5402.534636,5431.389586
20221024,0,5430.279781,5574.554535,5426.950363,5536.821137
20221025,0,5513.515216,5563.456477,5448.036673,5536.821137
20221026,0,5556.797642,5726.597929,5537.930943,5689.974338
20221027,0,5726.597929,5770.990161,5672.217445,5728.817541
20221028,0,5770.990161,5824.26084,5712.170454,5747.684239
20221031,0,5759.892103,5860.884431,5660.009581,5714.390065
20221101,0,5704.401813,5833.139286,5621.166378,5823.151034
20221102,0,5868.653072,5944.119866,5807.613753,5906.386469
20221103,0,5906.386469,5968.535594,5881.970741,5909.715886
20221104,0,5859.774625,5951.888507,5770.990161,5907.496275
20221107,0,5929.692391,5962.986565,5795.405889,5826.480451
20221108,0,5843.127538,5876.421712,5733.256764,5848.676567
20221109,0,5843.127538,5854.225596,5744.354822,5802.064724
20221110,0,5787.637248,5837.578509,5696.633173,5745.464628
20221111,0,5748.794045,5873.092295,5728.817541,5790.966666
20221114,0,5802.064724,5816.492199,5607.848709,5634.484048
20221115,0,5604.519291,5718.829289,5571.225117,5672.217445
20221116,0,5655.570358,5668.888028,5479.111236,5504.636769
20221117,0,5511.295604,5544.589778,5490.209294,5521.283856
20221118,0,5531.437423,5570.923515,5432.158105,5488.566808
20221121,0,5463.746979,5514.514812,5419.748191,5460.362457
20221122,0,5469.387849,5515.642986,5390.415665,5481.797764
20221123,0,5505.489419,5549.488208,5462.618805,5493.079505
20221124,0,5435.542628,5460.362457,5353.185921,5376.877576
20221125,0,5409.594624,5468.259675,5308.058959,5467.131501
20221128,0,5482.925938,5496.464027,5345.288703,5399.441058
20221129,0,5392.672013,5520.155682,5348.673225,5393.800187
20221130,0,5382.518447,5463.746979,5359.954965,5460.362457
20221201,0,5472.772372,5592.358822,5441.183498,5559.641774
20221202,0,5584.461604,5612.665955,5506.617593,5537.078293
20221205,0,5514.514812,5524.668378,5317.084351,5336.26331
20221206,0,5348.673225,5379.133924,5203.138771,5269.701041
20221207,0,5246.009385,5309.187133,5220.061382,5231.343122
20221208,0,5257.291126,5297.905392,5224.574078,5250.522081
20221209,0,5295.649044,5323.853395,5213.292337,5260.675648
20221212,0,5270.829215,5308.058959,4978.632133,5004.580136
20221213,0,5005.70831,5244.881211,4987.657525,5230.214948
20221214,0,5250.522081,5293.392696,5195.241552,5208.779641
20221215,0,5235.855819,5267.444692,5050.835273,5189.600682
20221216,0,5198.626075,5214.420512,5082.424146,5127.551109
20221219,0,5110.628498,5156.883634,5033.912662,5058.732491
20221220,0,5040.681706,5128.679283,5040.681706,5067.757884
20221221,0,5090.000295,5090.000295,4949.521906,4991.665423
20221222,0,5023.27306,5057.222004,4986.98281,4997.518689
20221223,0,5016.249141,5073.61115,4917.914269,5032.638286
20221226,0,5024.443714,5075.952456,4997.518689,5059.563311
20221227,0,5057.222004,5147.362304,5051.368738,5130.973159
20221228,0,5133.314465,5139.167731,5002.201302,5026.78502
20221229,0,5026.78502,5051.368738,4947.1806,4981.129544
20221230,0,4981.129544,4997.518689,4906.207736,4961.228439
20230103,0,4976.446931,5071.269843,4915.572962,5058.392658
20230104,0,5063.075271,5088.829642,4992.836076,5025.614367
20230105,0,4998.689342,5031.467633,4855.869647,4991.665423
20230106,0,4992.836076,5009.225221,4919.084922,4968.252358
20230109,0,4958.887132,5054.880698,4931.962107,5029.126327
20230110,0,5047.856778,5246.86783,5037.320899,5207.065619
20230111,0,5241.014563,5321.789637,5194.188434,5260.915668
20230112,0,5272.622201,5347.544008,5245.697176,5334.666823
20230113,0,5367.695028,5469.226178,5335.89009,5443.537574
20230116,0,5431.304905,5526.719721,5297.968817,5475.342513
20230117,0,5492.468249,5551.185059,5454.546976,5505.924185
20230118,0,5521.826654,5640.48354,5520.603387,5630.697405
20230119,0,5651.492942,5825.196838,5641.706807,5804.401301
20230120,0,5772.596362,5963.425994,5755.470626,5958.532927
20230130,0,6299.824384,6324.289721,6120.004154,6183.614031
20230131,0,6212.972436,6271.689246,6148.139292,6206.856101
20230201,0,6116.334353,6165.265028,5964.649261,6091.869016
20230202,0,6089.422482,6111.441285,6000.124,6025.812605
20230203,0,5998.900733,6018.473003,5903.485917,6003.793801
20230206,0,6018.473003,6193.400166,5995.230933,6038.045273
20230207,0,6029.482405,6067.403678,5820.30377,5865.564644
20230208,0,5848.438908,5945.076991,5777.48943,5930.397789
20230209,0,5898.59285,5925.504721,5793.391899,5859.44831
20230210,0,5896.146316,5962.202727,5799.508233,5858.225043
20230213,0,5908.378985,6012.356669,5826.420105,5834.982973
20230214,0,5853.331976,5890.029982,5675.95828,5693.084016
20230215,0,5663.725611,5669.841945,5535.282589,5565.864261
20230216,0,5582.74757,5672.791886,5582.74757,5651.406361
20230217,0,5667.164116,5796.60282,5637.899714,5676.168548
20230220,0,5637.899714,5660.410793,5577.119801,5659.285239
20230221,0,5676.168548,5774.091741,5652.531915,5708.809612
20230222,0,5713.311828,5756.082878,5657.034131,5693.051857
20230223,0,5706.558504,5716.68849,5507.335456,5515.214334
20230224,0,5515.214334,5557.985384,5463.438852,5555.734276
20230227,0,5538.850966,5581.622016,5485.949931,5517.465442
20230228,0,5542.227628,5557.985384,5460.06219,5550.106506
20230301,0,5571.492031,5712.186274,5564.738707,5707.684058
20230302,0,5712.186274,5729.069583,5652.531915,5691.926303
20230303,0,5684.047425,5759.45954,5641.276376,5723.441814
20230306,0,5717.814044,5788.723942,5666.038562,5704.307397
20230307,0,5689.675195,5795.477266,5659.285239,5761.710648
20230308,0,5751.580662,5787.598388,5686.298533,5722.31626
20230309,0,5722.31626,5727.944029,5550.106506,5584.998678
20230310,0,5584.998678,5623.267512,5551.23206,5574.868693
20230313,0,5573.743139,5613.137527,5528.720981,5573.743139
20230314,0,5434.977749,5476.607366,5285.804956,5337.841977
20230315,0,5320.496303,5357.500407,5256.8955,5261.521013
20230316,0,5166.697997,5208.327614,5068.405846,5082.282385
20230317,0,5085.75152,5118.13011,4967.800939,5068.405846
20230320,0,5070.718602,5136.632162,5016.368825,5040.652768
20230321,0,5071.874981,5084.595141,5003.648664,5041.809146
20230322,0,5076.500494,5162.072484,5056.842063,5119.286489
20230323,0,5120.442867,5141.257675,5088.064276,5105.40995
20230324,0,5116.973732,5240.706204,5106.566328,5208.327614
20230327,0,5150.508701,5201.389344,5113.504597,5180.574536
20230328,0,5203.702101,5254.582743,5175.949023,5221.047774
20230329,0,5199.076588,5261.521013,5133.163028,5225.673287
20230330,0,5243.018961,5284.648578,5181.730914,5210.64037
20230331,0,5215.265883,5259.208256,5157.446971,5169.010753
20230403,0,5173.636266,5381.78435,5095.002546,5330.903707
20230404,0,5340.154733,5441.916019,5328.590951,5401.44278
20230406,0,5336.685599,5385.253485,5307.776143,5354.031272
20230407,0,5364.438677,5379.471594,5263.833769,5307.776143
20230410,0,5354.031272,5367.907811,5202.545722,5237.23707
20230411,0,5247.644474,5325.121816,5221.047774,5292.743225
20230412,0,5288.117712,5399.130024,5267.302904,5391.035376
20230413,0,5406.068293,5535.582657,5406.068293,5496.265796
20230414,0,5462.730827,5522.862496,5448.854288,5474.29461
20230417,0,5487.01477,5487.01477,5411.850185,5482.389257
20230418,0,5453.479801,5498.578553,5399.130024,5460.418071
20230419,0,5439.416463,5517.589115,5399.746759,5405.580539
20230420,0,5378.745151,5405.580539,5321.574107,5377.578395
20230421,0,5367.077591,5475.585899,5361.243811,5446.416999
20230424,0,5460.418071,5491.920483,5343.742471,5398.580003
20230425,0,5420.748367,5577.093671,5414.914587,5560.759087
20230426,0,5521.089383,5542.090991,5427.748903,5466.251851
20230427,0,5447.583755,5447.583755,5263.236307,5267.903331
20230428,0,5269.070087,5277.237379,5196.731215,5218.899579
20230504,0,4954.045968,5066.054544,4930.710848,5018.217548
20230505,0,5019.384304,5022.884572,4913.209508,4986.715136
20230508,0,5013.550524,5061.38752,4985.54838,5036.885644
20230509,0,5061.38752,5104.557491,4999.549452,5010.050256
20230510,0,4985.54838,5082.389127,4985.54838,5047.386448
20230511,0,5064.887788,5089.389663,5004.216476,5034.552132
20230512,0,5011.217012,5017.050792,4838.537124,4840.870636
20230515,0,4861.872244,4921.3768,4749.863668,4810.53498
20230516,0,4857.20522,4863.039,4788.366616,4826.869564
20230517,0,4830.460985,4913.063663,4801.729618,4852.00951
20230518,0,4873.558034,4944.18931,4860.389491,4891.515138
20230519,0,4867.572333,4988.4835,4782.575374,4986.08922
20230522,0,5010.032025,5063.903337,4873.558034,4902.289401
20230523,0,4950.175012,4950.175012,4829.263844,4861.586632
20230524,0,4891.515138,5033.97483,4873.558034,5022.003428
20230525,0,4993.272061,5086.649002,4993.272061,5054.326215
20230526,0,5027.989129,5027.989129,4813.701021,4896.303699
20230529,0,4933.415048,4986.08922,4862.783772,4951.372152
20230530,0,4920.246505,4956.160713,4866.375193,4911.866523
20230531,0,4776.589673,4788.561075,4564.695845,4564.695845
20230601,0,4482.093166,4672.438469,4474.910325,4655.678505
20230602,0,4654.481365,4713.141238,4601.807193,4674.83275
20230605,0,4686.804152,4731.098342,4611.384316,4632.93284
20230606,0,4658.072786,4699.972695,4620.961438,4642.509963
20230607,0,4631.7357,4673.635609,4580.258669,4614.975736
20230608,0,4665.255628,4704.761256,4599.412913,4625.749999
20230609,0,4658.583605,4658.583605,4572.711096,4601.75621
20230612,0,4621.961506,4645.955295,4490.62708,4570.185434
20230613,0,4543.665983,4552.5058,4479.261601,4496.941235
20230614,0,4523.460687,4632.064154,4523.460687,4600.493378
20230615,0,4616.910182,4653.532281,4556.294293,4600.493378
20230616,0,4609.333196,4682.577394,4591.653561,4671.211915
20230619,0,4691.417211,4704.045522,4573.973927,4643.429633
20230620,0,4685.103056,4839.16844,4676.263239,4760.872917
20230621,0,4738.141959,4772.238396,4720.462325,4745.718945
20230626,0,4704.045522,4755.821593,4584.076575,4620.698675
20230627,0,4621.961506,4657.320774,4604.281872,4635.852647
20230628,0,4603.019041,4639.64114,4592.916392,4613.121689
20230629,0,4595.442054,4673.737577,4587.865068,4649.743788
20230630,0,4628.275661,4707.834015,4615.647351,4640.903971
20230703,0,4625.749999,4666.160591,4623.224337,4632.064154
20230704,0,4653.532281,4710.359677,4637.115478,4672.474746
20230705,0,4685.103056,4695.205704,4591.653561,4627.01283
20230706,0,4644.692464,4645.955295,4611.858858,4634.589816
20230707,0,4624.487168,4692.680042,4611.858858,4658.583605
20230710,0,4661.109267,4786.129537,4661.109267,4741.930452
20230711,0,4741.930452,4846.745426,4675.000408,4829.065792
20230712,0,4861.899398,4959.137386,4827.802961,4952.823231
20230713,0,4965.451541,4983.131175,4895.995835,4940.194921
20230714,0,4950.297569,4997.022316,4916.201132,4940.194921
20230717,0,4940.194921,4957.874555,4778.552551,4808.860496
20230718,0,4810.123327,4851.79675,4773.501227,4844.219764
20230719,0,4821.488806,4899.784328,4821.488806,4892.207342
20230720,0,4912.412639,4983.131175,4892.207342,4952.823231
20230721,0,4956.611724,4975.554189,4888.418849,4933.880766
20230724,0,4950.297569,5031.118754,4829.065792,4912.412639
20230725,0,4936.406428,4995.759485,4873.264877,4993.233823
20230726,0,4988.182499,5043.747064,4976.81702,5013.43912
20230727,0,5000.810809,5033.644416,4925.040949,5004.599302
20230728,0,5021.016106,5229.383223,5021.016106,5225.59473
20230731,0,5243.274364,5297.576097,5158.664686,5186.446968
20230801,0,5247.062857,5288.73628,5166.241672,5272.319477
20230802,0,5259.691167,5259.691167,5186.446968,5194.023954
20230803,0,5177.607151,5187.709799,4907.361315,4976.81702
20230804,0,5026.06743,5053.849712,4962.925879,5019.753275
20230807,0,5042.484233,5175.081489,5012.176289,5115.728432
20230808,0,5129.619573,5194.023954,5118.254094,5118.254094
20230809,0,5075.317839,5154.876193,5003.336471,5149.824869
20230810,0,5214.229251,5416.282213,5185.184137,5416.282213
20230811,0,5466.795453,5509.731707,5372.083127,5454.167143
20230814,0,5468.058284,5625.912161,5461.744129,5528.674173
20230815,0,5545.090976,5656.220105,5527.411342,5642.328964
20230816,0,5594.341385,5676.425401,5564.033441,5637.27764
20230817,0,5642.328964,5658.745767,5518.571525,5620.860837
20230818,0,5642.328964,5790.080192,5612.021019,5721.887318
20230821,0,5703.339871,5793.758674,5654.652823,5786.803381
20230822,0,5819.261413,5940.979032,5813.465336,5893.4512
20230823,0,5888.814338,5965.322556,5851.719445,5935.182955
20230824,0,5900.406492,5980.392356,5867.948461,5880.69983
20230825,0,5888.814338,5976.91471,5869.107676,5946.775109
20230828,0,5995.462157,6132.249577,5974.596279,6128.77193
20230829,0,6122.975853,6135.727223,5981.551572,6045.30842
20230830,0,6052.263713,6164.707608,6030.23862,6153.115454
20230831,0,6167.026039,6265.55935,6167.026039,6219.190733
20230901,0,6252.80798,6395.391477,6223.827595,6366.411092
20230904,0,6387.276969,6555.363205,6381.480892,6506.676158
20230905,0,6507.835373,6606.368684,6438.282448,6563.477713
20230906,0,6555.363205,6717.653364,6539.134189,6680.558471
20230907,0,6645.782008,6653.896516,6466.103618,6537.974974
20230908,0,6556.522421,6570.433006,6403.505985,6434.804801
20230911,0,6468.422049,6653.896516,6433.645586,6485.81028
20230912,0,6491.606357,6624.91613,6491.606357,6583.184375
20230913,0,6626.075346,6744.315319,6533.338112,6582.02516
20230914,0,6595.935745,6614.483192,6473.05891,6592.458099
20230915,0,6658.533378,6694.469056,6572.751437,6601.731822
20230918,0,6566.955359,6598.254176,6468.422049,6562.318498
20230919,0,6579.706729,6732.723165,6555.363205,6700.265133
20230920,0,6733.10957,6794.106381,6545.427073,6592.347697
20230921,0,6591.174682,6660.382602,6480.911215,6483.257246
20230922,0,6529.004855,6701.438148,6523.139777,6673.285774
20230925,0,6716.687351,6733.10957,6607.5969,6633.403243
20230926,0,6604.077853,6604.077853,6316.68903,6351.879498
20230927,0,6370.647748,6446.893762,6254.519203,6402.319169
20230928,0,6435.163606,6676.804821,6371.820764,6663.901649
20231009,0,6451.585825,6537.215964,6272.114437,6338.976327
20231010,0,6343.668389,6344.841405,6173.581126,6229.885875
20231011,0,6229.885875,6231.058891,6056.279566,6107.892253
20231012,0,6041.030363,6068.009722,5874.462147,5963.611333
20231013,0,6041.030363,6055.10655,5929.593881,5996.45577
20231016,0,6129.006533,6155.985892,6026.954176,6056.279566
20231017,0,6075.047816,6076.220831,5875.635163,5962.438318
20231018,0,5975.341489,6102.027175,5904.960553,6042.203379
20231019,0,6042.203379,6093.459,6011.211608,6061.275238
20231020,0,6027.899484,6129.218736,5926.580233,6061.275238
20231023,0,6091.075018,6150.674578,5984.987801,6122.066789
20231024,0,6150.674578,6206.698164,6038.627405,6108.954886
20231025,0,6094.650991,6099.418956,5964.723951,5988.563775
20231026,0,6021.939528,6083.923071,5955.188021,5999.291696
20231027,0,5938.500145,6144.714622,5914.660321,6129.218736
20231030,0,6130.410727,6216.234094,6085.115062,6122.066789
20231031,0,6088.691035,6150.674578,5968.299924,6148.290595
20231101,0,6190.010287,6272.25768,6135.178692,6243.649891
20231102,0,6300.865469,6310.401398,6205.506173,6232.92197
20231103,0,6222.194049,6288.945557,6170.938428,6255.569803
20231106,0,6269.873697,6279.409627,6128.026745,6218.618076
20231107,0,6231.729979,6232.92197,6088.691035,6097.034974
20231108,0,6081.539088,6133.986701,6008.827625,6114.914842
20231109,0,6064.851211,6251.993829,6050.547317,6240.073917
20231110,0,6263.913741,6410.528659,6249.609847,6297.289495
20231113,0,6315.169363,6356.889055,6153.05856,6210.274138
20231114,0,6228.154005,6303.249451,6215.042102,6262.72175
20231115,0,6231.729979,6285.369583,6181.666349,6272.25768
20231116,0,6254.251198,6254.251198,6130.606693,6176.223112
20231117,0,6146.21231,6207.434347,6017.766076,6053.779039
20231120,0,6096.994594,6205.033483,6046.576447,6195.430026
20231121,0,6229.042124,6242.246877,5894.121571,5902.524595
20231122,0,5918.130213,5990.156138,5807.69046,5901.324163
20231123,0,5824.49651,5874.914657,5687.647251,5806.490028
20231124,0,5835.300398,5872.513793,5787.283115,5834.099966
20231127,0,5817.293917,5834.099966,5673.242066,5770.477065
20231128,0,5757.272312,5819.694781,5710.455461,5786.082683
20231129,0,5811.291757,5853.30688,5727.26151,5729.662374
20231130,0,5747.668856,5792.084843,5680.444659,5769.276633
20231201,0,5792.084843,5836.50083,5655.235585,5680.444659
20231204,0,5688.847683,5688.847683,5495.578116,5548.397128
20231205,0,5564.002746,5651.634288,5543.5954,5608.418733
20231206,0,5590.412252,5650.433856,5551.998425,5618.02219
20231207,0,5594.013548,5662.438177,5409.147006,5461.966018
20231208,0,5515.985462,5850.906016,5497.978981,5786.082683
20231211,0,5798.087004,5884.518114,5766.875769,5811.291757
20231212,0,5763.274473,5801.6883,5666.039473,5750.06972
20231213,0,5672.041634,5739.265831,5565.203178,5656.436017
20231214,0,5690.048115,5799.287436,5644.431696,5751.270152
20231215,0,5798.087004,5798.087004,5703.252868,5727.26151
20231218,0,5748.869288,5768.076201,5586.810955,5700.852004
20231219,0,5700.852004,5819.694781,5698.45114,5760.873609
20231220,0,5749.77366,5900.239637,5718.940467,5854.606513
20231221,0,5887.90636,5960.672693,5826.239976,5887.90636
20231222,0,5833.639942,5984.105919,5789.240145,5931.072829
20231225,0,5917.506224,6026.039061,5868.173117,5933.539484
20231226,0,5953.272727,5955.739383,5831.173287,5894.072998
20231227,0,5902.706292,6018.639094,5902.706292,5979.172609
20231228,0,5961.906021,6028.505716,5932.306157,6000.139179
20231229,0,5973.00597,5991.505885,5859.539823,5915.039569
20240102,0,5939.706123,6203.638247,5939.706123,6141.971863
20240103,0,6148.138501,6164.171761,5985.339247,6003.839162
20240104,0,6028.505716,6039.605665,5875.573083,5918.739552
20240105,0,5924.906191,5924.906191,5689.340603,5744.840349
20240108,0,5741.140366,5752.240315,5638.774168,5648.640789
20240109,0,5601.774338,5642.474151,5489.541518,5515.4414
20240110,0,5577.107784,5596.841027,5447.608377,5462.408309
20240111,0,5426.641806,5466.108292,5318.10897,5406.908564
20240112,0,5436.508428,5453.775016,5356.342129,5369.908733
20240115,0,5395.808614,5414.30853,5281.10914,5351.408818
20240116,0,5318.10897,5399.508597,5304.542366,5395.808614
20240117,0,5413.075202,5453.775016,5344.008852,5369.908733
20240118,0,5303.309038,5400.741925,5286.042451,5377.308699
20240119,0,5358.808784,5406.908564,5341.542196,5383.475338
20240122,0,5379.678811,5444.21977,5320.199887,5394.864919
20240123,0,5425.237135,5459.405878,5382.209829,5429.033662
20240124,0,5401.192464,5441.688752,5356.899648,5426.502644
20240125,0,5430.299171,5530.274383,5429.033662,5503.698694
20240126,0,5516.353784,5536.601928,5464.467914,5494.840131
20240129,0,5473.326477,5485.981568,5335.385995,5473.326477
20240130,0,5442.954261,5545.460491,5432.830189,5507.495221
20240131,0,5503.698694,5503.698694,5131.639044,5217.693657
20240201,0,5226.55222,5284.765635,5188.58695,5239.20731
20240202,0,5261.986472,5307.544797,5192.383477,5224.021202
20240205,0,5203.773058,5249.331382,5144.294134,5232.879765
20240206,0,5229.083238,5305.013779,5211.366112,5291.09318
20240207,0,5312.606833,5361.961684,5244.269346,5261.986472
20240208,0,5287.296653,5310.075815,5220.224675,5261.986472
20240219,0,5322.730905,5384.740847,5192.383477,5243.003837
20240220,0,5259.455454,5383.475338,5259.455454,5360.696175
20240221,0,5342.979049,5399.926955,5260.720963,5321.465396
20240222,0,5321.465396,5360.696175,5283.500126,5356.899648
20240223,0,5361.961684,5379.678811,5258.189945,5299.951743
20240226,0,5253.127909,5294.889707,5131.639044,5237.941801
20240227,0,5234.145274,5311.341324,5217.693657,5292.358689
20240228,0,5278.840531,5334.039675,5259.689808,5286.726123
20240229,0,5282.220071,5340.798753,5218.008822,5251.804216
20240301,0,5251.804216,5382.479739,5249.55119,5347.557832
20240304,0,5390.365331,5401.630462,5330.660135,5370.088095
20240305,0,5372.341121,5420.781186,5334.039675,5349.810858
20240306,0,5331.786648,5353.190398,5268.701913,5307.003359
20240307,0,5305.876846,5356.569937,5287.852636,5320.521517
20240308,0,5320.521517,5337.419214,5268.701913,5296.864741
20240311,0,5270.954939,5270.954939,5176.327836,5190.972507
20240312,0,5190.972507,5221.388361,5144.785469,5186.466454
20240313,0,5186.466454,5233.780006,5172.948297,5211.249743
20240314,0,5255.183755,5316.015464,5231.52698,5282.220071
20240315,0,5300.244281,5346.431319,5291.232176,5307.003359
20240318,0,5312.635925,5405.010002,5246.17165,5402.756976
20240319,0,5395.997897,5450.070527,5362.202503,5398.250923
20240320,0,5406.136515,5420.781186,5348.684345,5376.847174
20240321,0,5336.292701,5391.491844,5282.220071,5377.973687
20240322,0,5353.023155,5366.632536,5275.90333,5313.329127
20240325,0,5339.413774,5339.413774,5260.025719,5291.780941
20240326,0,5291.780941,5382.510147,5280.43979,5287.244481
20240327,0,5287.244481,5296.317401,5174.967088,5181.771779
20240328,0,5194.247044,5243.013993,5179.503548,5219.197576
20240329,0,5248.684568,5260.025719,5165.894168,5210.124656
20240401,0,5210.124656,5295.183286,5205.588195,5282.70802
20240402,0,5270.232754,5375.705456,5266.830409,5354.15727
20240403,0,5377.973687,5466.434663,5375.705456,5440.350016
20240408,0,5405.192448,5426.740635,5334.877314,5407.460679
20240409,0,5438.081786,5458.495857,5389.314837,5430.14298
20240410,0,5430.14298,5430.14298,5339.413774,5363.230191
20240411,0,5355.291385,5377.973687,5312.195012,5355.291385
20240412,0,5338.279659,5363.230191,5286.110366,5355.291385
20240415,0,5379.107802,5399.521873,5272.500985,5313.329127
20240416,0,5324.670278,5398.387758,5290.646826,5299.719746
20240417,0,5284.97625,5411.997139,5282.70802,5393.851298
20240418,0,5375.705456,5431.277095,5291.780941,5305.390322
20240419,0,5318.999703,5443.752361,5228.270497,5314.463242
20240422,0,5275.571346,5316.751001,5245.830484,5276.715225
20240423,0,5276.715225,5313.319363,5242.398846,5265.276432
20240424,0,5222.952898,5301.88057,5205.794709,5297.305053
20240425,0,5306.456087,5346.491863,5265.276432,5300.736691
20240426,0,5300.736691,5339.628587,5252.69376,5312.175484
20240429,0,5325.902035,5353.355139,5259.557036,5300.736691
20240430,0,5307.599967,5331.621432,5206.938588,5211.514105
20240506,0,5099.413933,5149.744623,5059.378158,5101.701692
20240507,0,5110.852726,5155.464019,5087.97514,5139.449709
20240508,0,5128.010916,5200.075312,5118.859882,5171.47833
20240509,0,5170.33445,5176.053847,5107.421089,5142.881347
20240510,0,5148.600743,5176.053847,5110.852726,5152.032381
20240513,0,5156.607899,5164.615054,5073.104709,5117.716002
20240514,0,5130.298675,5156.607899,5082.255744,5099.413933
20240515,0,5076.536347,5130.298675,5067.385313,5114.284364
20240516,0,5099.413933,5170.33445,5086.831261,5163.471174
20240517,0,5174.909967,5335.05307,5168.046692,5332.765311
20240520,0,5341.916346,5480.325741,5341.916346,5467.743069
20240521,0,5447.153242,5502.059448,5432.282811,5484.901259
20240522,0,5456.304276,5474.606345,5418.556259,5426.563414
20240523,0,5424.275656,5429.995052,5347.635742,5369.369449
20240524,0,5417.425364,5479.546425,5370.541544,5466.653375
20240527,0,5450.244038,5608.476929,5438.523083,5601.444356
20240528,0,5626.058362,5708.105046,5606.132738,5622.542075
20240529,0,5637.779317,5637.779317,5536.979104,5616.681598
20240530,0,5614.337407,5679.974754,5559.248919,5600.272261
20240531,0,5600.272261,5643.639794,5521.741863,5562.765205
20240603,0,5614.337407,5641.295603,5395.15555,5420.941651
20240604,0,5418.59746,5433.834701,5294.355337,5315.453056
20240605,0,5303.732101,5308.420483,5232.234276,5242.783136
20240606,0,5254.504091,5282.634383,5201.759794,5228.71799
20240607,0,5225.201703,5270.913428,5185.350457,5208.792367
20240611,0,5249.815709,5306.076292,5228.71799,5286.150669
20240612,0,5286.150669,5361.164781,5276.773905,5357.648494
20240613,0,5384.60669,5396.327645,5240.438945,5266.225046
20240614,0,5272.085523,5299.043719,5204.103985,5277.946001
20240617,0,5307.248388,5375.229926,5249.815709,5252.1599
20240618,0,5262.708759,5364.681067,5255.676186,5341.239157
20240619,0,5341.239157,5507.676717,5340.067062,5479.546425
20240620,0,5499.472049,5519.397672,5450.244038,5499.472049
20240621,0,5513.537194,5519.397672,5454.93242,5463.137088
20240624,0,5456.104515,5478.37433,5396.327645,5436.178892
20240625,0,5445.555656,5540.495391,5433.834701,5539.323295
20240626,0,5532.290722,5539.323295,5417.425364,5506.504622
20240627,0,5502.988335,5519.397672,5461.964993,5481.890616
20240628,0,5512.365099,5583.862924,5492.439476,5569.797778
20240701,0,5568.625683,5569.797778,5487.751094,5514.70929
20240702,0,5514.70929,5603.788547,5495.955762,5588.551306
20240703,0,5611.993216,5628.402553,5579.174542,5603.788547
20240704,0,5611.993216,5619.025789,5559.248919,5563.937301
20240705,0,5566.281492,5566.281492,5465.481279,5491.26738
20240708,0,5497.127858,5508.848813,5426.802128,5431.49051
20240709,0,5443.211465,5450.244038,5371.71364,5382.262499
20240710,0,5363.508972,5436.178892,5284.978574,5297.871624
20240711,0,5304.904197,5386.950881,5300.215815,5358.82059
20240712,0,5362.336876,5382.262499,5316.625152,5357.648494
20240715,0,5344.755444,5365.853163,5299.043719,5308.420483
20240716,0,5307.248388,5355.304303,5303.732101,5341.239157
20240717,0,5309.592579,5361.164781,5280.290192,5299.043719
20240718,0,5321.313534,5372.885735,5304.904197,5356.476399
20240719,0,5329.518202,5348.27173,5299.043719,5306.076292
20240722,0,5302.560006,5306.076292,5164.252738,5215.82494
20240723,0,5194.727221,5260.364568,5183.006266,5245.127327
20240724,0,5227.545894,5390.467168,5213.480749,5342.411253
20240725,0,5342.411253,5347.099635,5241.61104,5260.364568
20240726,0,5248.643613,5330.690298,5222.857512,5304.904197
20240729,0,5286.150669,5350.615921,5241.61104,5295.527433
20240730,0,5277.946001,5314.280961,5224.029608,5281.462287
20240731,0,5274.429714,5384.60669,5252.1599,5365.853163
20240801,0,5392.811359,5415.081173,5357.648494,5408.0486
20240802,0,5433.834701,5465.481279,5381.090404,5411.564887
20240805,0,5361.164781,5361.164781,5221.685417,5229.890085
20240806,0,5192.38303,5284.978574,5192.38303,5232.234276
20240807,0,5201.759794,5265.05295,5194.727221,5249.815709
20240808,0,5296.699528,5320.141438,5252.1599,5262.708759
20240809,0,5274.429714,5328.346107,5240.438945,5254.504091
20240812,0,5258.020377,5344.755444,5222.857512,5344.755444
20240813,0,5356.476399,5391.639263,5333.034489,5347.099635
20240814,0,5338.894966,5349.443826,5268.569237,5289.666956
20240815,0,5289.666956,5300.215815,5185.350457,5247.471518
20240816,0,5269.546218,5342.077374,5257.98328,5301.081503
20240819,0,5252.727399,5348.384432,5242.215637,5308.439737
20240820,0,5331.565613,5339.975022,5236.959756,5298.979151
20240821,0,5298.979151,5326.309732,5285.31386,5314.746794
20240822,0,5324.207379,5371.510308,5269.546218,5288.467389
20240823,0,5309.490913,5324.207379,5262.187984,5284.262684
20240826,0,5323.156203,5413.557355,5296.876799,5403.045593
20240827,0,5445.092641,5452.450874,5396.738536,5446.143817
20240828,0,5429.324998,5460.860283,5414.608531,5424.069117
20240829,0,5408.301474,5427.222646,5382.02207,5392.533831
20240830,0,5392.533831,5430.376174,5374.663836,5404.096769
20240902,0,5404.096769,5413.557355,5287.416213,5289.518565
20240903,0,5308.439737,5309.490913,5236.959756,5238.010932
20240904,0,5162.326247,5185.452123,5087.692738,5098.204499
20240905,0,5108.716261,5156.01919,5080.334504,5096.102147
20240906,0,5122.381552,5158.121542,5078.232152,5096.102147
20240909,0,5095.050971,5095.050971,5019.366286,5059.310981
20240910,0,5077.180976,5093.999795,4983.626295,4999.393938
20240911,0,4983.626295,4999.393938,4878.508677,4962.602772
20240912,0,4969.961005,4976.268062,4812.284577,4961.551595
20240913,0,4941.579248,5007.803348,4935.272191,4962.602772
20240918,0,5003.598643,5010.956876,4926.862781,4969.961005
20240919,0,4986.779824,5040.389809,4957.346891,5034.082752
20240920,0,5054.568418,5064.272154,4981.251299,5002.815157
20240923,0,4975.860334,4992.033228,4903.621409,4918.71611
20240924,0,4927.341653,5030.848173,4905.777794,5020.066244
20240925,0,5030.848173,5127.885536,5030.848173,5048.09926
20240926,0,5033.004559,5089.070591,4969.391177,5018.988051
20240927,0,5008.206122,5070.741312,4970.46937,5052.412032
20240930,0,5061.037575,5193.655305,5033.004559,5166.700482
20241008,0,5396.355574,5475.063657,5352.149664,5415.763046
20241009,0,5422.232204,5423.310397,5241.095793,5315.491105
20241010,0,5287.458089,5355.384243,5258.34688,5288.536282
20241011,0,5313.334719,5371.557137,5301.474597,5342.445928
20241014,0,5331.663999,5360.775207,5293.927246,5317.647491
20241015,0,5304.709176,5325.194841,5190.420726,5202.280848
20241016,0,5192.577112,5228.157478,5177.482411,5182.873375
20241017,0,5177.482411,5215.219163,5130.041922,5134.354694
20241018,0,5138.723428,5167.120199,5114.695391,5149.645263
20241021,0,5141.999978,5159.474915,5073.192417,5091.759537
20241022,0,5119.064125,5123.432859,5045.887829,5085.206436
20241023,0,5108.14229,5148.55308,5095.036087,5104.865739
20241024,0,5078.653335,5116.879758,5051.348747,5116.879758
20241025,0,5116.879758,5176.949851,5075.376784,5093.943904
20241028,0,5119.064125,5124.525042,4980.356819,5058.994032
20241029,0,5008.75359,5045.887829,4954.144414,4981.449002
20241030,0,5001.108305,5013.122324,4887.52122,4925.747643
20241031,0,4932.300744,4951.960047,4897.350872,4941.038212
20241101,0,4953.052231,4961.789699,4897.350872,4933.392928
20241104,0,4920.286725,4949.77568,4884.244669,4931.208561
20241105,0,4953.052231,4958.513148,4910.457074,4929.024193
20241106,0,4936.669478,4953.052231,4735.707712,4778.302869
20241107,0,4772.841951,4863.493183,4735.707712,4836.188595
20241108,0,4821.990209,4900.627422,4816.529292,4854.755715
20241111,0,4837.280778,4880.968119,4779.395052,4814.344925
20241112,0,4768.473217,4830.727677,4768.473217,4816.529292
20241113,0,4807.791824,4839.465145,4790.316887,4814.344925
20241114,0,4813.252741,4882.060302,4795.777805,4875.507201
20241115,0,4906.08834,4953.052231,4820.898026,4821.990209
20241118,0,4843.833879,4848.202614,4709.495307,4760.827932
20241119,0,4770.657584,4899.535239,4755.367015,4898.443055
20241120,0,4898.443055,4934.304455,4861.460987,4919.735761
20241121,0,4948.873148,5016.113273,4930.942449,4970.165854
20241122,0,4993.699898,4995.941235,4923.097767,4951.114486
20241125,0,4964.562511,5006.027254,4930.942449,4980.251873
20241126,0,4988.096554,5001.544579,4907.408405,4946.631811
20241127,0,4946.631811,4967.924517,4902.92573,4951.114486
20241128,0,4951.114486,4963.441842,4897.322386,4906.287736
20241129,0,4929.82178,4955.597161,4910.770411,4952.235155
20241202,0,4947.75248,5034.043972,4913.011749,5010.509929
20241203,0,5021.716616,5045.25066,4993.699898,5020.595948
20241204,0,5044.129991,5044.129991,4969.045186,4982.49321
20241205,0,4992.579229,5047.491997,4943.269805,4949.993817
20241206,0,4956.71783,4963.441842,4827.840925,4835.685606
20241209,0,4844.650956,4889.477705,4830.082262,4880.512355
20241210,0,4891.719043,4975.769198,4889.477705,4915.253086
20241211,0,4915.253086,5008.268591,4911.89108,4998.182573
20241212,0,5001.544579,5040.767985,4971.286523,5022.837285
20241213,0,5022.837285,5027.403501,4969.18425,4990.873775
20241216,0,5002.289314,5002.289314,4900.691015,4974.89202
20241217,0,4977.175128,4977.175128,4933.796079,4937.22074
20241218,0,4912.106554,4931.512971,4881.284598,4901.832569
20241219,0,4921.238985,4931.512971,4853.887304,4916.67277
20241220,0,4910.965,4942.92851,4857.311965,4880.143044
20241223,0,4884.70926,4901.832569,4836.763995,4875.576828
20241224,0,4852.74575,4931.512971,4842.471764,4931.512971
20241225,0,4931.512971,4957.768711,4912.106554,4937.22074
20241226,0,4920.097432,4980.59979,4915.531216,4971.467358
20241227,0,4977.175128,4998.864653,4931.512971,4937.22074
20241230,0,4961.193373,4989.732221,4941.786956,4969.18425
20241231,0,4976.033574,5240.874085,4976.033574,5183.796389
20250102,0,5181.513281,5191.787266,5102.74606,5135.851124
20250103,0,5156.399095,5160.96531,5069.640996,5073.065658
20250106,0,5093.613629,5136.992678,5037.677486,5054.800795
20250107,0,5071.924104,5078.773428,4934.937633,4996.581545
20250108,0,5018.271069,5051.376133,4984.024452,4994.298437
20250109,0,5018.271069,5093.613629,4998.864653,5078.773428
20250110,0,5089.047413,5129.0018,5073.065658,5114.161599
20250113,0,5158.682203,5325.349076,5094.755183,5246.581855
20250114,0,5245.440301,5364.16191,5234.024762,5336.764615
20250115,0,5353.217975,5353.217975,5252.147339,5319.136016
20250116,0,5319.136016,5409.629492,5258.023539,5394.351373
20250117,0,5372.021814,5426.082852,5301.507417,5364.970374
20250120,0,5353.217975,5366.145614,5248.621619,5286.229298
20250121,0,5290.930257,5300.332177,5234.51874,5240.394939
20250122,0,5221.5911,5221.5911,5145.200503,5169.880542
20250123,0,5159.303383,5191.034862,5062.933707,5080.562306
20250124,0,5100.541385,5116.994745,5042.954628,5065.284187
20250127,0,5071.160387,5107.592825,5037.078428,5038.253668
20250205,0,5041.779388,5166.354823,5041.779388,5134.623344
20250206,0,5118.169985,5200.436781,5113.469025,5148.726223
20250207,0,5154.602423,5171.055782,5079.387066,5133.448104
20250210,0,5140.499544,5189.859622,5107.592825,5124.046184
20250211,0,5128.747144,5165.179583,5101.716625,5165.179583
20250212,0,5180.457702,5194.560581,5114.644265,5174.581502
20250213,0,5148.726223,5162.829103,5007.697429,5035.903188
20250214,0,5035.903188,5095.840426,5026.501268,5052.356547
20250217,0,5039.428908,5068.809907,5013.573629,5065.284187
20250218,0,5085.322674,5118.720152,5051.925196,5103.134662
20250219,0,5106.47441,5117.606903,5066.397436,5102.021413
20250220,0,5102.021413,5117.606903,5077.529929,5090.88892
20250221,0,5099.794914,5108.700908,5026.320462,5029.66021
20250224,0,5026.320462,5097.568416,5024.093964,5049.698697
20250225,0,5049.698697,5067.510685,5011.848222,5026.320462
20250226,0,4989.583236,5029.66021,4938.37377,4966.205002
20250227,0,4959.525506,5016.301219,4948.393013,5004.055477
20250228,0,5020.754216,5063.057688,5016.301219,5034.113207
20250303,0,5025.207213,5071.963682,5000.715729,5056.378193
20250304,0,5065.284187,5070.850433,4984.01699,4989.583236
20250305,0,4976.224245,5037.452955,4952.84601,5025.207213
20250306,0,5004.055477,5122.0599,4991.809735,5109.814158
20250307,0,5115.380404,5158.797126,5090.88892,5099.794914
20250310,0,5115.380404,5142.098387,5071.963682,5106.47441
20250311,0,5120.94665,5166.589871,5085.322674,5158.797126
20250312,0,5162.136873,5176.609114,5107.587659,5125.399647
20250313,0,5139.871888,5227.81858,5139.871888,5207.780094
20250314,0,5207.780094,5237.837824,5179.948862,5225.592082
20250317,0,5233.384827,5236.724575,5166.589871,5192.194604
20250318,0,5198.874099,5260.102809,5177.722363,5236.724575
20250319,0,5244.51732,5255.649812,5188.854856,5202.213847
20250320,0,5207.780094,5226.705331,5171.042868,5178.835613
20250321,0,5175.385356,5242.090322,5175.385356,5214.488267
20250324,0,5207.587753,5269.692378,5186.886212,5257.041436
20250325,0,5266.242121,5284.643491,5227.139209,5273.142635
20250326,0,5289.243833,5343.297858,5275.442806,5328.346745
20250327,0,5339.847601,5367.449657,5294.994262,5305.345032
20250328,0,5313.395632,5339.847601,5293.844176,5299.594604
20250331,0,5293.844176,5312.245546,5250.140922,5304.194947
20250401,0,5303.044861,5340.997687,5266.242121,5319.14606
20250402,0,5309.945375,5400.80214,5284.643491,5343.297858
20250403,0,5338.697516,5387.001112,5309.945375,5358.248972
20250407,0,5462.906764,5462.906764,5143.182958,5251.291008
20250408,0,5288.093748,5321.446231,5181.135784,5190.336469
20250409,0,5178.835613,5206.437668,4993.671825,5018.973709
20250410,0,4945.368229,5193.786726,4913.165831,5165.034585
20250411,0,5117.881074,5143.182958,5022.423966,5053.476278
20250414,0,5032.774737,5163.884499,4987.921397,5160.434242
20250415,0,5171.935099,5207.587753,5081.078334,5086.828762
20250416,0,5071.457127,5117.572032,5045.443591,5077.369294
20250417,0,5111.659865,5150.680169,5086.828762,5122.301766
20250418,0,5131.761233,5187.335606,5125.849066,5179.058572
20250421,0,5190.882907,5205.072108,5148.315302,5173.146405
20250422,0,5164.86937,5200.342374,5157.77477,5199.159941
20250423,0,5206.254542,5285.477584,5169.599104,5277.200549
20250424,0,5250.00458,5261.828914,5210.984275,5241.727546
20250425,0,5235.815378,5242.909979,5180.241005,5183.788306
20250428,0,5167.234237,5226.355911,5154.227469,5213.349142
20250429,0,5210.984275,5212.166709,5149.497735,5201.524808
20250430,0,5189.700473,5238.180245,5158.957203,5202.707241
20250506,0,5164.86937,5271.288382,5114.024731,5258.281614
20250507,0,5272.470816,5300.849219,5238.180245,5259.464048
20250508,0,5248.822146,5266.558648,5164.86937,5180.241005
20250509,0,5190.882907,5220.443743,5149.497735,5163.686937
20250512,0,5184.970739,5194.430207,5125.849066,5154.227469
20250513,0,5182.605872,5195.61264,5037.166556,5078.551728
20250514,0,5098.653096,5222.80861,5088.011195,5150.680169
20250515,0,5143.585568,5148.315302,5044.261157,5047.808457
20250516,0,5040.713857,5110.477431,5026.524655,5053.720625
20250519,0,5064.362526,5067.909826,5019.430054,5044.261157
20250520,0,5053.720625,5053.720625,4982.774617,4995.781385
20250521,0,4983.95705,5039.531423,4983.95705,5008.788153
20250522,0,5006.39275,5006.39275,4941.716863,4942.914564
20250523,0,4940.519161,4958.484685,4827.935209,4839.912225
20250526,0,4842.307629,4885.424887,4837.516822,4865.063959
20250527,0,4875.843274,4920.158234,4863.866258,4898.599605
20250528,0,4900.995008,4917.76283,4872.250169,4906.983516
20250529,0,4923.751339,4951.298476,4879.436379,4934.530653
20250530,0,4906.983516,4917.76283,4778.829443,4781.224846
20250603,0,4820.749,4904.588113,4820.749,4877.040976
20250604,0,4887.82029,4904.588113,4837.516822,4896.204201
20250605,0,4892.611097,4926.146742,4881.831782,4897.401903
20250606,0,4904.588113,4946.507669,4877.040976,4908.181218
20250609,0,4911.774322,4944.112266,4889.017992,4929.739847
20250610,0,4944.112266,4965.670895,4879.436379,4933.332951
20250611,0,4934.530653,4958.484685,4900.995008,4946.507669
20250612,0,4975.252508,4993.218032,4945.309968,4959.682387
20250613,0,4954.89158,5251.921581,4934.530653,5200.420412
20250616,0,5229.16525,5302.225049,5148.919242,5267.491702
20250617,0,5227.967549,5272.282508,5168.082468,5248.328476
20250618,0,5268.689404,5411.215896,5251.921581,5383.668759
20250619,0,5389.657267,5439.960734,5372.889444,5439.960734
20250620,0,5452.014714,5511.079211,5426.701358,5472.506478
20250623,0,5449.603918,5561.705923,5400.182604,5438.755337
20250624,0,5418.263572,5431.522949,5131.378871,5131.378871
20250625,0,5115.708699,5127.762678,5036.152437,5094.011536
20250626,0,5092.806139,5197.675756,5068.69818,5138.611259
20250627,0,5120.53029,5143.43285,5103.65472,5127.762678
20250630,0,5127.762678,5144.638248,5057.849599,5089.189945
20250701,0,5100.038526,5101.243924,5020.482264,5062.671191
20250702,0,5068.69818,5096.422332,5034.947039,5075.930568
20250703,0,5087.984547,5114.503301,5060.260395,5084.368353
20250704,0,5097.62773,5114.503301,5034.947039,5038.563233
20250707,0,5033.741641,5056.644201,4993.963511,5049.411814
20250708,0,5061.465793,5068.69818,5024.098458,5026.509254
20250709,0,5030.125448,5056.644201,5015.660673,5053.028008
20250710,0,5050.617212,5092.806139,5039.768631,5079.546762
20250711,0,5071.108976,5077.135966,4987.936521,5009.633683
20250714,0,5014.455275,5067.492783,5009.633683,5050.617212
20250715,0,5066.287385,5091.600741,4949.363788,4955.390778
20250716,0,4966.239359,4972.266348,4936.104411,4955.390778
20250717,0,4932.488217,4937.309809,4897.531678,4915.612647
20250718,0,4922.845034,4942.131401,4854.137354,4885.477699
20250721,0,4885.477699,4963.841251,4880.579977,4939.352641
20250722,0,4933.230489,4955.270238,4812.011869,4859.764659
20250723,0,4867.111242,4906.293018,4824.256174,4857.315798
20250724,0,4848.744784,4949.148085,4837.72491,4925.883906
20250725,0,4913.639601,4979.758848,4906.293018,4955.270238
20250728,0,4958.943529,4967.514543,4838.94934,4887.92656
20250729,0,4898.946435,4945.474794,4898.946435,4932.006058
20250730,0,4939.352641,4976.085556,4928.332767,4961.39239
20250731,0,4966.290112,5038.531512,4883.028838,4901.395296
20250801,0,4901.395296,4906.293018,4852.418076,4854.866937
20250804,0,4864.662381,4881.804408,4755.688066,4770.381232
20250805,0,4737.321609,4747.117053,4683.446667,4707.935277
20250806,0,4689.568819,4727.526165,4669.977931,4720.179582
20250807,0,4731.199456,4744.668192,4656.509196,4680.997806
20250808,0,4669.977931,4694.466541,4613.654128,4621.000711
20250811,0,4641.81603,4662.631348,4613.654128,4651.611474
20250812,0,4658.958057,4707.935277,4633.245016,4684.671097
20250813,0,4677.324514,4700.588694,4662.631348,4687.119958
20250814,0,4692.01768,4729.975026,4661.406918,4723.852873
20250815,0,4725.077304,4769.156802,4710.384138,4727.526165
20250818,0,4723.852873,4748.341483,4667.52907,4715.28186
20250819,0,4724.015885,4742.575688,4686.896278,4695.630303
20250820,0,4689.079784,4777.511789,4657.418943,4753.49322
20250821,0,4770.96127,4813.539643,4760.043739,4796.071593
20250822,0,4782.970555,4822.273668,4762.227245,4789.521074
20250825,0,4802.622112,4860.485029,4790.612827,4855.026263
20250826,0,4855.026263,4873.586067,4836.466459,4841.925225
20250827,0,4835.374706,4871.40256,4811.356137,4812.44789
20250828,0,4814.631396,4855.026263,4804.805618,4813.539643
20250829,0,4818.998409,4824.457175,4729.474651,4815.72315
20250901,0,4806.989124,4811.356137,4724.015885,4794.97984
20250902,0,4808.080877,4863.760288,4808.080877,4826.640681
