date,time,open,high,low,close
20210201,0,9866,10630,9866,10504
20210202,0,10504,10754,10352,10414
20210203,0,10330,10396,10124,10304
20210204,0,10348,10416,10232,10302
20210205,0,10340,10400,10266,10288
20210208,0,10290,10466,10284,10346
20210209,0,10380,10444,10354,10376
20210210,0,10398,10424,10290,10354
20210218,0,10398,10498,10380,10400
20210219,0,10416,10422,10216,10368
20210222,0,10408,10732,10404,10650
20210223,0,10700,10966,10520,10702
20210224,0,10750,10798,10564,10710
20210225,0,10732,10920,10732,10862
20210226,0,10764,10860,10654,10816
20210301,0,10898,11288,10896,11128
20210302,0,11050,11210,10830,10922
20210303,0,10960,11018,10788,10902
20210304,0,10920,11022,10840,10936
20210305,0,10910,10940,10602,10786
20210308,0,11250,11300,10950,11060
20210309,0,11000,11064,10796,10812
20210310,0,10856,10980,10772,10898
20210311,0,10818,10880,10720,10844
20210312,0,10956,10956,10804,10852
20210315,0,10864,10890,10800,10868
20210316,0,10880,10940,10766,10774
20210317,0,10738,10762,10630,10702
20210318,0,10662,10702,10560,10596
20210319,0,10558,10560,10410,10468
20210322,0,10510,10600,10454,10480
20210323,0,10630,10638,10506,10570
20210324,0,10504,10556,10458,10544
20210325,0,10552,10684,10536,10642
20210326,0,10550,10582,10462,10510
20210329,0,10460,10514,10334,10356
20210330,0,10374,10430,10350,10422
20210331,0,10378,10426,10310,10400
20210401,0,10496,10574,10454,10516
20210402,0,10482,10534,10468,10510
20210406,0,10482,10530,10350,10508
20210407,0,10548,10750,10534,10588
20210408,0,10532,10606,10524,10576
20210409,0,10622,10630,10426,10432
20210412,0,10370,10446,10360,10376
20210413,0,10372,10390,10268,10340
20210414,0,10390,10416,10322,10344
20210415,0,10362,10398,10310,10364
20210416,0,10380,10446,10380,10434
20210419,0,10450,10628,10250,10374
20210420,0,10372,10418,10352,10408
20210421,0,10422,10430,10326,10350
20210422,0,10366,10520,10358,10494
20210423,0,10530,10580,10468,10486
20210426,0,10520,10578,10450,10466
20210427,0,10514,10548,10476,10514
20210428,0,10450,10468,10382,10390
20210429,0,10450,10458,10368,10412
20210430,0,10376,10446,10334,10418
20210506,0,10438,10568,10436,10538
20210507,0,10560,10646,10550,10572
20210510,0,10600,10650,10540,10578
20210511,0,10550,10562,10300,10304
20210512,0,10350,10374,10082,10292
20210513,0,10252,10520,10228,10264
20210514,0,10230,10244,10128,10184
20210517,0,10244,10288,10158,10238
20210518,0,10224,10260,10186,10210
20210519,0,10170,10182,10122,10140
20210520,0,10000,10266,9902,10196
20210521,0,10162,10458,10162,10346
20210524,0,10328,10360,10200,10238
20210525,0,10250,10300,10230,10280
20210526,0,10206,10252,10050,10056
20210527,0,10030,10108,9998,10040
20210528,0,10122,10158,10050,10062
20210531,0,10062,10078,9960,10024
20210601,0,10042,10052,9982,10012
20210602,0,10026,10118,10006,10050
20210603,0,10094,10120,10030,10066
20210604,0,10036,10066,9980,9984
20210607,0,10010,10018,9348,9398
20210608,0,9380,9428,9152,9218
20210609,0,9228,9308,9208,9212
20210610,0,9200,9306,9186,9270
20210611,0,9260,9400,9058,9348
20210615,0,9200,9296,9200,9248
20210616,0,9248,9300,9172,9226
20210617,0,9216,9240,9124,9132
20210618,0,9052,9080,8866,8994
20210621,0,9018,9024,8850,8852
20210622,0,8896,8988,8880,8968
20210623,0,8970,9098,8966,9072
20210624,0,9088,9126,8996,9002
20210625,0,9020,9076,9008,9048
20210628,0,8970,9168,8950,9114
20210629,0,9130,9184,9090,9096
20210630,0,9108,9162,9082,9122
20210701,0,9162,9238,9134,9164
20210702,0,9148,9192,9068,9082
20210705,0,9082,9136,8960,9062
20210706,0,9092,9122,9062,9072
20210707,0,8986,9076,8976,9026
20210708,0,9012,9036,8960,9018
20210709,0,9020,9084,8990,9002
20210712,0,9036,9050,8942,8972
20210713,0,8998,9028,8922,8926
20210714,0,8904,9014,8866,8956
20210715,0,8950,9020,8930,8976
20210716,0,8978,9100,8976,9058
20210719,0,9150,9642,9150,9510
20210720,0,9420,9614,9334,9442
20210721,0,10000,10000,9478,9488
20210722,0,9488,9620,9250,9270
20210723,0,9316,9380,9230,9304
20210726,0,9304,9516,9258,9324
20210727,0,9352,9422,9168,9172
20210728,0,9200,9278,9124,9226
20210729,0,9270,9296,9212,9242
20210730,0,9252,9284,9068,9076
20210802,0,9056,9084,8980,9042
20210803,0,9048,9124,9030,9050
20210804,0,9082,9186,9068,9138
20210805,0,9130,9180,9076,9078
20210806,0,9092,9146,9052,9064
20210809,0,9064,9150,9052,9132
20210810,0,9144,9246,9082,9104
20210811,0,9138,9158,9102,9116
20210812,0,9120,9156,9072,9102
20210813,0,9140,9198,9106,9146
20210816,0,9180,9284,9162,9200
20210817,0,9224,9340,9210,9326
20210818,0,9310,9350,9234,9250
20210819,0,9220,9258,9026,9080
20210820,0,9062,9078,8916,8922
20210823,0,8960,9068,8958,9046
20210824,0,9072,9094,8862,8892
20210825,0,8840,8896,8728,8732
20210826,0,8728,8790,8658,8668
20210827,0,8668,8772,8610,8744
20210830,0,8760,8826,8618,8628
20210831,0,8656,8694,8628,8656
20210901,0,8644,8666,8438,8452
20210902,0,8434,8530,8414,8512
20210903,0,8526,8664,8500,8652
20210906,0,8642.077982,8683.750459,8592.46789,8604.374312
20210907,0,8632.155963,8717.485321,8521.029358,8705.578899
20210908,0,8693.672477,8788.923853,8622.233945,8648.031193
20210909,0,8644.062385,8687.719266,8580.561468,8632.155963
20210910,0,8614.29633,8648.031193,8465.466055,8503.169725
20210913,0,8461.497248,8602.389908,8445.622018,8521.029358
20210914,0,8505.154128,8612.311927,8503.169725,8536.904587
20210915,0,8536.904587,8554.76422,8465.466055,8479.356881
20210916,0,8469.434862,8501.185321,8306.713761,8314.651376
20210917,0,8330.526606,8346.401835,8263.056881,8288.854128
20210922,0,8274.963303,8523.013761,8269.010092,8471.419266
20210923,0,8477.372477,8570.63945,8445.622018,8497.216514
20210924,0,8501.185321,8570.63945,8405.933945,8479.356881
20210927,0,8534.920183,8638.109174,8501.185321,8526.982569
20210928,0,8503.169725,8530.951376,8392.043119,8397.99633
20210929,0,8390.058716,8417.840367,8310.682569,8320.604587
20210930,0,8340.448624,8419.824771,8288.854128,8376.16789
20211008,0,8445.622018,8618.265138,8382.121101,8392.043119
20211011,0,8415.855963,8745.266972,8413.87156,8679.781651
20211012,0,8689.70367,8866.315596,8558.733028,8721.454128
20211013,0,8711.53211,8786.93945,8374.183486,8600.405505
20211014,0,8608.343119,8691.688073,8534.920183,8562.701835
20211015,0,8620.249541,8624.218349,8489.278899,8493.247706
20211018,0,8503.169725,8554.76422,8441.653211,8505.154128
20211019,0,8505.154128,8745.266972,8455.544037,8636.124771
20211020,0,8592.46789,8836.549541,8566.670642,8775.033028
20211021,0,8894.097248,9128.256881,8659.937615,8697.641284
20211022,0,8661.922018,8798.845872,8574.608257,8705.578899
20211025,0,8761.142202,9048.880734,8761.142202,8959.582569
20211026,0,9017.130275,9124.288073,8836.549541,8921.878899
20211027,0,8931.800917,8987.36422,8749.23578,8767.095413
20211028,0,8759.157798,8842.502752,8590.483486,8707.563303
20211029,0,8739.313761,8802.814679,8659.937615,8727.407339
20211101,0,8751.220183,8870.284404,8691.688073,8733.36055
20211102,0,8765.111009,8888.144037,8642.077982,8870.284404
20211103,0,8890.12844,8917.910092,8788.923853,8836.549541
20211104,0,8786.93945,8824.643119,8622.233945,8693.672477
20211105,0,8675.812844,8870.284404,8657.953211,8775.033028
20211108,0,8800.830275,8844.487156,8697.641284,8715.500917
20211109,0,8715.500917,8749.23578,8632.155963,8646.046789
20211110,0,8632.155963,8741.298165,8608.343119,8729.391743
20211111,0,8759.157798,8818.689908,8657.953211,8661.922018
20211112,0,8677.797248,8709.547706,8532.93578,8534.920183
20211115,0,8511.107339,8582.545872,8455.544037,8540.873394
20211116,0,8554.76422,8588.499083,8457.52844,8461.497248
20211117,0,8479.356881,8532.93578,8465.466055,8493.247706
20211118,0,8513.091743,8524.998165,8427.762385,8449.590826
20211119,0,8461.497248,8580.561468,8449.590826,8564.686239
20211122,0,8560.717431,8584.530275,8457.52844,8475.388073
20211123,0,8489.278899,8499.200917,8403.949541,8403.949541
20211124,0,8405.933945,8453.559633,8397.99633,8421.809174
20211125,0,8435.7,8499.200917,8425.777982,8467.450459
20211126,0,8441.653211,8443.637615,8306.713761,8306.713761
20211129,0,8300.76055,8362.277064,8267.025688,8270.994495
20211130,0,8255.119266,8255.119266,8050.725688,8112.242202
20211201,0,8112.242202,8159.86789,8076.522936,8116.211009
20211202,0,8094.382569,8130.101835,8050.725688,8068.585321
20211203,0,8124.148624,8142.008257,8054.694495,8064.616514
20211206,0,8102.320183,8211.462385,8094.382569,8118.195413
20211207,0,8145.977064,8171.774312,8078.507339,8100.33578
20211208,0,8102.320183,8116.211009,7931.661468,7935.630275
20211209,0,7937.614679,8016.990826,7864.191743,7866.176147
20211210,0,7882.051376,7911.817431,7844.347706,7870.144954
20211213,0,7868.16055,7977.302752,7852.285321,7969.365138
20211214,0,7989.209174,8151.930275,7977.302752,8064.616514
20211215,0,8050.977394,8086.049416,7998.369362,8037.338275
20211216,0,8062.668068,8084.10097,8010.060036,8037.338275
20211217,0,8062.668068,8101.636981,7980.833351,7994.472471
20211220,0,7994.472471,8019.802264,7856.13283,7858.081276
20211221,0,7856.13283,7895.101743,7805.473243,7883.411069
20211222,0,7883.411069,7945.76133,7865.875058,7893.153297
20211223,0,7893.153297,7973.039569,7891.204852,7930.173764
20211224,0,7961.348895,7988.627134,7932.12221,7963.29734
20211227,0,7971.091123,8074.358742,7971.091123,8068.513405
20211228,0,8086.049416,8134.760557,8039.28672,8101.636981
20211229,0,8099.688535,8099.688535,8004.214699,8017.853818
20211230,0,8017.853818,8039.28672,7965.245786,7994.472471
20211231,0,7998.369362,8045.132057,7947.709775,8039.28672
20220104,0,8039.28672,8060.719622,7961.348895,7973.039569
20220105,0,7990.575579,8027.596047,7971.091123,7974.988014
20220106,0,7976.93646,8025.647601,7844.442156,7848.339047
20220107,0,7840.545265,7885.359515,7824.9577,7838.596819
20220110,0,7793.782569,7793.782569,7593.092668,7596.98956
20220111,0,7647.649146,7717.793189,7608.680233,7634.010027
20220112,0,7649.597592,7711.947852,7632.061581,7686.618059
20220113,0,7676.875831,7725.586972,7651.546038,7659.33982
20220114,0,7647.649146,7770.401222,7632.061581,7743.122983
20220117,0,7745.071428,7877.565732,7745.071428,7875.617286
20220118,0,7877.565732,7887.30796,7768.452776,7787.937233
20220119,0,7803.524798,7865.875058,7774.298113,7803.524798
20220120,0,7834.699928,7863.926613,7787.937233,7807.421689
20220121,0,7817.163917,7844.442156,7715.844744,7785.988787
20220124,0,7785.988787,7830.803037,7760.658994,7778.195004
20220125,0,7745.071428,7791.834124,7672.97894,7676.875831
20220126,0,7676.875831,7719.741635,7657.391375,7698.308733
20220127,0,7733.380755,7799.627906,7713.896298,7750.916765
20220128,0,7795.731015,7824.9577,7754.813657,7809.370135
20220207,0,7879.514178,8008.11159,7842.493711,7955.503558
20220208,0,7957.452003,8066.564959,7910.689308,7937.967547
20220209,0,7893.153297,7943.812884,7879.514178,7914.586199
20220210,0,7947.709775,7967.194232,7844.442156,7889.256406
20220211,0,7873.668841,7914.586199,7774.298113,7776.246559
20220214,0,7805.473243,7832.751482,7747.019874,7784.040341
20220215,0,7784.040341,7830.803037,7748.96832,7815.215472
20220216,0,7809.370135,7842.493711,7760.658994,7766.50433
20220217,0,7758.710548,7807.421689,7702.205624,7770.401222
20220218,0,7776.246559,7813.267026,7760.658994,7770.401222
20220221,0,7784.040341,7920.431536,7784.040341,7898.998634
20220222,0,7920.431536,7936.019101,7752.865211,7756.762102
20220223,0,7784.040341,7791.834124,7717.793189,7770.401222
20220224,0,7784.040341,8222.440611,7758.710548,8072.410296
20220225,0,7928.225319,8000.317808,7830.803037,7920.431536
20220228,0,8008.11159,8187.368589,7965.245786,8146.451231
20220301,0,8183.471698,8253.615741,8058.771177,8142.554339
20220302,0,8278.945534,8280.89398,8097.74009,8150.348122
20220303,0,8193.213926,8347.141132,8132.812111,8333.502012
20220304,0,8280.89398,8670.583109,8280.89398,8471.841653
20220307,0,8504.965229,8619.923522,8345.192686,8407.542947
20220308,0,8378.316262,8390.006936,8165.935687,8204.9046
20220309,0,8220.492165,8352.986469,8187.368589,8282.842426
20220310,0,8179.574807,8193.213926,8017.853818,8115.2761
20220311,0,8162.038796,8236.07973,8037.338275,8097.74009
20220314,0,8183.471698,8278.945534,8140.605894,8238.028176
20220315,0,8253.615741,8436.769631,8146.451231,8197.110817
20220316,0,8239.976622,8376.367817,8236.07973,8339.347349
20220317,0,8317.914447,8364.677143,8216.595274,8323.759784
20220318,0,8360.780251,8378.316262,8247.770404,8312.06911
20220321,0,8308.172219,8413.388284,8267.254861,8372.470925
20220322,0,8386.110045,8401.69761,8234.131285,8308.172219
20220323,0,8314.987783,8389.958984,8270.686618,8349.065602
20220324,0,8451.299058,8497.304113,8190.603744,8234.904909
20220325,0,8212.754326,8282.613855,8113.928652,8194.011526
20220328,0,8195.715417,8343.953929,8195.715417,8263.871055
20220329,0,8263.871055,8275.798291,8158.229816,8267.278837
20220330,0,8246.832145,8289.429419,8192.307635,8240.016581
20220331,0,8260.463273,8260.463273,8166.749271,8240.016581
20220401,0,8207.642654,8216.162108,7974.209595,7987.840723
20220406,0,7957.170686,8008.287414,7875.383921,7967.394031
20220407,0,7938.427885,8040.661342,7929.908431,7986.136832
20220408,0,8008.287414,8023.622432,7943.539558,7999.767959
20220411,0,8008.287414,8079.850833,8004.879632,8055.99636
20220412,0,8055.99636,8119.040325,8030.437996,8076.443051
20220413,0,8081.554724,8102.001415,7967.394031,8054.292469
20220414,0,8103.705306,8103.705306,8018.510759,8020.21465
20220415,0,8030.437996,8057.700251,7975.913486,8009.991305
20220418,0,8027.030214,8170.157053,7945.243449,8154.822035
20220419,0,8170.157053,8207.642654,8059.404142,8081.554724
20220420,0,8090.074179,8110.52087,7902.646176,7904.350066
20220421,0,7923.092867,7952.059013,7856.64112,7880.495593
20220422,0,7880.495593,7889.015048,7686.252026,7687.955917
20220425,0,7676.028681,7761.223228,7641.950862,7693.06759
20220426,0,7693.06759,7795.301046,7691.363699,7769.742682
20220427,0,7769.742682,7819.15552,7698.179263,7785.077701
20220428,0,7822.563301,7829.378865,7757.815446,7814.043847
20220429,0,7837.89832,8050.884687,7825.971083,8011.695196
20220505,0,8093.481961,8282.613855,8086.666397,8260.463273
20220506,0,8228.089345,8248.536036,8142.894798,8190.603744
20220509,0,8168.453162,8274.0944,8113.928652,8224.681563
20220510,0,8187.195962,8306.468328,8102.001415,8236.6088
20220511,0,8221.273781,8372.920075,8202.530981,8330.322801
20220512,0,8354.177274,8447.891276,8270.686618,8314.987783
20220513,0,8357.585056,8425.740694,8357.585056,8410.405675
20220516,0,8516.046914,8933.500194,8516.046914,8868.752338
20220517,0,8860.232883,8959.058558,8785.261682,8906.237939
20220518,0,8867.048447,8901.126266,8792.077246,8817.63561
20220519,0,8766.518882,8940.315757,8694.955462,8919.869066
20220520,0,8911.349611,9117.520415,8807.412264,8870.456229
20220523,0,8868.752338,9044.253105,8824.451174,8993.136377
20220524,0,8979.505249,9224.865544,8953.946885,9172.044925
20220525,0,9166.933252,9216.34609,9056.180341,9129.447652
20220526,0,9124.335979,9141.374888,8991.432486,9008.471395
20220527,0,9073.219251,9255.535581,8882.383466,8924.980739
20220530,0,8919.869066,8960.762449,8793.781137,8838.082301
20220531,0,8795.485028,8942.019648,8732.441063,8805.708373
20220601,0,8751.183863,8800.5967,8706.882699,8752.887754
20220602,0,8722.217717,8892.606811,8706.882699,8763.1111
20220606,0,8809.116155,8851.713429,8749.479972,8805.708373
20220607,0,8797.188919,8868.752338,8611.464806,8691.54768
20220608,0,8718.809935,8795.485028,8604.649242,8749.479972
20220609,0,8749.479972,8809.116155,8700.067135,8710.290481
20220610,0,8769.926664,9161.82158,8735.848845,9146.486561
20220613,0,9098.777615,9209.530526,8994.840268,9032.325868
20220614,0,9013.583068,9032.325868,8664.285425,8696.659353
20220615,0,8662.581534,8751.183863,8621.688152,8626.799825
20220616,0,8633.615388,8713.698263,8539.901387,8589.314224
20220617,0,8606.353133,8686.436008,8504.119677,8548.420841
20220620,0,8546.716951,8630.207607,8430.852367,8524.566368
20220621,0,8565.459751,8674.508771,8493.896331,8573.979206
20220622,0,8568.867533,8618.28037,8209.346545,8263.871055
20220623,0,8282.613855,8359.288947,8165.04538,8340.546147
20220624,0,8263.871055,8311.580001,8115.632543,8205.938763
20220627,0,8233.201018,8320.099456,8079.850833,8142.894798
20220628,0,8204.234872,8381.439529,8090.074179,8379.735638
20220629,0,8333.730583,8366.104511,8229.793236,8267.278837
20220630,0,8277.502182,8323.507238,8192.307635,8274.0944
20220701,0,8190.603744,8243.424363,8102.001415,8178.676508
20220704,0,8127.55978,8280.909964,8055.99636,8233.201018
20220705,0,8212.754326,8355.881165,8137.783125,8183.788181
20220706,0,8110.52087,8168.453162,7883.903375,8078.146942
20220707,0,8084.962506,8144.598689,7945.243449,8069.627488
20220708,0,8178.676508,8253.647709,8088.370288,8163.341489
20220711,0,8222.977672,8263.871055,8076.443051,8122.448107
20220712,0,8110.52087,8144.598689,8027.030214,8110.52087
20220713,0,7938.427885,8021.918541,7894.126721,7943.539558
20220714,0,7986.136832,8027.030214,7938.427885,7958.874577
20220715,0,7981.025159,8003.175741,7831.082756,7843.009993
20220718,0,7912.869521,8057.700251,7899.238394,8015.102978
20220719,0,8049.180796,8081.554724,7926.500649,7952.059013
20220720,0,7991.248504,8107.113088,7911.16563,7960.578467
20220721,0,7965.69014,8037.25356,7923.092867,7994.656286
20220722,0,7948.651231,7986.136832,7892.42283,7941.835667
20220725,0,7986.136832,7996.360177,7887.311157,7933.316212
20220726,0,7965.69014,8008.287414,7916.277303,7998.064068
20220727,0,8025.326323,8243.424363,8001.47185,8166.749271
20220728,0,8200.82709,8287.725528,8171.860944,8211.050436
20220729,0,8243.424363,8316.691674,8221.273781,8286.021637
20220801,0,8323.507238,8384.847311,8136.079234,8212.754326
20220802,0,8176.972617,8274.0944,8117.336434,8207.642654
20220803,0,8195.715417,8253.647709,8163.341489,8202.530981
20220804,0,8153.118144,8176.972617,8059.404142,8119.040325
20220805,0,8161.637598,8284.317746,8102.001415,8257.055491
20220808,0,8291.13331,8381.439529,8258.759382,8367.808402
20220809,0,8359.288947,8371.216184,8294.541092,8330.322801
20220810,0,8325.211128,8424.036803,8270.686618,8297.948873
20220811,0,8320.099456,8342.250038,8253.647709,8337.138365
20220812,0,8359.288947,8400.18233,8265.574946,8328.61891
20220815,0,8349.065602,8349.065602,8205.938763,8217.865999
20220816,0,8222.977672,8253.647709,8171.860944,8231.497127
20220817,0,8231.497127,8323.507238,8183.788181,8228.089345
20220818,0,8219.56989,8251.943818,8033.845778,8083.258615
20220819,0,8095.185852,8144.598689,7902.646176,7926.500649
20220822,0,7936.723994,8015.102978,7928.20454,7960.578467
20220823,0,7999.767959,8047.476905,7950.355122,7969.097922
20220824,0,8003.175741,8030.437996,7889.015048,8018.510759
20220825,0,8009.991305,8045.773014,7946.94734,7965.69014
20220826,0,7991.248504,8093.481961,7933.316212,8025.326323
20220829,0,8011.695196,8055.99636,7958.874577,8025.326323
20220830,0,8021.918541,8188.899853,8013.399087,8153.118144
20220831,0,8136.079234,8212.754326,8120.744216,8153.118144
20220901,0,8149.710362,8194.011526,8023.622432,8074.73916
20220902,0,8047.130438,8151.069156,8008.153419,8092.603628
20220905,0,8103.971925,8315.097446,8094.22767,8276.120427
20220906,0,8315.097446,8344.33021,8238.76745,8316.721488
20220907,0,8295.608936,8506.734457,8243.639577,8384.931272
20220908,0,8355.698508,8441.772759,8311.849361,8428.780419
20220909,0,8430.404461,8475.87765,8391.427442,8432.028504
20220913,0,8404.419782,8516.478712,8368.690847,8380.059145
20220914,0,8323.217658,8404.419782,8323.217658,8376.81106
20220915,0,8358.946593,8435.276589,8358.946593,8423.908291
20220916,0,8449.892971,8482.37382,8365.442763,8422.284249
20220919,0,8557.079774,8712.987851,8557.079774,8628.537643
20220920,0,8610.673175,8701.619554,8610.673175,8675.634874
20220921,0,8701.619554,8784.44572,8631.785728,8774.701465
20220922,0,8738.972531,8841.287206,8729.228276,8821.798697
20220923,0,8826.670824,8898.128693,8729.228276,8893.256565
20220926,0,8911.121032,9058.908897,8753.588913,8771.45338
20220927,0,8758.46104,8808.806357,8651.274237,8712.987851
20220928,0,8712.987851,8761.709125,8599.304878,8648.026152
20220929,0,8688.627214,8722.732106,8625.289558,8687.003172
20220930,0,8704.867639,8851.031461,8669.138704,8844.535291
20221010,0,8953.346137,9084.893577,8919.241245,9075.149322
20221011,0,9094.637832,9094.637832,8987.451028,9041.04443
20221012,0,9054.03677,9140.111021,8958.218264,9096.261874
20221013,0,9071.901237,9117.374426,9019.931878,9044.292515
20221014,0,9096.261874,9097.885916,8969.586561,9000.443368
20221017,0,8932.233585,8953.346137,8779.573592,8821.798697
20221018,0,8810.430399,8838.039121,8685.379129,8821.798697
20221019,0,8810.430399,8873.768056,8781.197635,8868.895928
20221020,0,8868.895928,8899.752735,8695.123384,8699.995511
20221021,0,8672.386789,8777.94955,8639.90594,8722.732106
20221024,0,8735.724446,8763.333168,8678.882959,8732.476361
20221025,0,8701.619554,8742.220616,8633.40977,8643.154025
20221026,0,8623.665515,8635.033813,8445.020844,8458.013183
20221027,0,8458.013183,8596.056793,8381.683187,8574.944241
20221028,0,8566.824029,8623.665515,8488.86999,8548.959562
20221031,0,8623.665515,8725.980191,8561.951901,8623.665515
20221101,0,8630.161685,8696.747426,8584.688496,8659.39445
20221102,0,8672.386789,8875.392098,8665.890619,8849.407419
20221103,0,8841.287206,8865.647843,8690.251256,8703.243596
20221104,0,8737.348488,8803.934229,8704.867639,8743.844658
20221107,0,8738.972531,8781.197635,8597.680836,8737.348488
20221108,0,8768.205295,8818.550612,8716.235936,8769.829338
20221109,0,8769.829338,8792.565932,8680.507002,8753.588913
20221110,0,8761.709125,8831.542951,8756.836998,8790.94189
20221111,0,8792.565932,8883.51231,8781.197635,8872.144013
20221114,0,8928.9855,8967.962519,8841.287206,8880.264225
20221115,0,8880.264225,8907.872947,8802.310187,8864.023801
20221116,0,8875.392098,8904.624863,8678.882959,8716.235936
20221117,0,8716.235936,8743.844658,8618.793388,8636.657855
20221118,0,8636.657855,8639.90594,8548.959562,8561.951901
20221121,0,8566.824029,8596.056793,8490.494033,8568.448071
20221122,0,8568.448071,8620.41743,8537.591264,8555.455731
20221123,0,8576.568284,8587.936581,8514.85467,8552.207647
20221124,0,8563.575944,8643.154025,8547.335519,8561.951901
20221125,0,8574.944241,8654.522322,8440.148716,8458.013183
20221128,0,8467.757438,8573.320199,8428.780419,8557.079774
20221129,0,8583.064453,8615.545303,8490.494033,8500.238288
20221130,0,8516.478712,8594.432751,8459.637226,8592.808708
20221201,0,8617.169345,8638.281897,8539.215307,8568.448071
20221202,0,8532.719137,8597.680836,8511.606585,8547.335519
20221205,0,8547.335519,8758.180608,8208.361492,8443.53486
20221206,0,8425.694122,8435.425434,8331.624775,8362.440595
20221207,0,8393.256416,8430.559778,8333.24666,8409.475269
20221208,0,8411.097154,8514.897813,8402.987728,8451.644287
20221209,0,8459.753713,8462.997484,8378.659448,8412.719039
20221212,0,8469.485025,8482.460107,8355.953054,8375.415678
20221213,0,8381.903219,8432.181663,8357.574939,8406.231498
20221214,0,8346.221742,8367.306251,8154.839277,8185.655098
20221215,0,8224.580345,8227.824115,8111.048374,8159.704933
20221216,0,8190.520754,8226.20223,8158.083048,8185.655098
20221219,0,8149.973621,8235.933542,8127.267227,8190.520754
20221220,0,8211.605263,8211.605263,7966.700583,8004.003944
20221221,0,8004.003944,8051.038618,7968.322468,8010.491486
20221222,0,8008.8696,8067.257471,7981.29755,7991.028862
20221223,0,7973.188124,8018.600912,7906.690827,7918.044024
20221226,0,7913.178368,8172.680015,7898.5814,8149.973621
20221227,0,8159.704933,8354.331169,8159.704933,8302.430839
20221228,0,8302.430839,8336.49043,8261.883707,8281.34633
20221229,0,8261.883707,8287.833872,8149.973621,8161.326818
20221230,0,8148.351736,8203.495836,8057.526159,8098.073292
20230103,0,8083.476324,8273.236904,8075.366897,8171.05813
20230104,0,8158.083048,8169.436245,8033.19788,8109.426489
20230105,0,8093.207636,8127.267227,8025.088453,8047.794847
20230106,0,8028.332224,8098.073292,8016.979027,8064.0137
20230109,0,8083.476324,8247.286739,8083.476324,8239.177313
20230110,0,8239.177313,8279.724445,8109.426489,8219.714689
20230111,0,8231.067886,8294.321413,8192.142639,8265.127477
20230112,0,8263.505592,8433.803548,8258.639936,8409.475269
20230113,0,8424.072237,8482.460107,8367.306251,8430.559778
20230116,0,8445.156745,8501.922731,8414.340925,8446.778631
20230117,0,8433.803548,8480.838222,8407.853384,8477.594451
20230118,0,8514.897813,8595.992078,8461.375598,8586.260766
20230119,0,8574.907569,8691.683311,8548.957404,8681.951999
20230120,0,8683.573884,8717.633475,8581.39511,8688.43954
20230130,0,8746.827411,8904.150285,8644.648637,8654.379949
20230131,0,8657.623719,8717.633475,8571.663799,8586.260766
20230201,0,8608.96716,8690.061425,8592.748307,8660.86749
20230202,0,8636.539211,8636.539211,8422.450351,8448.400516
20230203,0,8441.912975,8524.629125,8393.256416,8480.838222
20230206,0,8464.619369,8547.335519,8422.450351,8471.10691
20230207,0,8456.509942,8634.917325,8438.669204,8513.275928
20230208,0,8548.957404,8568.420028,8501.922731,8548.957404
20230209,0,8557.066831,8583.016996,8474.350681,8485.703878
20230210,0,8514.897813,8681.951999,8505.166501,8667.355031
20230213,0,8717.633475,8787.374543,8664.111261,8706.280278
20230214,0,8719.255361,8876.578235,8686.817655,8861.981267
20230215,0,8965.781926,8969.025697,8884.687661,8938.209876
20230216,0,8936.587991,9016.06037,8897.662743,8996.597747
20230217,0,9001.463403,9111.751603,8980.378894,9106.885947
20230220,0,9123.1048,9124.726685,9017.682255,9105.264062
20230221,0,9090.667094,9142.567423,9054.985617,9132.836112
20230222,0,9131.214226,9207.442835,9084.179553,9095.53275
20230223,0,9093.910864,9139.323653,9027.413567,9110.129717
20230224,0,9110.129717,9183.114556,9106.885947,9175.005129
20230227,0,9189.602097,9251.233738,9153.920621,9178.2489
20230228,0,9155.542506,9155.542506,8787.374543,8821.434134
20230301,0,8798.72774,8928.478564,8766.290034,8921.991023
20230302,0,8918.747252,9001.463403,8879.822005,8996.597747
20230303,0,9009.572829,9100.398406,8982.000779,9095.53275
20230306,0,9092.288979,9127.970456,8951.184958,9004.707173
20230307,0,9032.279223,9080.935782,8973.891352,8994.975861
20230308,0,8839.274873,8957.672499,8673.842572,8691.683311
20230309,0,8756.558723,8771.15569,8662.489375,8754.936837
20230310,0,8714.389705,8756.558723,8618.698472,8703.036508
20230313,0,8694.916489,8755.00463,8623.46032,8748.508615
20230314,0,8712.780531,8742.0126,8680.300454,8693.292485
20230315,0,8688.420473,8720.90055,8660.812408,8696.540492
20230316,0,8651.068385,8660.812408,8350.627677,8360.3717
20230317,0,8436.69988,8566.620186,8430.203865,8529.268098
20230320,0,8493.540014,8539.012121,8301.907563,8361.995704
20230321,0,8384.731758,8456.187926,8365.243712,8394.475781
20230322,0,8404.219804,8420.459842,8225.579383,8318.147601
20230323,0,8279.171509,8305.15557,8176.859268,8209.339344
20230324,0,8160.61923,8311.651585,8077.795034,8280.795513
20230327,0,8282.419517,8303.531566,8202.843329,8230.451394
20230328,0,8256.435455,8357.123693,8222.331375,8336.011643
20230329,0,8361.995704,8396.099784,8241.819421,8272.675494
20230330,0,8287.291528,8327.891624,8210.963348,8316.523597
20230331,0,8331.139631,8360.3717,8297.035551,8308.403578
20230403,0,8339.259651,8420.459842,8253.187448,8266.179478
20230404,0,8261.307467,8331.139631,8238.571413,8287.291528
20230406,0,8266.179478,8357.123693,8253.187448,8331.139631
20230407,0,8323.019612,8517.900071,8314.899593,8464.307945
20230410,0,8485.419995,8493.540014,8376.611739,8430.203865
20230411,0,8428.579861,8441.571892,8331.139631,8352.251681
20230412,0,8352.251681,8361.995704,8267.803482,8279.171509
20230413,0,8259.683463,8318.147601,8248.315436,8288.915532
20230414,0,8288.915532,8345.755666,8271.05149,8303.531566
20230417,0,8386.355762,8490.292006,8384.731758,8469.179957
20230418,0,8485.419995,8584.484228,8485.419995,8560.124171
20230419,0,8579.612217,8595.852255,8509.780052,8566.620186
20230420,0,8526.020091,8566.620186,8472.427964,8495.164018
20230421,0,8462.683941,8462.683941,8298.659555,8311.651585
20230424,0,8314.899593,8628.332332,8284.04352,8603.972274
20230425,0,8629.956336,8636.452351,8444.819899,8498.412026
20230426,0,8461.059938,8590.980244,8451.315915,8571.492198
20230427,0,8571.492198,8603.972274,8508.156049,8542.260129
20230428,0,8534.14011,8693.292485,8532.516106,8672.180435
20230504,0,8686.796469,8724.148557,8594.228251,8717.652542
20230505,0,8717.652542,8748.508615,8657.564401,8680.300454
20230508,0,8735.516584,8867.060894,8707.908519,8834.580818
20230509,0,8834.580818,8865.43689,8776.11668,8844.324841
20230510,0,8818.340779,8891.420952,8733.89258,8763.124649
20230511,0,8759.876642,8759.876642,8662.436412,8670.556431
20230512,0,8662.436412,8740.388596,8581.236221,8683.548462
20230515,0,8655.940397,8753.380626,8613.716297,8725.772561
20230516,0,8732.268577,8789.108711,8527.644094,8571.492198
20230517,0,8526.020091,8548.756144,8436.69988,8448.067907
20230518,0,8462.683941,8517.900071,8383.107754,8464.307945
20230519,0,8459.435934,8511.404056,8412.339823,8452.939918
20230522,0,8435.075876,8459.435934,8266.179478,8379.859746
20230523,0,8379.859746,8517.900071,8365.243712,8404.219804
20230524,0,8397.723788,8415.58783,7856.930514,7962.490763
20230525,0,7998.218847,8022.578904,7884.538579,7960.866759
20230526,0,7994.970839,8171.987256,7968.986778,8051.810973
20230529,0,8102.155092,8274.299497,8059.930992,8209.339344
20230530,0,8191.475302,8248.315436,8012.834881,8061.554996
20230531,0,7982.039134,8051.404035,7856.843946,8048.020381
20230601,0,8073.397784,8227.354029,7997.265575,8179.982876
20230602,0,8163.064608,8195.209318,8071.705957,8147.838166
20230605,0,8188.442011,8240.888643,8041.253074,8147.838166
20230606,0,8144.454512,8174.907396,8029.410286,8152.913647
20230607,0,8174.907396,8190.133838,8075.089611,8173.215569
20230608,0,8173.215569,8235.813163,8032.79394,8061.554996
20230609,0,8092.00788,8357.624697,8076.781438,8286.567969
20230612,0,8286.567969,8305.178064,8181.674703,8203.668453
20230613,0,8188.442011,8386.385754,8176.599223,8354.241043
20230614,0,8374.542966,8442.21604,8293.335276,8323.78816
20230615,0,8340.706428,8428.681425,8271.341527,8401.612195
20230616,0,8440.524213,8506.505461,8421.914118,8450.675174
20230619,0,8491.279019,8491.279019,8359.316524,8408.379503
20230620,0,8442.21604,8481.128058,8306.869891,8347.473736
20230621,0,8306.869891,8332.247294,8235.813163,8315.329025
20230626,0,8311.945372,8454.058828,8300.102584,8357.624697
20230627,0,8323.78816,8474.36075,8213.819414,8443.907867
20230628,0,8442.21604,8467.593443,8386.385754,8396.536715
20230629,0,8388.07758,8430.373252,8350.85739,8408.379503
20230630,0,8416.838637,8528.49921,8408.379503,8459.134309
20230703,0,8574.178535,8701.06555,8565.719401,8587.71315
20230704,0,8550.492959,8555.56844,8476.052577,8540.341998
20230705,0,8560.64392,8592.788631,8465.901616,8582.63767
20230706,0,8560.64392,8611.398726,8528.49921,8542.033825
20230707,0,8520.040076,8618.166034,8454.058828,8601.247765
20230710,0,8558.952093,8587.71315,8499.738153,8547.109305
20230711,0,8591.096804,8662.153532,8520.040076,8535.266517
20230712,0,8516.656422,8618.166034,8516.656422,8582.63767
20230713,0,8574.178535,8645.235263,8432.065079,8645.235263
20230714,0,8699.373723,8768.738624,8543.725652,8548.801132
20230717,0,8533.574691,8750.128529,8516.656422,8668.92084
20230718,0,8652.002571,8694.298242,8596.172284,8630.008822
20230719,0,8660.461705,8721.367472,8609.706899,8677.379974
20230720,0,8679.071801,8706.14103,8641.85161,8694.298242
20230721,0,8690.914589,8729.826607,8609.706899,8638.467956
20230724,0,8657.078051,8755.204009,8641.85161,8704.449204
20230725,0,8704.449204,8731.518433,8663.845359,8685.839108
20230726,0,8711.216511,8777.197759,8673.99632,8768.738624
20230727,0,8768.738624,8811.034296,8729.826607,8739.977568
20230728,0,8712.908338,8745.053048,8555.56844,8711.216511
20230731,0,8702.757377,8702.757377,8613.090553,8695.990069
20230801,0,8704.449204,8833.028045,8701.06555,8811.034296
20230802,0,8824.568911,8839.795353,8756.895836,8768.738624
20230803,0,8712.908338,8721.367472,8635.084302,8679.071801
20230804,0,8679.071801,8795.807854,8667.229013,8768.738624
20230807,0,8755.204009,8802.575162,8697.681896,8714.600165
20230808,0,8694.298242,8733.21026,8591.096804,8601.247765
20230809,0,8631.700649,8827.952565,8597.864111,8826.260738
20230810,0,8836.411699,8856.713621,8746.744875,8763.663144
20230811,0,8763.663144,8770.430451,8628.316995,8663.845359
20230814,0,8687.530935,8692.606416,8531.882864,8650.310744
20230815,0,8650.310744,8670.612666,8604.631419,8619.857861
20230816,0,8601.247765,8618.166034,8521.731903,8560.64392
20230817,0,8560.64392,8761.971317,8536.958344,8760.27949
20230818,0,8761.971317,8789.040547,8719.675645,8770.430451
20230821,0,8790.732374,8824.568911,8739.977568,8780.581412
20230822,0,8778.889586,8807.650642,8721.367472,8785.656893
20230823,0,8767.046797,8822.877084,8755.204009,8778.889586
20230824,0,8797.499681,8976.833328,8797.499681,8932.84583
20230825,0,8959.91506,9014.053519,8921.003042,8944.688618
20230828,0,8980.216982,9010.669866,8878.70737,8921.003042
20230829,0,8931.154003,8953.147752,8826.260738,8851.638141
20230830,0,8877.015544,8895.625639,8704.449204,8733.21026
20230831,0,8702.757377,8780.581412,8662.153532,8728.13478
20230901,0,8721.367472,8792.4242,8709.524684,8758.587663
20230904,0,8797.499681,8802.575162,8636.776129,8702.757377
20230905,0,8704.449204,8723.059299,8643.543437,8684.147281
20230906,0,8687.530935,8789.040547,8687.530935,8706.14103
20230907,0,8658.769878,8677.379974,8572.486708,8672.304493
20230908,0,8641.85161,8658.769878,8496.3545,8550.492959
20230911,0,8564.027574,8608.015072,8486.203538,8508.197288
20230912,0,8528.49921,8542.033825,8426.989598,8477.744404
20230913,0,8503.121807,8557.260267,8391.461234,8398.228542
20230914,0,8421.914118,8476.052577,8404.995849,8460.826136
20230915,0,8586.021323,8650.310744,8477.744404,8508.197288
20230918,0,8511.580941,8582.63767,8450.675174,8574.178535
20230919,0,8557.260267,8652.002571,8523.423729,8633.392475
20230920,0,8626.625168,8641.85161,8536.958344,8597.864111
20230921,0,8572.486708,8618.166034,8482.819885,8516.656422
20230922,0,8484.511712,8489.587192,8345.781909,8384.693927
20230925,0,8349.165563,8388.07758,8213.819414,8234.121336
20230926,0,8208.743933,8366.083831,8208.743933,8267.957873
20230927,0,8235.813163,8306.869891,8230.737682,8291.643449
20230928,0,8317.020852,8320.404506,8195.209318,8271.341527
20231009,0,8257.806912,8295.027103,8200.284799,8256.115085
20231010,0,8215.511241,8279.800661,8168.140088,8271.341527
20231011,0,8279.800661,8313.637199,8257.806912,8289.951622
20231012,0,8256.115085,8289.951622,8215.511241,8252.731432
20231013,0,8263.302821,8265.064719,8180.493603,8201.636382
20231016,0,8185.779298,8208.683975,8136.446147,8205.160179
20231017,0,8194.588789,8258.017126,8189.303094,8233.350551
20231018,0,8245.683839,8268.588516,8168.160315,8194.588789
20231019,0,8176.969807,8268.588516,8147.017536,8192.826891
20231020,0,8192.826891,8219.255365,8076.541606,8078.303504
20231023,0,8060.684522,8106.493876,8043.065539,8081.827301
20231024,0,8076.541606,8092.39869,7956.732525,7974.351507
20231025,0,7981.3991,8034.256048,7969.065812,7993.732388
20231026,0,7983.160998,8058.922623,7983.160998,8043.065539
20231027,0,8057.160725,8101.208182,8021.92276,8062.44642
20231030,0,8021.92276,8046.589336,7761.161818,7999.018083
20231031,0,7963.780118,7984.922897,7858.066222,7907.399373
20231101,0,7893.304187,7963.780118,7875.685205,7942.637338
20231102,0,7910.92317,7995.494286,7910.92317,7974.351507
20231103,0,7986.684795,8011.35137,7967.303914,7993.732388
20231106,0,8018.398963,8166.398417,8002.541879,8115.303368
20231107,0,8104.731978,8113.541469,8027.208455,8067.732115
20231108,0,8043.065539,8120.589062,8043.065539,8081.827301
20231109,0,8081.827301,8138.208045,7956.732525,8002.541879
20231110,0,7974.351507,8023.684658,7940.87544,7981.3991
20231113,0,7937.351644,7953.208728,7791.114088,7801.685478
20231114,0,7812.256868,7879.209001,7812.256868,7859.82812
20231115,0,7877.447103,7907.399373,7831.637748,7863.351917
20231116,0,7873.923306,7999.018083,7863.351917,7960.256321
20231117,0,7974.351507,7993.732388,7895.066086,7956.732525
20231120,0,7954.970626,8030.732251,7907.399373,7969.065812
20231121,0,7967.303914,7967.303914,7886.256594,7928.542152
20231122,0,7947.923033,8014.875167,7875.685205,7940.87544
20231123,0,7933.827847,7958.494423,7902.113679,7917.970763
20231124,0,7912.685068,7921.494559,7711.828667,7725.923853
20231127,0,7829.87585,7835.161545,7743.542836,7785.828394
20231128,0,7769.971309,7833.399647,7757.638022,7803.447376
20231129,0,7810.578697,7860.49794,7692.91191,7728.568512
20231130,0,7744.613983,7856.932279,7735.699832,7831.972658
20231201,0,7808.795867,7867.62926,7755.310963,7842.669639
20231204,0,7887.240391,7938.942464,7867.62926,7901.503032
20231205,0,7905.068692,7958.553595,7823.058507,7910.417183
20231206,0,7915.765673,8022.735479,7880.109071,7974.599066
20231207,0,7974.599066,8036.99812,7938.942464,8003.124348
20231208,0,8003.124348,8092.265853,7924.679823,7969.250576
20231211,0,7937.159634,7953.205105,7846.235299,7864.0636
20231212,0,7872.97775,7922.896993,7865.84643,7894.371712
20231213,0,7858.71511,7860.49794,7685.780589,7774.922095
20231214,0,7782.053415,7978.164727,7782.053415,7872.97775
20231215,0,7913.982843,7928.245484,7880.109071,7913.982843
20231218,0,7921.114163,7935.376804,7862.28077,7876.543411
20231219,0,7892.588882,7913.982843,7842.669639,7897.937372
20231220,0,7890.806051,7969.250576,7881.891901,7905.068692
20231221,0,7885.457561,7889.023221,7815.927187,7844.452469
20231222,0,7831.972658,7903.285862,7755.310963,7833.755488
20231225,0,7817.710017,7867.62926,7789.184735,7837.321148
20231226,0,7826.624168,7864.0636,7774.922095,7801.664546
20231227,0,7792.750396,7876.543411,7789.184735,7842.669639
20231228,0,7828.406998,7860.49794,7730.351342,7774.922095
20231229,0,7764.225114,7782.053415,7655.472477,7700.04323
20240102,0,7708.957381,7803.447376,7667.952288,7796.316056
20240103,0,7796.316056,7851.583789,7762.442284,7823.058507
20240104,0,7844.452469,8008.472838,7837.321148,7896.154542
20240105,0,7897.937372,7922.896993,7819.492847,7824.841338
20240108,0,7821.275677,7860.49794,7773.139264,7819.492847
20240109,0,7796.316056,7880.109071,7774.922095,7840.886808
20240110,0,7851.583789,7924.679823,7846.235299,7919.331333
20240111,0,7924.679823,7981.730387,7871.19492,7967.467746
20240112,0,7978.164727,8070.871892,7949.639445,7997.775858
20240115,0,7983.513217,7983.513217,7903.285862,7926.462654
20240116,0,7922.896993,7940.725294,7878.326241,7922.896993
20240117,0,7921.114163,7944.290955,7810.578697,7837.321148
20240118,0,7819.492847,7844.452469,7774.922095,7823.058507
20240119,0,7810.578697,7837.321148,7787.401905,7807.013036
20240122,0,7796.316056,7947.856615,7687.563419,7917.548503
20240123,0,7926.462654,7946.073785,7846.235299,7919.331333
20240124,0,7940.725294,7978.164727,7887.240391,7892.588882
20240125,0,7913.982843,7976.381897,7906.851522,7958.553595
20240126,0,7924.679823,7963.902086,7848.018129,7944.290955
20240129,0,7944.290955,8019.169819,7903.285862,7915.765673
20240130,0,7897.937372,7897.937372,7810.578697,7885.457561
20240131,0,7885.457561,7969.250576,7883.674731,7910.417183
20240201,0,7894.371712,7919.331333,7849.800959,7885.457561
20240202,0,7897.937372,7906.851522,7831.972658,7867.62926
20240205,0,7876.543411,7896.154542,7823.058507,7842.669639
20240206,0,7860.49794,7933.593974,7814.144357,7905.068692
20240207,0,7897.937372,7921.114163,7833.755488,7855.149449
20240208,0,7871.19492,7978.164727,7855.149449,7953.205105
20240219,0,7988.861707,8220.629621,7988.861707,8190.321509
20240220,0,8206.608052,8273.56384,8112.508026,8132.413801
20240221,0,8130.604185,8302.517694,8125.175337,8288.040767
20240222,0,8284.421536,8311.565774,8222.894595,8286.231151
20240223,0,8269.944608,8324.233085,8244.609986,8291.659999
20240226,0,8288.040767,8293.469615,8235.561907,8277.183072
20240227,0,8269.944608,8271.754224,8152.319576,8188.511893
20240228,0,8188.511893,8224.704211,8157.748423,8190.321509
20240229,0,8184.892662,8240.990754,8170.415735,8222.894595
20240301,0,8233.752291,8271.754224,8163.177271,8177.654198
20240304,0,8188.511893,8250.038834,8146.890728,8168.606119
20240305,0,8188.511893,8233.752291,8175.844582,8215.656132
20240306,0,8235.561907,8275.373456,8054.600318,8087.173404
20240307,0,8063.648397,8130.604185,8063.648397,8112.508026
20240308,0,8112.508026,8193.940741,8094.411867,8175.844582
20240311,0,8152.319576,8197.559973,8090.792635,8150.50996
20240312,0,8161.367655,8213.846516,8125.175337,8166.796503
20240313,0,8192.131125,8224.704211,8136.033033,8159.558039
20240314,0,8170.415735,8186.702278,8098.031099,8141.46188
20240315,0,8101.650331,8168.606119,8025.646464,8125.175337
20240318,0,8143.271496,8208.417668,8098.031099,8123.365721
20240319,0,8148.700344,8163.177271,8098.031099,8125.175337
20240320,0,8111.409687,8145.823813,8102.806155,8137.220282
20240321,0,8161.310171,8290.363146,8071.833441,8092.481917
20240322,0,8082.157679,8156.148051,8049.464258,8116.571806
20240325,0,8099.364742,8245.624781,8008.167306,8207.769242
20240326,0,8242.183368,8242.183368,8116.571806,8173.355115
20240327,0,8185.400059,8252.507607,8144.103107,8216.372773
20240328,0,8216.372773,8216.372773,8111.409687,8118.292512
20240329,0,8087.319798,8116.571806,8040.860727,8095.92333
20240401,0,8047.743552,8125.175337,8008.167306,8104.526861
20240402,0,8120.013218,8120.013218,8032.257195,8039.14002
20240403,0,8020.212251,8087.319798,7984.077417,8063.229909
20240408,0,8087.319798,8149.265226,8061.509203,8147.54452
20240409,0,8147.54452,8190.562178,8121.733925,8142.382401
20240410,0,8157.868758,8171.634409,8109.68898,8145.823813
20240411,0,8126.896044,8183.679353,8089.040504,8163.030877
20240412,0,8152.706639,8176.796528,8114.851099,8159.589464
20240415,0,8147.54452,8150.985932,7975.473886,7975.473886
20240416,0,7958.266822,7994.401656,7910.087045,7944.501172
20240417,0,7937.618346,7949.663291,7842.979498,7887.717862
20240418,0,7915.249164,7942.780465,7853.303736,7856.745148
20240419,0,7842.979498,7932.456227,7830.934553,7911.807751
20240422,0,7916.96987,7932.456227,7868.790093,7898.0421
20240423,0,7929.014815,7997.843068,7903.20422,7935.89764
20240424,0,7932.456227,7951.383997,7889.438569,7916.96987
20240425,0,7922.131989,7923.852696,7760.385593,7763.827006
20240426,0,7762.1063,7786.196188,7732.854292,7748.340649
20240429,0,7758.664887,7806.844664,7751.782062,7775.87195
20240430,0,7781.034069,7796.520426,7748.340649,7756.944181
20240506,0,7827.493141,7891.159275,7803.403252,7848.141617
20240507,0,7872.231505,7906.645632,7834.375966,7896.321394
20240508,0,7877.393624,7877.393624,7837.817379,7855.024442
20240509,0,7836.096672,7836.096672,7717.367935,7750.061355
20240510,0,7717.367935,7738.016411,7658.863919,7688.115927
20240513,0,7688.115927,7822.331022,7688.115927,7770.709831
20240514,0,7782.754776,7994.401656,7755.223474,7963.428941
20240515,0,7935.89764,8030.536489,7872.231505,7913.528458
20240516,0,7932.456227,7947.942584,7891.159275,7939.339053
20240517,0,7934.176934,7977.194592,7918.690577,7965.149648
20240520,0,7937.618346,7973.753179,7856.745148,7865.34868
20240521,0,7872.231505,7951.383997,7829.213847,7867.069386
20240522,0,7861.907267,7925.573402,7837.817379,7908.366339
20240523,0,7889.438569,8018.491544,7868.790093,7920.411283
20240524,0,7925.573402,7925.573402,7855.024442,7875.672918
20240527,0,7846.42091,7904.924926,7829.213847,7865.34868
20240528,0,7885.997156,7911.807751,7853.303736,7872.231505
20240529,0,7872.231505,7951.383997,7860.186561,7939.339053
20240530,0,7939.339053,7970.311767,7863.627974,7872.231505
20240531,0,7858.465855,7860.186561,7748.340649,7803.403252
20240603,0,7810.286077,7820.610315,7750.061355,7753.502768
20240604,0,7743.17853,7760.385593,7703.602284,7731.133586
20240605,0,7744.899236,7796.520426,7736.295705,7770.709831
20240606,0,7786.196188,7824.051728,7758.664887,7803.403252
20240607,0,7829.213847,7867.069386,7775.87195,7798.241133
20240611,0,7829.213847,7849.862323,7798.241133,7846.42091
20240612,0,7863.627974,7999.563775,7799.961839,7813.72749
20240613,0,7824.051728,7825.772434,7682.953808,7694.998752
20240614,0,7694.998752,7694.998752,7614.125554,7619.287673
20240617,0,7541.855888,7579.711428,7495.396817,7536.693769
20240618,0,7560.783658,7603.801316,7509.162468,7579.711428
20240619,0,7605.522023,7622.729086,7560.783658,7591.756372
20240620,0,7591.756372,7636.494737,7564.225071,7583.15284
20240621,0,7536.693769,7607.242729,7528.090237,7548.738713
20240624,0,7548.738713,7598.639197,7534.973063,7559.062952
20240625,0,7571.107896,7588.314959,7536.693769,7567.666483
20240626,0,7562.504364,7596.918491,7510.883174,7586.594253
20240627,0,7605.522023,7621.00838,7576.270015,7608.963435
20240628,0,7615.846261,7657.143213,7608.963435,7639.936149
20240701,0,7639.936149,7657.143213,7610.684142,7629.611911
20240702,0,7645.098269,7689.836633,7626.170499,7650.260388
20240703,0,7646.818975,7648.539681,7438.613508,7581.432134
20240704,0,7571.107896,7605.522023,7550.45942,7555.621539
20240705,0,7550.45942,7574.549309,7534.973063,7560.783658
20240708,0,7564.225071,7564.225071,7522.928118,7533.252356
20240709,0,7524.648825,7543.576594,7495.396817,7524.648825
20240710,0,7505.721055,7519.486706,7409.3615,7459.261984
20240711,0,7459.261984,7533.252356,7448.937746,7510.883174
20240712,0,7522.928118,7553.900832,7486.793285,7498.83823
20240715,0,7505.721055,7588.314959,7488.513992,7565.945777
20240716,0,7577.990721,7590.035666,7538.414475,7565.945777
20240717,0,7588.314959,7619.287673,7579.711428,7603.801316
20240718,0,7610.684142,7610.684142,7541.855888,7569.38719
20240719,0,7550.45942,7564.225071,7500.558936,7505.721055
20240722,0,7560.783658,7705.32299,7560.783658,7691.55734
20240723,0,7725.971466,7725.971466,7672.62957,7713.926522
20240724,0,7719.088641,7720.809347,7664.026038,7679.512395
20240725,0,7667.467451,7710.485109,7619.287673,7688.115927
20240726,0,7700.160871,7731.133586,7664.026038,7713.926522
20240729,0,7670.908864,7670.908864,7522.928118,7552.180126
20240730,0,7557.342245,7567.666483,7485.072579,7493.676111
20240731,0,7498.83823,7524.648825,7476.469047,7505.721055
20240801,0,7510.883174,7536.693769,7488.513992,7493.676111
20240802,0,7478.189754,7514.324587,7467.865515,7502.279642
20240805,0,7502.279642,7547.018007,7490.234698,7497.117523
20240806,0,7517.765999,7552.180126,7481.631166,7485.072579
20240807,0,7476.469047,7528.090237,7450.658452,7500.558936
20240808,0,7516.045293,7560.783658,7500.558936,7536.693769
20240809,0,7538.414475,7605.522023,7534.973063,7605.522023
20240812,0,7610.684142,7617.566967,7565.945777,7576.270015
20240813,0,7576.270015,7595.197785,7516.045293,7533.252356
20240814,0,7519.486706,7519.486706,7390.43373,7417.965032
20240815,0,7416.244325,7435.172095,7381.830198,7417.965032
20240816,0,7430.009976,7455.820571,7417.965032,7430.009976
20240819,0,7435.172095,7481.631166,7374.947373,7464.424103
20240820,0,7466.144809,7488.513992,7442.05492,7455.820571
20240821,0,7459.261984,7485.072579,7421.406444,7478.189754
20240822,0,7483.351873,7483.351873,7443.775627,7452.379158
20240823,0,7442.05492,7466.144809,7404.199381,7455.820571
20240826,0,7483.351873,7490.234698,7424.847857,7454.099865
20240827,0,7466.144809,7567.666483,7464.424103,7533.252356
20240828,0,7533.252356,7547.018007,7504.000349,7533.252356
20240829,0,7538.414475,7543.576594,7495.396817,7512.60388
20240830,0,7526.369531,7529.810944,7497.117523,7516.045293
20240902,0,7485.072579,7485.072579,7356.019603,7393.875143
20240903,0,7395.595849,7479.91046,7366.343841,7416.244325
20240904,0,7409.111607,7416.244325,7332.43488,7332.43488
20240905,0,7350.266677,7377.014372,7321.735802,7327.085341
20240906,0,7334.21806,7353.833036,7273.58995,7287.855388
20240909,0,7291.421747,7314.603083,7248.625435,7287.855388
20240910,0,7271.806771,7291.421747,7209.395481,7250.408614
20240911,0,7245.059075,7287.855388,7221.877739,7273.58995
20240912,0,7255.758153,7257.541333,7168.382349,7175.515067
20240913,0,7187.997325,7227.227278,7186.214145,7214.74502
20240918,0,7141.634653,7184.430966,7084.572903,7157.68327
20240919,0,7146.984192,7152.333731,7002.546638,7072.090645
20240920,0,7061.391567,7072.090645,6991.847559,7011.462536
20240923,0,6982.931661,7211.178661,6952.617606,7054.258848
20240924,0,7063.174747,7145.201013,7063.174747,7123.802856
20240925,0,7150.550552,7170.165528,7079.223364,7084.572903
20240926,0,7075.657005,7123.802856,7054.258848,7084.572903
20240927,0,7068.524286,7114.886958,7066.741106,7102.4047
20240930,0,7105.971059,7186.214145,7039.993411,7170.165528
20241008,0,7273.58995,7311.036724,7114.886958,7146.984192
20241009,0,7129.210046,7210.971119,7081.219851,7157.64868
20241010,0,7154.093851,7171.867997,7093.661754,7097.216583
20241011,0,7102.548827,7145.206778,7054.558632,7056.336047
20241014,0,7065.22312,7161.203509,7047.448974,7152.316436
20241015,0,7143.429363,7196.751802,7132.764875,7143.429363
20241016,0,7145.206778,7186.087314,7134.54229,7170.090582
20241017,0,7175.422826,7189.642143,7100.771412,7141.651948
20241018,0,7159.426095,7203.86146,7116.768144,7178.977655
20241021,0,7178.977655,7242.964582,7120.322973,7184.309899
20241022,0,7189.642143,7278.512874,7177.200241,7274.958045
20241023,0,7314.061167,7358.496532,7191.419558,7216.303363
20241024,0,7209.193704,7290.954777,7209.193704,7290.954777
20241025,0,7310.506337,7310.506337,7223.413021,7234.077509
20241028,0,7205.638875,7242.964582,7205.638875,7216.303363
20241029,0,7221.635606,7251.851655,7161.203509,7162.980924
20241030,0,7171.867997,7321.170825,7157.64868,7267.848387
20241031,0,7285.622533,7314.061167,7226.96785,7251.851655
20241101,0,7282.067704,7379.825508,7251.851655,7356.719118
20241104,0,7340.722386,7340.722386,7271.403216,7310.506337
20241105,0,7303.396679,7328.280484,7244.741996,7253.62907
20241106,0,7271.403216,7292.732191,7228.745265,7235.854923
20241107,0,7280.290289,7338.944971,7271.403216,7303.396679
20241108,0,7337.167557,7392.26741,7298.064435,7321.170825
20241111,0,7331.835313,7390.489995,7310.506337,7374.493264
20241112,0,7356.719118,7370.938435,7306.951508,7337.167557
20241113,0,7315.838581,7338.944971,7287.399947,7303.396679
20241114,0,7298.064435,7303.396679,7136.319705,7138.097119
20241115,0,7134.54229,7141.651948,7006.568437,7031.452242
20241118,0,7019.01034,7026.119998,6974.574974,6990.571706
20241119,0,7011.900681,7084.774681,6997.681364,7079.442437
20241120,0,7082.997266,7091.884339,7003.013608,7006.568437
20241121,0,6981.684633,7013.678096,6949.691169,7004.791023
20241122,0,6979.907218,6995.903949,6907.033218,6921.252535
20241125,0,6930.139609,6976.352389,6928.362194,6967.465316
20241126,0,6967.465316,6979.907218,6935.471852,6960.355657
20241127,0,6967.465316,6999.458779,6960.355657,6972.797559
20241128,0,6965.687901,7003.013608,6942.581511,6987.016876
20241129,0,7003.013608,7010.123266,6956.800828,6965.687901
20241202,0,6949.691169,6979.907218,6924.807365,6974.574974
20241203,0,6958.578242,7003.013608,6937.249267,6999.458779
20241204,0,7020.787754,7074.110193,6955.023413,6956.800828
20241205,0,6971.020145,7045.671559,6908.810633,6995.903949
20241206,0,7004.791023,7013.678096,6951.468584,6960.355657
20241209,0,6958.578242,6990.571706,6924.807365,6944.358925
20241210,0,6992.34912,7022.565169,6958.578242,6971.020145
20241211,0,6974.574974,7010.123266,6955.023413,6999.458779
20241212,0,6999.458779,7020.722957,6932.122213,6939.210273
20241213,0,6907.314005,6978.1946,6863.013633,6971.106541
20241216,0,6953.386392,6953.386392,6850.609529,6871.873707
20241217,0,6863.013633,6868.329678,6832.88938,6834.661395
20241218,0,6816.941246,6864.785648,6776.184904,6839.977439
20241219,0,6839.977439,6875.417737,6816.941246,6852.381544
20241220,0,6848.837514,6889.593856,6847.065499,6878.961767
20241223,0,6875.417737,6905.54199,6868.329678,6900.225945
20241224,0,6909.08602,6990.598704,6903.769975,6946.298332
20241225,0,6951.614377,7050.84721,6939.210273,7034.899076
20241226,0,7041.987136,7057.93527,6988.826689,7029.583032
20241227,0,7008.318853,7075.655419,7008.318853,7068.567359
20241230,0,7070.339374,7070.339374,6995.914749,7004.774823
20241231,0,7004.774823,7040.215121,6995.914749,7024.266987
20250102,0,7040.215121,7047.303181,7003.002808,7011.862883
20250103,0,6992.370719,7017.178928,6921.490124,6944.526317
20250106,0,6937.438258,6953.386392,6910.858035,6953.386392
20250107,0,6953.386392,6978.1946,6923.262139,6972.878556
20250108,0,6985.28266,6985.28266,6926.806169,6926.806169
20250109,0,6912.63005,6935.666243,6894.909901,6907.314005
20250110,0,6900.225945,7017.178928,6900.225945,7017.178928
20250113,0,7024.266987,7096.919597,7018.950942,7061.4793
20250114,0,7057.93527,7169.572207,7057.93527,7164.256163
20250115,0,7174.888252,7220.960639,7151.852058,7210.32855
20250116,0,7215.644594,7220.960639,7109.323701,7130.58788
20250117,0,7112.867731,7174.888252,7112.867731,7160.712133
20250120,0,7139.447954,7139.447954,7080.971463,7121.727806
20250121,0,7139.447954,7158.940118,7107.551686,7142.991984
20250122,0,7134.13191,7144.763999,7096.919597,7109.323701
20250123,0,7127.04385,7142.991984,7057.93527,7070.339374
20250124,0,7052.619225,7072.111389,6955.158407,6964.018481
20250127,0,6971.106541,7034.899076,6969.334526,7008.318853
20250205,0,7041.987136,7095.147582,7034.899076,7061.4793
20250206,0,7054.39124,7176.660267,7049.075195,7164.256163
20250207,0,7176.660267,7199.69646,7139.447954,7158.940118
20250210,0,7158.940118,7158.940118,7093.326845,7111.060162
20250211,0,7103.966835,7128.793479,7064.953537,7091.553513
20250212,0,7079.140191,7135.886806,7068.500201,7134.113474
20250213,0,7116.380157,7134.113474,7031.260235,7096.873508
20250214,0,7111.060162,7180.220099,7102.193503,7153.620123
20250217,0,7146.526796,7208.593406,7118.153489,7180.220099
20250218,0,7181.99343,7293.713328,7181.99343,7267.113352
20250219,0,7267.113352,7302.579987,7252.926699,7272.433348
20250220,0,7272.433348,7334.499957,7252.926699,7316.76664
20250221,0,7334.499957,7350.459943,7300.806655,7327.406631
20250224,0,7322.086635,7369.966592,7275.980011,7316.76664
20250225,0,7323.859967,7336.273289,7279.526674,7314.993309
20250226,0,7306.12665,7307.899982,7252.926699,7284.846669
20250227,0,7286.620001,7345.139948,7274.206679,7306.12665
20250228,0,7288.393333,7311.446645,7217.460064,7277.753343
20250303,0,7268.886684,7279.526674,7236.966713,7263.566689
20250304,0,7254.70003,7274.206679,7219.233396,7267.113352
20250305,0,7245.833372,7260.020026,7181.99343,7206.820074
20250306,0,7206.820074,7265.340021,7189.086757,7256.473362
20250307,0,7252.926699,7284.846669,7221.006728,7235.193382
20250310,0,7304.353318,7377.059918,7302.579987,7338.046621
20250311,0,7350.459943,7350.459943,7261.793357,7300.806655
20250312,0,7309.673313,7338.046621,7290.166665,7320.313304
20250313,0,7309.673313,7341.593284,7299.033323,7329.179962
20250314,0,7325.633299,7364.646596,7309.673313,7357.55327
20250317,0,7339.819953,7354.006606,7295.48666,7327.406631
20250318,0,7323.859967,7343.366616,7244.06004,7263.566689
20250319,0,7244.06004,7272.433348,7235.193382,7260.020026
20250320,0,7260.020026,7260.020026,7210.366738,7212.140069
20250321,0,7222.78006,7244.06004,7194.406752,7231.646718
20250324,0,7215.686733,7221.006728,7148.300128,7197.953416
20250325,0,7189.086757,7249.380035,7169.580108,7240.513377
20250326,0,7228.100055,7302.579987,7219.233396,7268.886684
20250327,0,7261.793357,7270.660016,7235.193382,7244.06004
20250328,0,7252.926699,7260.020026,7213.913401,7226.326723
20250331,0,7208.593406,7210.366738,7150.073459,7160.71345
20250401,0,7160.71345,7222.78006,7155.393455,7199.726747
20250402,0,7199.726747,7261.793357,7199.726747,7221.006728
20250403,0,7217.460064,7236.966713,7171.35344,7197.953416
20250407,0,7174.900103,7222.78006,7093.326845,7107.513498
20250408,0,7109.28683,7135.886806,7096.873508,7127.020147
20250409,0,7121.700152,7146.526796,7093.326845,7135.886806
20250410,0,7151.846791,7219.233396,7142.980133,7197.953416
20250411,0,7219.233396,7306.12665,7217.460064,7272.433348
20250414,0,7274.206679,7293.713328,7245.833372,7265.340021
20250415,0,7270.660016,7283.073338,7252.926699,7260.020026
20250416,0,7267.113352,7275.980011,7212.140069,7213.913401
20250417,0,7215.690665,7256.56773,7206.804346,7242.34962
20250418,0,7226.354247,7247.681412,7112.60937,7114.386633
20250421,0,7153.486435,7190.808973,7128.604743,7162.372753
20250422,0,7157.040962,7167.704545,7132.15927,7162.372753
20250423,0,7171.259072,7212.136137,7157.040962,7212.136137
20250424,0,7197.918028,7338.321861,7197.918028,7327.658279
20250425,0,7327.658279,7357.871762,7293.890268,7348.985443
20250428,0,7324.103751,7329.435542,7213.913401,7235.240566
20250429,0,7219.245192,7240.572357,7164.150017,7165.927281
20250430,0,7162.372753,7176.590863,7141.045589,7162.372753
20250506,0,7173.036336,7187.254445,7126.827479,7133.936534
20250507,0,7144.600116,7197.918028,7128.604743,7187.254445
20250508,0,7176.590863,7242.34962,7157.040962,7229.908774
20250509,0,7235.240566,7256.56773,7203.249819,7203.249819
20250512,0,7229.908774,7306.331114,7199.695291,7306.331114
20250513,0,7306.331114,7313.440169,7240.572357,7285.003949
20250514,0,7288.558477,7338.321861,7279.672158,7318.77196
20250515,0,7322.326487,7329.435542,7293.890268,7309.885641
20250516,0,7290.335741,7347.208179,7290.335741,7315.217433
20250519,0,7322.326487,7373.867135,7300.999323,7347.208179
20250520,0,7338.321861,7446.734947,7318.77196,7436.071365
20250521,0,7434.294101,7457.398529,7400.526091,7421.853255
20250522,0,7441.403156,7489.389276,7421.853255,7439.625892
20250523,0,7420.075991,7434.294101,7356.094498,7382.753454
20250526,0,7379.198926,7409.412409,7309.885641,7332.99007
20250527,0,7331.212806,7427.185046,7325.881015,7409.412409
20250528,0,7428.96231,7446.734947,7398.748827,7421.853255
20250529,0,7430.739574,7574.697934,7416.521464,7572.920671
20250530,0,7571.143407,7578.252462,7434.294101,7450.289475
20250603,0,7471.616639,7546.261715,7455.621266,7517.825496
20250604,0,7524.93455,7528.489078,7420.075991,7452.066738
20250605,0,7460.953057,7475.171166,7412.966937,7452.066738
20250606,0,7462.730321,7498.275595,7444.957683,7450.289475
20250609,0,7434.294101,7443.18042,7366.75808,7384.530717
20250610,0,7372.089871,7414.7442,7359.649025,7379.198926
20250611,0,7372.089871,7372.089871,7276.117631,7316.994696
20250612,0,7313.440169,7336.544597,7270.78584,7293.890268
20250613,0,7293.890268,7313.440169,7274.340367,7299.222059
20250616,0,7348.985443,7402.303354,7348.985443,7372.089871
20250617,0,7396.971563,7396.971563,7318.77196,7347.208179
20250618,0,7364.980816,7380.97619,7318.77196,7334.767333
20250619,0,7334.767333,7388.085245,7318.77196,7348.985443
20250620,0,7348.985443,7354.317234,7306.331114,7327.658279
20250623,0,7322.326487,7343.653652,7283.226686,7313.440169
20250624,0,7288.558477,7320.549224,7274.340367,7313.440169
20250625,0,7304.55385,7347.208179,7302.776587,7313.440169
20250626,0,7320.549224,7320.549224,7242.34962,7245.904148
20250627,0,7242.34962,7272.563103,7235.240566,7260.122258
20250630,0,7267.231312,7277.894895,7237.017829,7247.681412
20250701,0,7256.56773,7311.662905,7249.458675,7286.781213
20250702,0,7295.667532,7354.317234,7279.672158,7334.767333
20250703,0,7347.208179,7357.871762,7322.326487,7343.653652
20250704,0,7340.099124,7352.53997,7269.008576,7276.117631
20250707,0,7245.904148,7247.681412,7178.368127,7196.140764
20250708,0,7196.140764,7222.79972,7180.145391,7215.690665
20250709,0,7224.576983,7283.226686,7215.690665,7265.454049
20250710,0,7269.008576,7281.449422,7249.458675,7276.117631
20250711,0,7283.226686,7308.108378,7249.458675,7260.122258
20250714,0,7270.78584,7396.971563,7270.78584,7277.894895
20250715,0,7277.894895,7304.55385,7247.681412,7279.672158
20250716,0,7286.781213,7325.881015,7272.563103,7315.217433
20250717,0,7324.103751,7364.980816,7309.885641,7331.212806
20250718,0,7348.985443,7363.203553,7297.444795,7306.331114
20250721,0,7295.667532,7316.994696,7276.117631,7292.113004
20250722,0,7292.113004,7292.113004,7205.027082,7233.463302
20250723,0,7224.576983,7258.344994,7210.358874,7235.240566
20250724,0,7235.240566,7247.681412,7221.022456,7224.576983
20250725,0,7233.463302,7247.681412,7213.913401,7231.686038
20250728,0,7240.572357,7364.980816,7228.131511,7235.240566
20250729,0,7217.467928,7224.576983,7149.931907,7199.695291
20250730,0,7208.58161,7229.908774,7190.808973,7203.249819
20250731,0,7196.140764,7222.79972,7173.036336,7181.922654
20250801,0,7181.922654,7213.913401,7171.259072,7192.586237
20250804,0,7185.477182,7212.136137,7173.036336,7183.699918
20250805,0,7189.031709,7213.913401,7137.491061,7185.477182
20250806,0,7183.699918,7197.918028,7167.704545,7190.808973
20250807,0,7197.918028,7237.017829,7183.699918,7221.022456
20250808,0,7221.022456,7224.576983,7187.254445,7196.140764
20250811,0,7199.695291,7206.804346,7158.818226,7174.813599
20250812,0,7185.477182,7189.031709,7164.150017,7180.145391
20250813,0,7189.031709,7276.117631,7187.254445,7212.136137
20250814,0,7213.94188,7219.359108,7112.820292,7118.23752
20250815,0,7114.626034,7114.626034,7058.648012,7062.259498
20250818,0,7078.511181,7083.928409,7044.202071,7051.425042
20250819,0,7065.870983,7078.511181,7038.784843,7067.676725
20250820,0,7053.230784,7058.648012,7013.504446,7026.144645
20250821,0,7040.590586,7040.590586,6975.58385,7008.087218
20250822,0,7015.310189,7056.84227,7011.698703,7044.202071
20250825,0,7015.310189,7056.84227,6970.166622,7038.784843
20250826,0,7033.367615,7082.122667,7026.144645,7073.093953
20250827,0,7074.899696,7085.734152,7011.698703,7042.396328
20250828,0,7042.396328,7064.06524,7027.950387,7044.202071
20250829,0,7036.9791,7060.453755,7008.087218,7027.950387
20250901,0,7015.310189,7074.899696,7015.310189,7069.482468
20250902,0,7069.482468,7107.403064,7020.727417,7033.367615
