date,time,open,high,low,close
20250722,0.090500000,6622,6631,6587,6593
20250722,0.091000000,6592,6615,6580,6588
20250722,0.091500000,6588,6604,6585,6601
20250722,0.092000000,6601,6608,6595,6596
20250722,0.092500000,6599,6603,6583,6589
20250722,0.093000000,6588,6603,6588,6594
20250722,0.093500000,6593,6596,6534,6545
20250722,0.094000000,6546,6574,6545,6562
20250722,0.094500000,6561,6576,6560,6573
20250722,0.095000000,6574,6574,6545,6546
20250722,0.095500000,6547,6554,6516,6530
20250722,0.100000000,6530,6548,6527,6543
20250722,0.100500000,6544,6546,6530,6537
20250722,0.101000000,6537,6574,6535,6570
20250722,0.103000000,6571,6571,6555,6565
20250722,0.103500000,6565,6569,6551,6565
20250722,0.104000000,6563,6576,6560,6571
20250722,0.104500000,6571,6575,6562,6563
20250722,0.105000000,6563,6570,6559,6569
20250722,0.105500000,6568,6571,6565,6566
20250722,0.110000000,6568,6568,6544,6550
20250722,0.110500000,6553,6554,6544,6546
20250722,0.111000000,6546,6552,6535,6552
20250722,0.111500000,6552,6552,6544,6547
20250722,0.112000000,6548,6552,6547,6551
20250722,0.112500000,6552,6552,6543,6547
20250722,0.133000000,6555,6625,6548,6619
20250722,0.133500000,6617,6617,6549,6589
20250722,0.134000000,6590,6595,6575,6575
20250722,0.134500000,6578,6578,6560,6569
20250722,0.135000000,6570,6581,6565,6578
20250722,0.135500000,6578,6589,6577,6587
20250722,0.140000000,6587,6587,6574,6581
20250722,0.140500000,6581,6585,6580,6582
20250722,0.141000000,6581,6583,6576,6581
20250722,0.141500000,6580,6584,6576,6578
20250722,0.142000000,6580,6587,6580,6585
20250722,0.142500000,6585,6615,6584,6612
20250722,0.143000000,6612,6615,6598,6611
20250722,0.143500000,6611,6613,6601,6601
20250722,0.144000000,6600,6630,6600,6625
20250722,0.144500000,6626,6626,6618,6620
20250722,0.145000000,6622,6624,6604,6606
20250722,0.145500000,6604,6616,6592,6613
20250722,0.210000000,6600,6660,6600,6651
20250722,0.210500000,6651,6661,6616,6629
20250722,0.211000000,6628,6633,6586,6599
20250722,0.211500000,6599,6609,6575,6605
20250722,0.212000000,6602,6610,6595,6609
20250722,0.212500000,6607,6613,6599,6611
20250722,0.213000000,6610,6610,6595,6595
20250722,0.213500000,6596,6601,6590,6593
20250722,0.214000000,6595,6596,6582,6583
20250722,0.214500000,6584,6597,6578,6592
20250722,0.215000000,6591,6595,6576,6582
20250722,0.215500000,6584,6592,6581,6587
20250722,0.220000000,6589,6597,6586,6596
20250722,0.220500000,6597,6601,6594,6597
20250722,0.221000000,6596,6597,6587,6591
20250722,0.221500000,6590,6597,6587,6597
20250722,0.222000000,6598,6605,6596,6600
20250722,0.222500000,6599,6602,6587,6597
20250722,0.223000000,6596,6603,6594,6602
20250722,0.223500000,6601,6603,6597,6603
20250722,0.224000000,6602,6608,6596,6598
20250722,0.224500000,6597,6603,6591,6600
20250722,0.225000000,6601,6601,6593,6593
20250722,0.225500000,6593,6593,6587,6587
20250723,0.090000000,6588,6617,6587,6611
20250723,0.090500000,6611,6614,6601,6606
20250723,0.091000000,6606,6610,6596,6604
20250723,0.091500000,6605,6607,6591,6591
20250723,0.092000000,6591,6599,6591,6599
20250723,0.092500000,6600,6602,6597,6597
20250723,0.093000000,6597,6597,6581,6586
20250723,0.093500000,6586,6593,6581,6583
20250723,0.094000000,6582,6596,6581,6593
20250723,0.094500000,6591,6591,6584,6587
20250723,0.095000000,6587,6590,6584,6585
20250723,0.095500000,6584,6593,6584,6591
20250723,0.100000000,6592,6592,6588,6589
20250723,0.100500000,6589,6592,6588,6588
20250723,0.101000000,6588,6595,6588,6593
20250723,0.103000000,6596,6598,6590,6590
20250723,0.103500000,6590,6593,6589,6593
20250723,0.104000000,6592,6593,6586,6586
20250723,0.104500000,6586,6588,6583,6584
20250723,0.105000000,6583,6587,6550,6585
20250723,0.105500000,6585,6587,6575,6575
20250723,0.110000000,6576,6582,6566,6572
20250723,0.110500000,6571,6583,6566,6579
20250723,0.111000000,6580,6588,6580,6582
20250723,0.111500000,6581,6587,6581,6584
20250723,0.112000000,6583,6584,6566,6569
20250723,0.112500000,6570,6575,6565,6575
20250723,0.133000000,6575,6581,6563,6566
20250723,0.133500000,6566,6570,6565,6565
20250723,0.134000000,6567,6567,6563,6564
20250723,0.134500000,6564,6564,6553,6557
20250723,0.135000000,6557,6562,6556,6558
20250723,0.135500000,6557,6563,6557,6562
20250723,0.140000000,6563,6563,6540,6547
20250723,0.140500000,6548,6553,6547,6553
20250723,0.141000000,6552,6553,6550,6551
20250723,0.141500000,6550,6550,6547,6548
20250723,0.142000000,6549,6552,6547,6549
20250723,0.142500000,6549,6549,6547,6548
20250723,0.143000000,6548,6558,6548,6551
20250723,0.143500000,6551,6555,6548,6552
20250723,0.144000000,6552,6558,6551,6557
20250723,0.144500000,6557,6570,6557,6561
20250723,0.145000000,6564,6574,6562,6573
20250723,0.145500000,6573,6578,6570,6578
20250723,0.210000000,6594,6594,6568,6574
20250723,0.210500000,6575,6575,6570,6573
20250723,0.211000000,6570,6574,6564,6567
20250723,0.211500000,6567,6579,6566,6567
20250723,0.212000000,6566,6570,6564,6570
20250723,0.212500000,6569,6577,6569,6575
20250723,0.213000000,6575,6580,6575,6580
20250723,0.213500000,6580,6587,6578,6585
20250723,0.214000000,6585,6587,6580,6585
20250723,0.214500000,6585,6593,6576,6592
20250723,0.215000000,6591,6591,6580,6585
20250723,0.215500000,6585,6588,6579,6588
20250723,0.220000000,6589,6595,6588,6588
20250723,0.220500000,6588,6590,6587,6589
20250723,0.221000000,6587,6592,6587,6590
20250723,0.221500000,6591,6595,6589,6591
20250723,0.222000000,6591,6591,6586,6587
20250723,0.222500000,6586,6589,6585,6586
20250723,0.223000000,6586,6593,6586,6592
20250723,0.223500000,6592,6607,6592,6602
20250723,0.224000000,6602,6602,6584,6584
20250723,0.224500000,6585,6589,6584,6586
20250723,0.225000000,6586,6592,6585,6589
20250723,0.225500000,6589,6589,6581,6584
20250724,0.090000000,6591,6595,6585,6588
20250724,0.090500000,6587,6587,6572,6575
20250724,0.091000000,6575,6583,6574,6578
20250724,0.091500000,6580,6584,6580,6583
20250724,0.092000000,6581,6582,6580,6580
20250724,0.092500000,6580,6581,6571,6577
20250724,0.093000000,6576,6578,6574,6574
20250724,0.093500000,6574,6577,6573,6573
20250724,0.094000000,6575,6581,6575,6581
20250724,0.094500000,6581,6581,6572,6574
20250724,0.095000000,6575,6579,6574,6579
20250724,0.095500000,6581,6581,6578,6578
20250724,0.100000000,6578,6578,6577,6577
20250724,0.100500000,6578,6584,6578,6582
20250724,0.101000000,6581,6581,6576,6580
20250724,0.103000000,6582,6596,6582,6595
20250724,0.103500000,6595,6600,6593,6593
20250724,0.104000000,6592,6593,6588,6593
20250724,0.104500000,6592,6594,6589,6594
20250724,0.105000000,6593,6594,6593,6593
20250724,0.105500000,6592,6596,6590,6596
20250724,0.110000000,6595,6597,6595,6597
20250724,0.110500000,6597,6597,6591,6591
20250724,0.111000000,6590,6594,6590,6592
20250724,0.111500000,6591,6594,6589,6589
20250724,0.112000000,6587,6590,6586,6590
20250724,0.112500000,6589,6598,6586,6597
20250724,0.133000000,6597,6601,6590,6599
20250724,0.133500000,6599,6600,6583,6586
20250724,0.134000000,6586,6593,6584,6590
20250724,0.134500000,6587,6592,6586,6592
20250724,0.135000000,6594,6596,6591,6596
20250724,0.135500000,6595,6600,6594,6595
20250724,0.140000000,6595,6599,6592,6597
20250724,0.140500000,6597,6602,6595,6599
20250724,0.141000000,6599,6601,6593,6596
20250724,0.141500000,6596,6599,6594,6594
20250724,0.142000000,6596,6602,6596,6602
20250724,0.142500000,6602,6620,6601,6612
20250724,0.143000000,6612,6612,6608,6609
20250724,0.143500000,6609,6614,6609,6611
20250724,0.144000000,6611,6620,6611,6620
20250724,0.144500000,6619,6622,6595,6595
20250724,0.145000000,6595,6602,6592,6599
20250724,0.145500000,6598,6604,6598,6601
20250724,0.210000000,6630,6646,6613,6614
20250724,0.210500000,6615,6639,6614,6628
20250724,0.211000000,6627,6635,6614,6618
20250724,0.211500000,6619,6624,6617,6620
20250724,0.212000000,6620,6620,6610,6614
20250724,0.212500000,6614,6616,6611,6615
20250724,0.213000000,6616,6616,6611,6611
20250724,0.213500000,6610,6611,6598,6611
20250724,0.214000000,6613,6614,6610,6614
20250724,0.214500000,6615,6631,6614,6621
20250724,0.215000000,6622,6630,6620,6627
20250724,0.215500000,6627,6634,6620,6626
20250724,0.220000000,6625,6634,6623,6625
20250724,0.220500000,6624,6627,6616,6621
20250724,0.221000000,6620,6623,6615,6623
20250724,0.221500000,6622,6626,6617,6625
20250724,0.222000000,6629,6633,6627,6627
20250724,0.222500000,6629,6630,6625,6628
20250724,0.223000000,6628,6635,6627,6632
20250724,0.223500000,6630,6643,6630,6634
20250724,0.224000000,6634,6640,6634,6636
20250724,0.224500000,6636,6641,6633,6634
20250724,0.225000000,6634,6636,6633,6634
20250724,0.225500000,6633,6635,6627,6633
20250725,0.090000000,6632,6632,6615,6626
20250725,0.090500000,6624,6628,6615,6618
20250725,0.091000000,6618,6624,6617,6617
20250725,0.091500000,6618,6625,6614,6624
20250725,0.092000000,6622,6626,6620,6626
20250725,0.092500000,6627,6636,6625,6636
20250725,0.093000000,6637,6642,6635,6637
20250725,0.093500000,6639,6640,6635,6640
20250725,0.094000000,6639,6655,6639,6653
20250725,0.094500000,6653,6655,6645,6645
20250725,0.095000000,6644,6650,6640,6650
20250725,0.095500000,6650,6651,6642,6642
20250725,0.100000000,6641,6654,6641,6650
20250725,0.100500000,6650,6660,6650,6655
20250725,0.101000000,6655,6655,6647,6650
20250725,0.103000000,6652,6658,6652,6657
20250725,0.103500000,6657,6673,6653,6667
20250725,0.104000000,6670,6694,6667,6692
20250725,0.104500000,6689,6692,6655,6674
20250725,0.105000000,6675,6683,6663,6673
20250725,0.105500000,6671,6671,6648,6652
20250725,0.110000000,6652,6666,6652,6662
20250725,0.110500000,6661,6661,6646,6651
20250725,0.111000000,6649,6654,6645,6654
20250725,0.111500000,6655,6662,6652,6662
20250725,0.112000000,6665,6665,6652,6653
20250725,0.112500000,6654,6670,6654,6665
20250725,0.133000000,6665,6673,6655,6659
20250725,0.133500000,6657,6660,6646,6646
20250725,0.134000000,6646,6648,6638,6638
20250725,0.134500000,6641,6671,6636,6647
20250725,0.135000000,6644,6652,6644,6646
20250725,0.135500000,6645,6652,6643,6652
20250725,0.140000000,6652,6654,6650,6652
20250725,0.140500000,6653,6656,6653,6656
20250725,0.141000000,6657,6658,6643,6644
20250725,0.141500000,6646,6656,6644,6655
20250725,0.142000000,6655,6660,6655,6656
20250725,0.142500000,6655,6663,6654,6660
20250725,0.143000000,6660,6662,6660,6660
20250725,0.143500000,6660,6660,6654,6659
20250725,0.144000000,6658,6658,6650,6651
20250725,0.144500000,6651,6659,6648,6650
20250725,0.145000000,6654,6659,6650,6655
20250725,0.145500000,6655,6659,6650,6657
20250725,0.210000000,6648,6673,6604,6621
20250725,0.210500000,6621,6622,6612,6616
20250725,0.211000000,6615,6674,6615,6640
20250725,0.211500000,6640,6646,6640,6646
20250725,0.212000000,6644,6644,6635,6635
20250725,0.212500000,6637,6637,6635,6636
20250725,0.213000000,6636,6638,6631,6636
20250725,0.213500000,6637,6637,6628,6630
20250725,0.214000000,6630,6633,6620,6621
20250725,0.214500000,6621,6624,6617,6619
20250725,0.215000000,6619,6622,6615,6616
20250725,0.215500000,6616,6631,6616,6628
20250725,0.220000000,6630,6630,6617,6621
20250725,0.220500000,6614,6618,6611,6615
20250725,0.221000000,6613,6616,6585,6599
20250725,0.221500000,6598,6606,6589,6605
20250725,0.222000000,6603,6603,6592,6602
20250725,0.222500000,6600,6606,6596,6606
20250725,0.223000000,6607,6607,6587,6598
20250725,0.223500000,6595,6595,6588,6588
20250725,0.224000000,6588,6588,6566,6566
20250725,0.224500000,6571,6591,6569,6589
20250725,0.225000000,6586,6586,6577,6580
20250725,0.225500000,6582,6582,6575,6575
20250728,0.090000000,6575,6586,6550,6586
20250728,0.090500000,6586,6586,6569,6574
20250728,0.091000000,6577,6583,6570,6583
20250728,0.091500000,6581,6588,6574,6582
20250728,0.092000000,6583,6588,6572,6585
20250728,0.092500000,6582,6582,6572,6575
20250728,0.093000000,6576,6576,6572,6572
20250728,0.093500000,6572,6573,6564,6567
20250728,0.094000000,6565,6578,6565,6577
20250728,0.094500000,6578,6579,6570,6575
20250728,0.095000000,6574,6582,6573,6581
20250728,0.095500000,6579,6583,6575,6583
20250728,0.100000000,6584,6584,6568,6574
20250728,0.100500000,6574,6580,6574,6579
20250728,0.101000000,6579,6584,6579,6581
20250728,0.103000000,6583,6586,6581,6586
20250728,0.103500000,6584,6586,6581,6581
20250728,0.104000000,6580,6582,6578,6580
20250728,0.104500000,6582,6582,6576,6577
20250728,0.105000000,6576,6577,6565,6577
20250728,0.105500000,6578,6578,6577,6578
20250728,0.110000000,6577,6577,6573,6574
20250728,0.110500000,6574,6575,6573,6574
20250728,0.111000000,6573,6575,6571,6571
20250728,0.111500000,6571,6575,6570,6570
20250728,0.112000000,6571,6572,6561,6564
20250728,0.112500000,6565,6566,6555,6560
20250728,0.133000000,6566,6571,6564,6567
20250728,0.133500000,6567,6570,6560,6562
20250728,0.134000000,6560,6562,6557,6562
20250728,0.134500000,6562,6563,6558,6562
20250728,0.135000000,6563,6565,6560,6565
20250728,0.135500000,6562,6575,6560,6575
20250728,0.140000000,6575,6575,6562,6562
20250728,0.140500000,6564,6565,6560,6560
20250728,0.141000000,6560,6562,6558,6558
20250728,0.141500000,6558,6565,6558,6565
20250728,0.142000000,6561,6564,6561,6561
20250728,0.142500000,6564,6571,6564,6571
20250728,0.143000000,6569,6571,6568,6568
20250728,0.143500000,6568,6575,6568,6573
20250728,0.144000000,6573,6575,6571,6572
20250728,0.144500000,6569,6573,6569,6572
20250728,0.145000000,6567,6570,6564,6565
20250728,0.145500000,6565,6572,6561,6570
20250728,0.210000000,6569,6593,6548,6585
20250728,0.210500000,6587,6594,6583,6586
20250728,0.211000000,6590,6590,6584,6584
20250728,0.211500000,6584,6584,6575,6580
20250728,0.212000000,6580,6583,6575,6575
20250728,0.212500000,6576,6578,6568,6571
20250728,0.213000000,6571,6574,6557,6567
20250728,0.213500000,6570,6578,6570,6573
20250728,0.214000000,6575,6579,6574,6575
20250728,0.214500000,6575,6577,6561,6565
20250728,0.215000000,6565,6569,6565,6569
20250728,0.215500000,6569,6585,6569,6585
20250728,0.220000000,6581,6588,6579,6584
20250728,0.220500000,6584,6584,6580,6582
20250728,0.221000000,6583,6587,6579,6579
20250728,0.221500000,6579,6579,6578,6579
20250728,0.222000000,6579,6579,6575,6577
20250728,0.222500000,6578,6579,6576,6576
20250728,0.223000000,6576,6576,6576,6576
20250728,0.223500000,6575,6577,6574,6576
20250728,0.224000000,6575,6577,6575,6576
20250728,0.224500000,6575,6575,6571,6571
20250728,0.225000000,6571,6573,6571,6572
20250728,0.225500000,6574,6577,6566,6566
20250729,0.090000000,6566,6574,6561,6572
20250729,0.090500000,6573,6575,6570,6573
20250729,0.091000000,6572,6574,6571,6574
20250729,0.091500000,6575,6578,6575,6578
20250729,0.092000000,6576,6576,6575,6575
20250729,0.092500000,6575,6576,6572,6576
20250729,0.093000000,6576,6578,6576,6577
20250729,0.093500000,6575,6575,6571,6571
20250729,0.094000000,6571,6572,6571,6572
20250729,0.094500000,6572,6576,6572,6576
20250729,0.095000000,6578,6578,6573,6573
20250729,0.095500000,6572,6572,6568,6571
20250729,0.100000000,6570,6570,6568,6570
20250729,0.100500000,6568,6568,6565,6565
20250729,0.101000000,6566,6570,6565,6570
20250729,0.103000000,6576,6576,6555,6561
20250729,0.103500000,6560,6566,6560,6566
20250729,0.104000000,6566,6569,6562,6565
20250729,0.104500000,6566,6570,6566,6568
20250729,0.105000000,6569,6571,6569,6570
20250729,0.105500000,6572,6572,6569,6572
20250729,0.110000000,6573,6577,6573,6575
20250729,0.110500000,6575,6577,6574,6577
20250729,0.111000000,6577,6578,6574,6576
20250729,0.111500000,6577,6582,6574,6575
20250729,0.112000000,6574,6579,6574,6578
20250729,0.112500000,6578,6580,6573,6573
20250729,0.133000000,6573,6585,6573,6583
20250729,0.133500000,6582,6582,6579,6579
20250729,0.134000000,6579,6580,6579,6579
20250729,0.134500000,6580,6585,6580,6584
20250729,0.135000000,6584,6584,6581,6581
20250729,0.135500000,6582,6582,6582,6582
20250729,0.140000000,6587,6587,6583,6584
20250729,0.140500000,6587,6588,6583,6584
20250729,0.141000000,6584,6586,6583,6585
20250729,0.141500000,6583,6583,6583,6583
20250729,0.142000000,6583,6585,6582,6583
20250729,0.142500000,6584,6585,6583,6583
20250729,0.143000000,6584,6584,6583,6583
20250729,0.143500000,6584,6585,6582,6584
20250729,0.144000000,6585,6585,6584,6584
20250729,0.144500000,6581,6583,6580,6581
20250729,0.145000000,6581,6582,6579,6579
20250729,0.145500000,6579,6579,6570,6573
20250729,0.210000000,6598,6605,6582,6589
20250729,0.210500000,6590,6594,6590,6594
20250729,0.211000000,6594,6600,6590,6600
20250729,0.211500000,6597,6600,6593,6593
20250729,0.212000000,6593,6593,6585,6592
20250729,0.212500000,6592,6594,6590,6594
20250729,0.213000000,6594,6596,6592,6592
20250729,0.213500000,6592,6594,6591,6594
20250729,0.214000000,6593,6593,6588,6590
20250729,0.214500000,6591,6593,6584,6587
20250729,0.215000000,6588,6588,6586,6586
20250729,0.215500000,6586,6587,6586,6587
20250729,0.220000000,6588,6592,6588,6588
20250729,0.220500000,6585,6588,6585,6588
20250729,0.221000000,6588,6590,6587,6590
20250729,0.221500000,6588,6593,6588,6593
20250729,0.222000000,6592,6592,6590,6590
20250729,0.222500000,6589,6593,6589,6590
20250729,0.223000000,6591,6595,6591,6593
20250729,0.223500000,6593,6604,6593,6603
20250729,0.224000000,6603,6605,6593,6596
20250729,0.224500000,6596,6602,6595,6601
20250729,0.225000000,6598,6598,6588,6596
20250729,0.225500000,6596,6600,6591,6600
20250730,0.090000000,6600,6600,6594,6594
20250730,0.090500000,6597,6600,6595,6598
20250730,0.091000000,6597,6597,6590,6590
20250730,0.091500000,6590,6594,6588,6594
20250730,0.092000000,6595,6595,6592,6592
20250730,0.092500000,6592,6592,6584,6584
20250730,0.093000000,6583,6585,6573,6585
20250730,0.093500000,6586,6589,6585,6589
20250730,0.094000000,6588,6590,6586,6590
20250730,0.094500000,6590,6591,6589,6591
20250730,0.095000000,6592,6592,6588,6588
20250730,0.095500000,6588,6589,6587,6587
20250730,0.100000000,6587,6589,6586,6586
20250730,0.100500000,6585,6589,6585,6588
20250730,0.101000000,6589,6590,6588,6590
20250730,0.103000000,6591,6591,6586,6589
20250730,0.103500000,6586,6586,6583,6583
20250730,0.104000000,6582,6585,6580,6585
20250730,0.104500000,6584,6588,6583,6585
20250730,0.105000000,6586,6589,6586,6587
20250730,0.105500000,6587,6594,6587,6592
20250730,0.110000000,6589,6590,6587,6588
20250730,0.110500000,6590,6590,6585,6585
20250730,0.111000000,6588,6588,6584,6587
20250730,0.111500000,6589,6589,6585,6585
20250730,0.112000000,6584,6584,6576,6578
20250730,0.112500000,6579,6584,6579,6581
20250730,0.133000000,6583,6591,6583,6591
20250730,0.133500000,6593,6594,6588,6589
20250730,0.134000000,6589,6596,6589,6593
20250730,0.134500000,6592,6592,6584,6588
20250730,0.135000000,6588,6588,6581,6583
20250730,0.135500000,6583,6583,6573,6575
20250730,0.140000000,6575,6576,6573,6574
20250730,0.140500000,6576,6576,6571,6571
20250730,0.141000000,6570,6572,6562,6562
20250730,0.141500000,6564,6575,6564,6574
20250730,0.142000000,6573,6573,6569,6570
20250730,0.142500000,6570,6574,6570,6574
20250730,0.143000000,6575,6577,6573,6576
20250730,0.143500000,6577,6578,6573,6574
20250730,0.144000000,6572,6575,6568,6568
20250730,0.144500000,6566,6567,6563,6564
20250730,0.145000000,6564,6569,6564,6568
20250730,0.145500000,6569,6575,6568,6570
20250730,0.210000000,6574,6575,6557,6574
20250730,0.210500000,6573,6582,6571,6574
20250730,0.211000000,6571,6579,6571,6577
20250730,0.211500000,6579,6583,6579,6583
20250730,0.212000000,6582,6585,6576,6581
20250730,0.212500000,6585,6586,6581,6583
20250730,0.213000000,6581,6581,6573,6577
20250730,0.213500000,6578,6586,6578,6584
20250730,0.214000000,6585,6586,6580,6584
20250730,0.214500000,6580,6581,6574,6574
20250730,0.215000000,6575,6577,6575,6576
20250730,0.215500000,6576,6576,6576,6576
20250730,0.220000000,6577,6580,6577,6579
20250730,0.220500000,6579,6579,6579,6579
20250730,0.221000000,6579,6588,6579,6585
20250730,0.221500000,6585,6585,6577,6579
20250730,0.222000000,6580,6580,6575,6575
20250730,0.222500000,6579,6579,6574,6576
20250730,0.223000000,6574,6574,6571,6571
20250730,0.223500000,6571,6573,6570,6572
20250730,0.224000000,6573,6577,6573,6577
20250730,0.224500000,6572,6572,6572,6572
20250730,0.225000000,6572,6572,6570,6570
20250730,0.225500000,6570,6573,6567,6567
20250731,0.090000000,6567,6573,6566,6567
20250731,0.090500000,6571,6574,6562,6565
20250731,0.091000000,6565,6566,6560,6560
20250731,0.091500000,6560,6560,6551,6557
20250731,0.092000000,6559,6561,6555,6559
20250731,0.092500000,6560,6560,6556,6556
20250731,0.093000000,6558,6560,6556,6558
20250731,0.093500000,6558,6558,6556,6558
20250731,0.094000000,6556,6557,6556,6557
20250731,0.094500000,6555,6556,6555,6556
20250731,0.095000000,6556,6557,6555,6556
20250731,0.095500000,6556,6556,6551,6551
20250731,0.100000000,6553,6557,6549,6556
20250731,0.100500000,6556,6566,6556,6560
20250731,0.101000000,6556,6559,6555,6557
20250731,0.103000000,6560,6560,6551,6552
20250731,0.103500000,6554,6555,6551,6554
20250731,0.104000000,6555,6555,6552,6552
20250731,0.104500000,6553,6557,6553,6557
20250731,0.105000000,6556,6556,6556,6556
20250731,0.105500000,6556,6560,6555,6560
20250731,0.110000000,6560,6566,6559,6559
20250731,0.110500000,6558,6558,6553,6555
20250731,0.111000000,6558,6562,6558,6559
20250731,0.111500000,6559,6569,6559,6563
20250731,0.112000000,6560,6560,6559,6559
20250731,0.112500000,6559,6559,6557,6557
20250731,0.133000000,6557,6559,6555,6556
20250731,0.133500000,6555,6556,6551,6551
20250731,0.134000000,6554,6556,6551,6556
20250731,0.134500000,6555,6557,6555,6556
20250731,0.135000000,6555,6557,6555,6555
20250731,0.135500000,6554,6555,6554,6554
20250731,0.140000000,6555,6555,6553,6553
20250731,0.140500000,6553,6553,6551,6551
20250731,0.141000000,6554,6554,6551,6551
20250731,0.141500000,6551,6551,6539,6540
20250731,0.142000000,6540,6555,6540,6551
20250731,0.142500000,6551,6552,6547,6547
20250731,0.143000000,6546,6546,6541,6542
20250731,0.143500000,6541,6542,6540,6540
20250731,0.144000000,6540,6541,6535,6536
20250731,0.144500000,6537,6538,6533,6538
20250731,0.145000000,6538,6539,6536,6539
20250731,0.145500000,6539,6548,6530,6545
20250731,0.210000000,6555,6555,6500,6540
20250731,0.210500000,6539,6544,6528,6535
20250731,0.211000000,6534,6534,6529,6530
20250731,0.211500000,6531,6533,6523,6527
20250731,0.212000000,6529,6529,6523,6524
20250731,0.212500000,6523,6530,6523,6528
20250731,0.213000000,6529,6529,6521,6521
20250731,0.213500000,6523,6525,6520,6525
20250731,0.214000000,6525,6528,6525,6528
20250731,0.214500000,6528,6532,6526,6532
20250731,0.215000000,6532,6533,6530,6531
20250731,0.215500000,6532,6538,6532,6532
20250731,0.220000000,6531,6531,6526,6530
20250731,0.220500000,6528,6530,6524,6530
20250731,0.221000000,6531,6531,6530,6531
20250731,0.221500000,6528,6532,6528,6530
20250731,0.222000000,6531,6533,6529,6531
20250731,0.223000000,6527,6527,6525,6527
20250731,0.223500000,6528,6528,6528,6528
20250731,0.224000000,6527,6527,6527,6527
20250731,0.224500000,6526,6526,6526,6526
20250731,0.225000000,6527,6528,6522,6525
20250731,0.225500000,6527,6533,6520,6520
20250801,0.090000000,6520,6526,6517,6526
20250801,0.090500000,6526,6526,6521,6521
20250801,0.091000000,6522,6523,6516,6516
20250801,0.091500000,6517,6524,6517,6524
20250801,0.092000000,6524,6524,6521,6522
20250801,0.092500000,6522,6526,6522,6522
20250801,0.093000000,6522,6527,6522,6526
20250801,0.093500000,6527,6527,6524,6525
20250801,0.094000000,6524,6524,6524,6524
20250801,0.094500000,6523,6525,6522,6525
20250801,0.095000000,6524,6524,6519,6519
20250801,0.095500000,6519,6523,6519,6523
20250801,0.100000000,6525,6527,6525,6527
20250801,0.100500000,6526,6526,6523,6524
20250801,0.101000000,6524,6524,6521,6521
20250801,0.103000000,6520,6527,6510,6515
20250801,0.103500000,6509,6512,6508,6510
20250801,0.104000000,6509,6509,6503,6504
20250801,0.104500000,6507,6510,6506,6510
20250801,0.105000000,6510,6512,6509,6512
20250801,0.105500000,6512,6514,6511,6513
20250801,0.110000000,6511,6514,6511,6511
20250801,0.110500000,6511,6511,6510,6511
20250801,0.111000000,6511,6512,6510,6510
20250801,0.111500000,6512,6512,6510,6510
20250801,0.112000000,6510,6511,6510,6511
20250801,0.112500000,6511,6512,6510,6512
20250801,0.133000000,6510,6510,6507,6508
20250801,0.133500000,6508,6510,6506,6506
20250801,0.134000000,6504,6504,6490,6503
20250801,0.134500000,6502,6502,6493,6501
20250801,0.135000000,6500,6506,6499,6506
20250801,0.135500000,6507,6507,6503,6505
20250801,0.140000000,6505,6508,6505,6505
20250801,0.140500000,6506,6506,6498,6498
20250801,0.141000000,6497,6498,6471,6491
20250801,0.141500000,6491,6491,6476,6477
20250801,0.142000000,6476,6482,6470,6475
20250801,0.142500000,6474,6477,6469,6477
20250801,0.143000000,6474,6481,6473,6477
20250801,0.143500000,6477,6477,6462,6465
20250801,0.144000000,6465,6490,6462,6484
20250801,0.144500000,6484,6490,6484,6487
20250801,0.145000000,6488,6495,6486,6492
20250801,0.145500000,6493,6493,6471,6474
20250801,0.210000000,6480,6493,6477,6486
20250801,0.210500000,6484,6486,6473,6481
20250801,0.211000000,6480,6483,6476,6482
20250801,0.211500000,6482,6494,6482,6484
20250801,0.212000000,6484,6486,6483,6483
20250801,0.212500000,6481,6483,6479,6483
20250801,0.213000000,6484,6492,6484,6486
20250801,0.213500000,6486,6490,6486,6487
20250801,0.214000000,6484,6484,6480,6482
20250801,0.214500000,6480,6480,6480,6480
20250801,0.215000000,6480,6483,6479,6483
20250801,0.215500000,6480,6483,6480,6482
20250801,0.220000000,6480,6480,6479,6479
20250801,0.220500000,6480,6482,6480,6482
20250801,0.221000000,6480,6484,6479,6480
20250801,0.221500000,6482,6482,6481,6481
20250801,0.222000000,6481,6481,6478,6481
20250801,0.222500000,6477,6479,6473,6476
20250801,0.223000000,6473,6476,6473,6476
20250801,0.223500000,6476,6477,6475,6477
20250801,0.224000000,6474,6474,6471,6471
20250801,0.224500000,6471,6473,6470,6471
20250801,0.225000000,6471,6471,6470,6470
20250801,0.225500000,6469,6470,6435,6460
20250804,0.090000000,6450,6454,6416,6433
20250804,0.090500000,6433,6449,6431,6437
20250804,0.091000000,6437,6438,6432,6434
20250804,0.091500000,6439,6442,6434,6442
20250804,0.092000000,6442,6454,6442,6451
20250804,0.092500000,6451,6464,6449,6464
20250804,0.093000000,6461,6467,6461,6463
20250804,0.093500000,6463,6472,6460,6465
20250804,0.094000000,6466,6466,6456,6457
20250804,0.094500000,6450,6458,6449,6458
20250804,0.095000000,6458,6462,6458,6458
20250804,0.095500000,6466,6466,6462,6463
20250804,0.100000000,6464,6466,6464,6466
20250804,0.100500000,6464,6464,6460,6460
20250804,0.101000000,6459,6459,6450,6451
20250804,0.103000000,6455,6464,6455,6464
20250804,0.103500000,6464,6464,6463,6463
20250804,0.104000000,6465,6465,6465,6465
20250804,0.104500000,6466,6466,6459,6462
20250804,0.105000000,6459,6460,6459,6460
20250804,0.105500000,6460,6461,6450,6455
20250804,0.110000000,6455,6455,6454,6454
20250804,0.110500000,6453,6457,6453,6457
20250804,0.111000000,6453,6453,6453,6453
20250804,0.111500000,6453,6453,6453,6453
20250804,0.112000000,6453,6455,6453,6455
20250804,0.112500000,6452,6456,6452,6456
20250804,0.133000000,6457,6460,6456,6456
20250804,0.133500000,6456,6457,6456,6457
20250804,0.134000000,6457,6464,6455,6464
20250804,0.134500000,6461,6461,6461,6461
20250804,0.135000000,6464,6464,6460,6464
20250804,0.135500000,6464,6466,6464,6466
20250804,0.140000000,6465,6465,6463,6464
20250804,0.140500000,6465,6473,6465,6473
20250804,0.141000000,6473,6488,6470,6481
20250804,0.141500000,6477,6481,6474,6478
20250804,0.142000000,6476,6476,6475,6475
20250804,0.142500000,6475,6475,6473,6473
20250804,0.143000000,6475,6475,6471,6472
20250804,0.143500000,6471,6472,6471,6472
20250804,0.144000000,6473,6481,6473,6480
20250804,0.144500000,6480,6481,6479,6480
20250804,0.145000000,6476,6482,6476,6482
20250804,0.145500000,6483,6484,6476,6481
20250804,0.210000000,6464,6484,6454,6481
20250804,0.210500000,6479,6482,6476,6477
20250804,0.211000000,6482,6482,6477,6479
20250804,0.211500000,6479,6483,6477,6477
20250804,0.212000000,6477,6477,6471,6472
20250804,0.212500000,6474,6475,6457,6460
20250804,0.213000000,6460,6468,6460,6464
20250804,0.213500000,6468,6470,6468,6470
20250804,0.214000000,6473,6473,6468,6468
20250804,0.214500000,6471,6472,6471,6472
20250804,0.215000000,6473,6474,6469,6474
20250804,0.215500000,6474,6475,6470,6475
20250804,0.220000000,6476,6478,6473,6475
20250804,0.220500000,6475,6476,6473,6473
20250804,0.221000000,6473,6473,6471,6471
20250804,0.221500000,6472,6474,6467,6467
20250804,0.222000000,6467,6472,6465,6472
20250804,0.222500000,6472,6472,6470,6472
20250804,0.223000000,6473,6475,6473,6475
20250804,0.223500000,6472,6472,6467,6467
20250804,0.224000000,6472,6472,6465,6466
20250804,0.224500000,6468,6472,6468,6472
20250804,0.225000000,6475,6479,6475,6476
20250804,0.225500000,6475,6475,6465,6472
20250805,0.090000000,6472,6473,6467,6469
20250805,0.090500000,6470,6471,6466,6466
20250805,0.091000000,6466,6469,6464,6467
20250805,0.091500000,6466,6467,6465,6467
20250805,0.092000000,6467,6467,6467,6467
20250805,0.092500000,6468,6470,6465,6465
20250805,0.093000000,6464,6464,6464,6464
20250805,0.093500000,6464,6472,6461,6464
20250805,0.094000000,6464,6471,6464,6468
20250805,0.094500000,6468,6471,6466,6471
20250805,0.095000000,6467,6470,6467,6470
20250805,0.095500000,6467,6469,6467,6468
20250805,0.100000000,6467,6467,6466,6466
20250805,0.100500000,6466,6466,6466,6466
20250805,0.101000000,6468,6469,6468,6469
20250805,0.103000000,6466,6467,6466,6466
20250805,0.103500000,6466,6466,6465,6465
20250805,0.104000000,6465,6466,6463,6463
20250805,0.104500000,6460,6460,6457,6457
20250805,0.105000000,6460,6466,6457,6459
20250805,0.105500000,6461,6461,6458,6460
20250805,0.110000000,6460,6464,6460,6464
20250805,0.110500000,6459,6459,6459,6459
20250805,0.111000000,6461,6461,6456,6456
20250805,0.111500000,6456,6459,6454,6454
20250805,0.112000000,6454,6463,6454,6463
20250805,0.112500000,6459,6462,6459,6459
20250805,0.133000000,6461,6467,6461,6467
20250805,0.133500000,6467,6480,6467,6476
20250805,0.134000000,6476,6484,6476,6484
20250805,0.134500000,6485,6486,6478,6480
20250805,0.135000000,6480,6480,6479,6479
20250805,0.135500000,6479,6487,6479,6487
20250805,0.140000000,6483,6488,6483,6487
20250805,0.140500000,6486,6486,6483,6485
20250805,0.141000000,6484,6484,6482,6484
20250805,0.141500000,6484,6489,6484,6487
20250805,0.142000000,6488,6509,6488,6503
20250805,0.142500000,6505,6515,6496,6496
20250805,0.143000000,6496,6510,6496,6504
20250805,0.143500000,6503,6509,6503,6508
20250805,0.144000000,6508,6512,6507,6511
20250805,0.144500000,6512,6520,6512,6515
20250805,0.145000000,6516,6519,6513,6517
20250805,0.145500000,6516,6520,6510,6512
20250805,0.210000000,6510,6555,6494,6503
20250805,0.210500000,6503,6508,6500,6500
20250805,0.211000000,6503,6503,6488,6491
20250805,0.211500000,6491,6491,6485,6485
20250805,0.212000000,6484,6484,6474,6475
20250805,0.212500000,6476,6480,6473,6478
20250805,0.213000000,6478,6482,6477,6477
20250805,0.213500000,6480,6481,6477,6479
20250805,0.214000000,6479,6488,6479,6488
20250805,0.214500000,6490,6490,6486,6486
20250805,0.215000000,6485,6485,6480,6480
20250805,0.215500000,6480,6484,6480,6484
20250805,0.220000000,6481,6481,6481,6481
20250805,0.220500000,6485,6485,6480,6483
20250805,0.221000000,6485,6485,6485,6485
20250805,0.221500000,6485,6485,6481,6481
20250805,0.222000000,6480,6480,6480,6480
20250805,0.222500000,6480,6480,6480,6480
20250805,0.223000000,6480,6481,6480,6481
20250805,0.223500000,6481,6482,6480,6482
20250805,0.224000000,6484,6484,6482,6482
20250805,0.224500000,6482,6482,6478,6478
20250805,0.225000000,6478,6478,6478,6478
20250805,0.225500000,6481,6487,6476,6476
20250806,0.090000000,6477,6482,6477,6482
20250806,0.090500000,6488,6490,6486,6486
20250806,0.091000000,6488,6488,6485,6485
20250806,0.091500000,6485,6485,6482,6482
20250806,0.092000000,6482,6484,6482,6484
20250806,0.092500000,6488,6488,6486,6486
20250806,0.093000000,6485,6486,6485,6485
20250806,0.093500000,6486,6488,6486,6487
20250806,0.094000000,6487,6489,6487,6489
20250806,0.094500000,6487,6488,6486,6488
20250806,0.095000000,6488,6504,6487,6498
20250806,0.095500000,6496,6523,6496,6520
20250806,0.100000000,6520,6520,6507,6510
20250806,0.100500000,6510,6510,6507,6507
20250806,0.101000000,6508,6509,6507,6509
20250806,0.103000000,6509,6516,6509,6516
20250806,0.103500000,6514,6514,6505,6505
20250806,0.104000000,6507,6512,6507,6512
20250806,0.104500000,6510,6511,6504,6508
20250806,0.105000000,6506,6506,6503,6503
20250806,0.105500000,6503,6505,6503,6505
20250806,0.110000000,6504,6505,6504,6505
20250806,0.110500000,6503,6503,6502,6502
20250806,0.111000000,6500,6503,6500,6503
20250806,0.111500000,6501,6501,6499,6500
20250806,0.112000000,6500,6503,6499,6503
20250806,0.112500000,6504,6504,6501,6501
20250806,0.133000000,6501,6504,6500,6504
20250806,0.133500000,6508,6510,6507,6509
20250806,0.134000000,6506,6508,6506,6507
20250806,0.134500000,6508,6508,6508,6508
20250806,0.135000000,6507,6509,6507,6509
20250806,0.135500000,6508,6509,6505,6505
20250806,0.140000000,6506,6508,6506,6508
20250806,0.140500000,6506,6506,6500,6505
20250806,0.141000000,6503,6503,6503,6503
20250806,0.141500000,6502,6502,6500,6500
20250806,0.142000000,6503,6503,6497,6498
20250806,0.142500000,6498,6500,6498,6498
20250806,0.143000000,6498,6498,6497,6497
20250806,0.143500000,6500,6500,6499,6499
20250806,0.144000000,6498,6501,6497,6501
20250806,0.144500000,6499,6499,6498,6498
20250806,0.145000000,6498,6498,6497,6497
20250806,0.145500000,6497,6497,6486,6494
20250806,0.210000000,6501,6509,6479,6499
20250806,0.210500000,6500,6502,6500,6502
20250806,0.211000000,6502,6507,6502,6502
20250806,0.211500000,6501,6505,6501,6503
20250806,0.212000000,6502,6503,6502,6503
20250806,0.212500000,6502,6502,6490,6490
20250806,0.213000000,6491,6494,6491,6493
20250806,0.213500000,6492,6499,6491,6499
20250806,0.214000000,6498,6499,6498,6499
20250806,0.214500000,6499,6499,6496,6496
20250806,0.215000000,6496,6499,6496,6497
20250806,0.215500000,6497,6504,6497,6504
20250806,0.220000000,6504,6504,6499,6499
20250806,0.220500000,6500,6505,6500,6502
20250806,0.221000000,6502,6502,6501,6501
20250806,0.221500000,6503,6506,6502,6506
20250806,0.222000000,6504,6504,6500,6500
20250806,0.222500000,6501,6501,6501,6501
20250806,0.223000000,6503,6505,6502,6504
20250806,0.223500000,6504,6504,6504,6504
20250806,0.224000000,6504,6504,6502,6502
20250806,0.224500000,6500,6500,6493,6495
20250806,0.225000000,6493,6496,6492,6492
20250806,0.225500000,6491,6508,6491,6506
20250807,0.090000000,6511,6511,6480,6488
20250807,0.090500000,6487,6489,6482,6489
20250807,0.091000000,6490,6490,6490,6490
20250807,0.091500000,6488,6488,6484,6488
20250807,0.092000000,6488,6488,6484,6484
20250807,0.092500000,6484,6487,6482,6485
20250807,0.093000000,6485,6487,6485,6487
20250807,0.093500000,6487,6488,6487,6487
20250807,0.094000000,6487,6488,6487,6488
20250807,0.094500000,6487,6488,6487,6487
20250807,0.095000000,6489,6489,6489,6489
20250807,0.095500000,6487,6487,6486,6486
20250807,0.100000000,6486,6489,6486,6489
20250807,0.100500000,6489,6489,6489,6489
20250807,0.101000000,6489,6491,6480,6480
20250807,0.103000000,6483,6483,6481,6482
20250807,0.103500000,6484,6484,6482,6482
20250807,0.104000000,6482,6484,6482,6484
20250807,0.105000000,6484,6484,6483,6483
20250807,0.105500000,6485,6486,6485,6485
20250807,0.110000000,6483,6485,6482,6485
20250807,0.110500000,6485,6485,6483,6485
20250807,0.111000000,6486,6486,6484,6486
20250807,0.111500000,6483,6486,6483,6486
20250807,0.112000000,6487,6487,6487,6487
20250807,0.112500000,6487,6487,6486,6487
20250807,0.133000000,6487,6491,6487,6489
20250807,0.133500000,6489,6490,6488,6488
20250807,0.134000000,6487,6487,6487,6487
20250807,0.134500000,6485,6486,6484,6484
20250807,0.135000000,6484,6486,6483,6486
20250807,0.135500000,6484,6484,6483,6484
20250807,0.140000000,6485,6485,6482,6482
20250807,0.140500000,6481,6483,6480,6481
20250807,0.141000000,6484,6484,6481,6481
20250807,0.141500000,6481,6482,6480,6482
20250807,0.142000000,6485,6485,6481,6481
20250807,0.142500000,6481,6481,6480,6480
20250807,0.143000000,6480,6482,6470,6474
20250807,0.143500000,6473,6477,6471,6475
20250807,0.144000000,6477,6478,6476,6478
20250807,0.144500000,6477,6477,6472,6475
20250807,0.145000000,6474,6480,6474,6476
20250807,0.145500000,6479,6483,6475,6480
20250807,0.210000000,6462,6496,6462,6483
20250807,0.210500000,6482,6482,6480,6480
20250807,0.211000000,6476,6476,6473,6475
20250807,0.211500000,6474,6477,6474,6477
20250807,0.212000000,6476,6476,6474,6474
20250807,0.212500000,6475,6475,6475,6475
20250807,0.213000000,6474,6474,6473,6473
20250807,0.213500000,6474,6486,6472,6483
20250807,0.214000000,6481,6481,6478,6478
20250807,0.214500000,6479,6479,6473,6473
20250807,0.215000000,6474,6474,6474,6474
20250807,0.215500000,6474,6474,6474,6474
20250807,0.220000000,6476,6476,6473,6474
20250807,0.220500000,6472,6476,6472,6475
20250807,0.221000000,6477,6477,6477,6477
20250807,0.221500000,6474,6477,6474,6477
20250807,0.222000000,6478,6478,6478,6478
20250807,0.222500000,6477,6477,6477,6477
20250807,0.223000000,6475,6475,6472,6472
20250807,0.223500000,6473,6473,6471,6471
20250807,0.224000000,6470,6470,6458,6469
20250807,0.224500000,6469,6469,6466,6466
20250807,0.225000000,6466,6466,6465,6466
20250807,0.225500000,6466,6470,6461,6463
20250808,0.090000000,6465,6470,6453,6459
20250808,0.090500000,6459,6464,6459,6460
20250808,0.091000000,6460,6462,6460,6462
20250808,0.092000000,6463,6467,6462,6465
20250808,0.092500000,6464,6464,6464,6464
20250808,0.093000000,6463,6463,6461,6461
20250808,0.094000000,6459,6461,6453,6459
20250808,0.094500000,6457,6457,6455,6457
20250808,0.095000000,6454,6457,6453,6455
20250808,0.095500000,6454,6457,6453,6457
20250808,0.100000000,6456,6462,6456,6462
20250808,0.100500000,6463,6463,6462,6463
20250808,0.101000000,6464,6465,6462,6462
20250808,0.103000000,6462,6464,6461,6464
20250808,0.103500000,6465,6465,6463,6465
20250808,0.104000000,6463,6463,6460,6460
20250808,0.104500000,6459,6459,6454,6459
20250808,0.105000000,6459,6459,6457,6457
20250808,0.105500000,6460,6460,6457,6457
20250808,0.110000000,6457,6458,6457,6457
20250808,0.110500000,6456,6456,6445,6445
20250808,0.111000000,6446,6448,6444,6446
20250808,0.111500000,6446,6448,6444,6448
20250808,0.112000000,6446,6449,6446,6449
20250808,0.112500000,6449,6452,6448,6448
20250808,0.133000000,6447,6448,6445,6447
20250808,0.133500000,6445,6446,6445,6445
20250808,0.134000000,6445,6445,6445,6445
20250808,0.134500000,6445,6447,6445,6447
20250808,0.135000000,6448,6448,6447,6447
20250808,0.135500000,6447,6448,6446,6446
20250808,0.140000000,6446,6448,6446,6448
20250808,0.140500000,6448,6452,6448,6452
20250808,0.141000000,6450,6451,6450,6450
20250808,0.141500000,6451,6453,6450,6453
20250808,0.142000000,6452,6452,6451,6451
20250808,0.142500000,6451,6451,6450,6450
20250808,0.143000000,6450,6452,6449,6449
20250808,0.143500000,6448,6448,6447,6448
20250808,0.144000000,6447,6447,6444,6445
20250808,0.144500000,6445,6447,6443,6447
20250808,0.145000000,6448,6451,6446,6451
20250808,0.145500000,6450,6456,6447,6451
20250808,0.210000000,6462,6469,6451,6459
20250808,0.210500000,6459,6459,6454,6454
20250808,0.211000000,6453,6453,6451,6452
20250808,0.211500000,6454,6462,6453,6462
20250808,0.212000000,6462,6462,6461,6461
20250808,0.212500000,6462,6462,6457,6457
20250808,0.213000000,6460,6463,6460,6462
20250808,0.213500000,6461,6465,6461,6462
20250808,0.214000000,6467,6475,6466,6473
20250808,0.214500000,6471,6475,6470,6474
20250808,0.215000000,6471,6475,6471,6472
20250808,0.215500000,6474,6475,6472,6475
20250808,0.220000000,6474,6479,6473,6473
20250808,0.220500000,6473,6473,6472,6472
20250808,0.221000000,6468,6468,6458,6458
20250808,0.221500000,6456,6459,6456,6459
20250808,0.222000000,6462,6462,6462,6462
20250808,0.222500000,6460,6460,6460,6460
20250808,0.223000000,6461,6461,6459,6459
20250808,0.223500000,6462,6465,6462,6465
20250808,0.224000000,6466,6467,6465,6465
20250808,0.224500000,6467,6467,6464,6464
20250808,0.225000000,6464,6464,6460,6463
20250808,0.225500000,6461,6463,6459,6463
20250811,0.090000000,6460,6484,6460,6466
20250811,0.090500000,6470,6473,6470,6473
20250811,0.091000000,6472,6477,6471,6477
20250811,0.091500000,6476,6477,6475,6475
20250811,0.092000000,6476,6481,6476,6481
20250811,0.092500000,6481,6498,6481,6482
20250811,0.093000000,6483,6484,6482,6482
20250811,0.093500000,6482,6482,6472,6475
20250811,0.094000000,6476,6476,6475,6475
20250811,0.094500000,6476,6480,6474,6480
20250811,0.095000000,6478,6485,6478,6483
20250811,0.095500000,6483,6486,6479,6482
20250811,0.100000000,6486,6486,6485,6486
20250811,0.100500000,6483,6490,6483,6486
20250811,0.101000000,6485,6485,6483,6483
20250811,0.103000000,6482,6482,6479,6479
20250811,0.103500000,6478,6478,6478,6478
20250811,0.104500000,6480,6485,6479,6479
20250811,0.105000000,6479,6483,6479,6480
20250811,0.105500000,6483,6483,6479,6479
20250811,0.110000000,6478,6483,6478,6483
20250811,0.110500000,6483,6483,6483,6483
20250811,0.111000000,6480,6480,6480,6480
20250811,0.111500000,6481,6482,6481,6482
20250811,0.112000000,6482,6483,6482,6483
20250811,0.112500000,6483,6483,6480,6480
20250811,0.133000000,6482,6487,6482,6487
20250811,0.133500000,6486,6486,6481,6482
20250811,0.134000000,6486,6487,6486,6486
20250811,0.134500000,6485,6485,6482,6483
20250811,0.135000000,6485,6489,6483,6489
20250811,0.135500000,6490,6496,6487,6496
20250811,0.140000000,6496,6505,6494,6499
20250811,0.140500000,6499,6499,6491,6491
20250811,0.141000000,6491,6491,6491,6491
20250811,0.141500000,6490,6492,6490,6490
20250811,0.142000000,6490,6491,6490,6491
20250811,0.142500000,6493,6496,6493,6493
20250811,0.143000000,6494,6494,6493,6493
20250811,0.143500000,6494,6495,6494,6495
20250811,0.144000000,6495,6500,6495,6498
20250811,0.144500000,6498,6498,6496,6496
20250811,0.145000000,6495,6498,6491,6497
20250811,0.145500000,6492,6498,6491,6491
20250811,0.210000000,6517,6560,6476,6510
20250811,0.210500000,6508,6509,6502,6507
20250811,0.211000000,6510,6515,6510,6513
20250811,0.211500000,6514,6516,6510,6512
20250811,0.212000000,6511,6513,6506,6506
20250811,0.212500000,6506,6506,6500,6503
20250811,0.213000000,6502,6508,6502,6508
20250811,0.213500000,6509,6509,6506,6506
20250811,0.214000000,6507,6507,6505,6505
20250811,0.214500000,6505,6506,6505,6505
20250811,0.215000000,6507,6507,6502,6505
20250811,0.215500000,6505,6505,6500,6500
20250811,0.220000000,6500,6502,6500,6502
20250811,0.220500000,6504,6504,6504,6504
20250811,0.221000000,6504,6507,6504,6507
20250811,0.221500000,6505,6507,6505,6507
20250811,0.222000000,6507,6507,6505,6505
20250811,0.222500000,6504,6504,6502,6502
20250811,0.223000000,6502,6502,6501,6502
20250811,0.223500000,6501,6501,6500,6501
20250811,0.224000000,6500,6500,6500,6500
20250811,0.225000000,6500,6500,6498,6498
20250811,0.225500000,6499,6500,6497,6498
20250812,0.090000000,6498,6509,6498,6498
20250812,0.090500000,6501,6503,6500,6503
20250812,0.091000000,6503,6506,6503,6505
20250812,0.091500000,6501,6502,6497,6497
20250812,0.092000000,6499,6502,6498,6498
20250812,0.092500000,6497,6500,6496,6496
20250812,0.093000000,6495,6500,6495,6500
20250812,0.093500000,6500,6502,6498,6502
20250812,0.094500000,6499,6510,6499,6506
20250812,0.095000000,6509,6515,6509,6515
20250812,0.095500000,6513,6514,6512,6514
20250812,0.100000000,6513,6513,6511,6511
20250812,0.100500000,6514,6525,6514,6525
20250812,0.101000000,6518,6523,6516,6522
20250812,0.103000000,6523,6529,6521,6521
20250812,0.103500000,6516,6516,6514,6515
20250812,0.104000000,6515,6515,6515,6515
20250812,0.104500000,6514,6515,6512,6512
20250812,0.105000000,6515,6520,6514,6520
20250812,0.105500000,6517,6519,6506,6508
20250812,0.110000000,6508,6509,6508,6509
20250812,0.110500000,6509,6518,6509,6518
20250812,0.111000000,6519,6526,6519,6526
20250812,0.111500000,6521,6528,6521,6521
20250812,0.112000000,6519,6527,6519,6527
20250812,0.112500000,6522,6525,6515,6519
20250812,0.133000000,6518,6529,6517,6519
20250812,0.133500000,6519,6519,6515,6518
20250812,0.134000000,6518,6525,6518,6522
20250812,0.134500000,6522,6528,6522,6522
20250812,0.135000000,6524,6524,6522,6522
20250812,0.135500000,6520,6520,6515,6516
20250812,0.140000000,6516,6521,6516,6521
20250812,0.140500000,6521,6523,6521,6523
20250812,0.141000000,6524,6524,6522,6522
20250812,0.141500000,6520,6524,6520,6524
20250812,0.142000000,6525,6528,6524,6528
20250812,0.142500000,6528,6528,6528,6528
20250812,0.143000000,6528,6528,6526,6527
20250812,0.143500000,6528,6528,6525,6525
20250812,0.144000000,6525,6525,6519,6519
20250812,0.144500000,6520,6520,6518,6518
20250812,0.145000000,6516,6517,6509,6517
20250812,0.145500000,6517,6519,6511,6513
20250812,0.210000000,6513,6528,6486,6510
20250812,0.210500000,6510,6512,6505,6508
20250812,0.211000000,6508,6512,6508,6510
20250812,0.211500000,6509,6509,6506,6506
20250812,0.212000000,6506,6508,6506,6508
20250812,0.212500000,6507,6509,6507,6509
20250812,0.213000000,6508,6508,6506,6507
20250812,0.213500000,6507,6507,6507,6507
20250812,0.214000000,6508,6508,6508,6508
20250812,0.214500000,6506,6506,6504,6504
20250812,0.215000000,6505,6505,6503,6503
20250812,0.220000000,6503,6503,6498,6498
20250812,0.220500000,6498,6501,6498,6500
20250812,0.221000000,6500,6501,6498,6498
20250812,0.221500000,6498,6498,6497,6498
20250812,0.222000000,6500,6500,6497,6497
20250812,0.222500000,6499,6499,6499,6499
20250812,0.223000000,6500,6500,6500,6500
20250812,0.223500000,6500,6500,6500,6500
20250812,0.224000000,6500,6501,6500,6501
20250812,0.224500000,6500,6503,6500,6503
20250812,0.225000000,6501,6502,6499,6502
20250812,0.225500000,6503,6504,6502,6504
20250813,0.090000000,6505,6505,6499,6504
20250813,0.090500000,6504,6508,6504,6508
20250813,0.091000000,6505,6505,6505,6505
20250813,0.091500000,6505,6505,6503,6503
20250813,0.092000000,6501,6501,6499,6500
20250813,0.092500000,6500,6504,6500,6504
20250813,0.093000000,6502,6502,6501,6501
20250813,0.093500000,6503,6504,6501,6504
20250813,0.094000000,6505,6507,6505,6507
20250813,0.094500000,6506,6507,6505,6505
20250813,0.095000000,6506,6506,6506,6506
20250813,0.095500000,6508,6508,6507,6507
20250813,0.100000000,6508,6514,6507,6514
20250813,0.100500000,6514,6518,6512,6513
20250813,0.101000000,6515,6515,6511,6513
20250813,0.103000000,6512,6512,6512,6512
20250813,0.103500000,6510,6510,6509,6510
20250813,0.104500000,6510,6510,6510,6510
20250813,0.105000000,6509,6510,6507,6507
20250813,0.105500000,6507,6507,6502,6502
20250813,0.110000000,6503,6503,6503,6503
20250813,0.110500000,6503,6509,6503,6509
20250813,0.111000000,6509,6512,6509,6511
20250813,0.111500000,6511,6512,6511,6512
20250813,0.112000000,6512,6519,6510,6517
20250813,0.112500000,6519,6520,6515,6520
20250813,0.133000000,6515,6519,6514,6514
20250813,0.133500000,6514,6514,6513,6514
20250813,0.134000000,6513,6513,6509,6509
20250813,0.134500000,6509,6513,6509,6513
20250813,0.135000000,6513,6513,6511,6511
20250813,0.135500000,6511,6512,6511,6511
20250813,0.140000000,6511,6511,6511,6511
20250813,0.140500000,6513,6517,6513,6517
20250813,0.141000000,6511,6512,6506,6506
20250813,0.141500000,6506,6509,6505,6508
20250813,0.142000000,6505,6505,6498,6502
20250813,0.143000000,6500,6500,6499,6499
20250813,0.143500000,6499,6500,6499,6500
20250813,0.144000000,6501,6503,6500,6503
20250813,0.144500000,6507,6508,6506,6508
20250813,0.145000000,6506,6509,6506,6507
20250813,0.145500000,6509,6510,6507,6507
20250813,0.210000000,6520,6526,6503,6503
20250813,0.210500000,6501,6501,6493,6497
20250813,0.211000000,6497,6498,6497,6498
20250813,0.211500000,6498,6501,6497,6497
20250813,0.212000000,6501,6505,6499,6499
20250813,0.212500000,6503,6503,6496,6496
20250813,0.213000000,6495,6495,6488,6490
20250813,0.213500000,6489,6498,6489,6494
20250813,0.214000000,6497,6498,6496,6496
20250813,0.214500000,6495,6498,6495,6497
20250813,0.215000000,6498,6498,6496,6497
20250813,0.215500000,6497,6499,6495,6498
20250813,0.220000000,6499,6499,6497,6497
20250813,0.220500000,6499,6499,6499,6499
20250813,0.221500000,6496,6496,6496,6496
20250813,0.222000000,6496,6496,6496,6496
20250813,0.222500000,6497,6497,6497,6497
20250813,0.223000000,6497,6497,6495,6495
20250813,0.223500000,6495,6499,6495,6496
20250813,0.224000000,6495,6496,6495,6495
20250813,0.224500000,6496,6498,6493,6496
20250813,0.225500000,6499,6503,6499,6503
20250814,0.090000000,6504,6504,6496,6502
20250814,0.090500000,6500,6500,6499,6499
20250814,0.091000000,6503,6504,6502,6504
20250814,0.091500000,6504,6504,6504,6504
20250814,0.092000000,6502,6502,6502,6502
20250814,0.092500000,6503,6505,6503,6505
20250814,0.093000000,6503,6504,6503,6504
20250814,0.093500000,6504,6508,6504,6508
20250814,0.094000000,6505,6507,6505,6506
20250814,0.095000000,6504,6504,6501,6503
20250814,0.095500000,6505,6505,6505,6505
20250814,0.100000000,6502,6505,6502,6502
20250814,0.101000000,6505,6505,6503,6503
20250814,0.103000000,6503,6503,6503,6503
20250814,0.103500000,6501,6501,6497,6497
20250814,0.104000000,6499,6499,6490,6491
20250814,0.104500000,6491,6492,6490,6490
20250814,0.105000000,6490,6492,6488,6491
20250814,0.105500000,6493,6493,6492,6492
20250814,0.110000000,6493,6493,6493,6493
20250814,0.110500000,6494,6495,6492,6495
20250814,0.111000000,6495,6495,6494,6494
20250814,0.111500000,6494,6495,6489,6489
20250814,0.112000000,6489,6492,6488,6488
20250814,0.112500000,6486,6486,6480,6480
20250814,0.133000000,6480,6481,6471,6473
20250814,0.133500000,6475,6484,6475,6484
20250814,0.134000000,6484,6484,6484,6484
20250814,0.134500000,6484,6484,6479,6482
20250814,0.135000000,6482,6482,6480,6480
20250814,0.135500000,6482,6482,6482,6482
20250814,0.140000000,6482,6493,6482,6487
20250814,0.140500000,6484,6484,6484,6484
20250814,0.141000000,6483,6484,6481,6482
20250814,0.141500000,6481,6484,6480,6483
20250814,0.142000000,6481,6481,6480,6481
20250814,0.142500000,6481,6481,6481,6481
20250814,0.143000000,6483,6487,6483,6487
20250814,0.143500000,6485,6485,6483,6483
20250814,0.144000000,6482,6483,6480,6480
20250814,0.144500000,6480,6485,6480,6485
20250814,0.145000000,6484,6489,6484,6487
20250814,0.145500000,6488,6488,6485,6488
20250814,0.210000000,6480,6501,6480,6498
20250814,0.210500000,6498,6498,6492,6496
20250814,0.211000000,6497,6502,6497,6502
20250814,0.211500000,6503,6505,6502,6503
20250814,0.212000000,6502,6503,6499,6503
20250814,0.212500000,6503,6503,6493,6495
20250814,0.213000000,6495,6495,6494,6495
20250814,0.213500000,6496,6498,6496,6498
20250814,0.214000000,6498,6500,6498,6500
20250814,0.214500000,6500,6500,6499,6499
20250814,0.215000000,6498,6498,6497,6497
20250814,0.215500000,6497,6497,6495,6495
20250814,0.220000000,6497,6500,6497,6499
20250814,0.220500000,6497,6497,6497,6497
20250814,0.221000000,6498,6498,6497,6498
20250814,0.221500000,6497,6497,6496,6496
20250814,0.222000000,6495,6497,6495,6495
20250814,0.222500000,6493,6494,6493,6494
20250814,0.223000000,6495,6498,6495,6498
20250814,0.223500000,6495,6495,6494,6495
20250814,0.224000000,6495,6495,6490,6491
20250814,0.224500000,6493,6493,6489,6492
20250814,0.225000000,6493,6493,6492,6492
20250814,0.225500000,6493,6495,6493,6495
20250815,0.090000000,6491,6495,6491,6493
20250815,0.090500000,6493,6493,6493,6493
20250815,0.091000000,6493,6493,6488,6490
20250815,0.091500000,6490,6490,6490,6490
20250815,0.092000000,6490,6490,6490,6490
20250815,0.092500000,6490,6490,6487,6487
20250815,0.093000000,6486,6489,6482,6489
20250815,0.093500000,6491,6491,6491,6491
20250815,0.094000000,6491,6491,6490,6491
20250815,0.094500000,6488,6488,6488,6488
20250815,0.095000000,6492,6494,6492,6494
20250815,0.095500000,6494,6495,6492,6493
20250815,0.100000000,6492,6493,6492,6492
20250815,0.100500000,6492,6492,6490,6491
20250815,0.101000000,6490,6491,6488,6490
20250815,0.103000000,6492,6492,6487,6487
20250815,0.103500000,6488,6488,6488,6488
20250815,0.104500000,6486,6490,6486,6490
20250815,0.105000000,6488,6488,6488,6488
20250815,0.105500000,6489,6489,6488,6488
20250815,0.110500000,6485,6485,6485,6485
20250815,0.111000000,6485,6489,6485,6486
20250815,0.111500000,6486,6486,6486,6486
20250815,0.112500000,6486,6487,6484,6487
20250815,0.133000000,6487,6494,6487,6494
20250815,0.133500000,6494,6494,6482,6488
20250815,0.134500000,6493,6494,6492,6494
20250815,0.135000000,6494,6498,6494,6498
20250815,0.135500000,6498,6498,6496,6496
20250815,0.140000000,6497,6497,6495,6495
20250815,0.140500000,6495,6495,6493,6493
20250815,0.141000000,6492,6492,6489,6492
20250815,0.141500000,6492,6492,6486,6486
20250815,0.142000000,6485,6485,6484,6484
20250815,0.142500000,6484,6484,6476,6481
20250815,0.143000000,6484,6491,6484,6486
20250815,0.143500000,6487,6488,6486,6488
20250815,0.144000000,6488,6488,6488,6488
20250815,0.144500000,6488,6491,6488,6491
20250815,0.145000000,6489,6491,6489,6490
20250815,0.145500000,6492,6492,6492,6492
20250815,0.210000000,6506,6529,6492,6492
20250815,0.210500000,6492,6492,6485,6489
20250815,0.211000000,6489,6491,6481,6486
20250815,0.211500000,6483,6484,6479,6479
20250815,0.212000000,6479,6480,6479,6480
20250815,0.212500000,6480,6480,6480,6480
20250815,0.213000000,6480,6483,6479,6479
20250815,0.213500000,6479,6481,6478,6481
20250815,0.214000000,6483,6483,6482,6482
20250815,0.214500000,6480,6481,6480,6480
20250815,0.215000000,6480,6480,6480,6480
20250815,0.215500000,6481,6481,6478,6479
20250815,0.220000000,6478,6479,6476,6477
20250815,0.220500000,6476,6476,6468,6473
20250815,0.221000000,6474,6476,6474,6476
20250815,0.221500000,6477,6482,6477,6482
20250815,0.222000000,6482,6482,6475,6477
20250815,0.222500000,6477,6477,6477,6477
20250815,0.223000000,6477,6480,6477,6480
20250815,0.223500000,6481,6482,6481,6482
20250815,0.224000000,6483,6483,6481,6483
20250815,0.224500000,6481,6487,6478,6480
20250815,0.225000000,6480,6481,6478,6478
20250815,0.225500000,6478,6480,6475,6475
20250818,0.090000000,6474,6478,6470,6478
20250818,0.090500000,6477,6477,6471,6476
20250818,0.091000000,6476,6477,6449,6457
20250818,0.091500000,6456,6458,6451,6458
20250818,0.092000000,6458,6459,6458,6459
20250818,0.092500000,6461,6466,6460,6464
20250818,0.093000000,6464,6469,6464,6467
20250818,0.093500000,6467,6467,6465,6465
20250818,0.094000000,6465,6467,6464,6467
20250818,0.094500000,6468,6470,6468,6470
20250818,0.095000000,6470,6473,6468,6468
20250818,0.095500000,6468,6468,6466,6467
20250818,0.100000000,6467,6467,6467,6467
20250818,0.100500000,6465,6466,6465,6466
20250818,0.101000000,6465,6465,6464,6464
20250818,0.103000000,6464,6465,6464,6464
20250818,0.103500000,6464,6465,6464,6465
20250818,0.104000000,6465,6465,6463,6463
20250818,0.104500000,6463,6463,6459,6459
20250818,0.105000000,6459,6462,6459,6461
20250818,0.110000000,6458,6461,6458,6461
20250818,0.110500000,6460,6460,6460,6460
20250818,0.111000000,6461,6462,6461,6462
20250818,0.112000000,6462,6462,6460,6460
20250818,0.112500000,6458,6458,6458,6458
20250818,0.133000000,6458,6461,6457,6460
20250818,0.133500000,6460,6460,6459,6459
20250818,0.134000000,6461,6461,6461,6461
20250818,0.134500000,6457,6457,6453,6453
20250818,0.135000000,6455,6458,6454,6454
20250818,0.135500000,6452,6453,6451,6451
20250818,0.140000000,6451,6456,6451,6454
20250818,0.140500000,6452,6452,6450,6450
20250818,0.141000000,6451,6451,6450,6450
20250818,0.141500000,6450,6453,6449,6453
20250818,0.142000000,6453,6456,6453,6456
20250818,0.142500000,6458,6458,6451,6454
20250818,0.143000000,6452,6453,6452,6453
20250818,0.143500000,6454,6454,6454,6454
20250818,0.144000000,6455,6462,6454,6460
20250818,0.144500000,6460,6463,6453,6453
20250818,0.145000000,6452,6459,6449,6457
20250818,0.145500000,6459,6464,6451,6451
20250818,0.210000000,6444,6459,6430,6457
20250818,0.210500000,6460,6460,6456,6458
20250818,0.211000000,6456,6456,6454,6455
20250818,0.211500000,6454,6454,6450,6454
20250818,0.212000000,6454,6455,6454,6454
20250818,0.212500000,6455,6458,6453,6455
20250818,0.213000000,6455,6455,6452,6454
20250818,0.213500000,6454,6454,6450,6450
20250818,0.214000000,6452,6455,6452,6453
20250818,0.214500000,6454,6457,6454,6457
20250818,0.215000000,6456,6456,6455,6455
20250818,0.215500000,6454,6454,6453,6453
20250818,0.220000000,6453,6453,6451,6451
20250818,0.220500000,6454,6454,6454,6454
20250818,0.221000000,6453,6454,6453,6453
20250818,0.221500000,6454,6463,6454,6461
20250818,0.222000000,6461,6463,6459,6459
20250818,0.222500000,6457,6457,6457,6457
20250818,0.223000000,6457,6458,6457,6458
20250818,0.223500000,6459,6459,6457,6457
20250818,0.224000000,6457,6458,6457,6458
20250818,0.224500000,6457,6458,6457,6458
20250818,0.225000000,6459,6459,6459,6459
20250818,0.225500000,6457,6459,6456,6456
20250819,0.090000000,6456,6456,6451,6451
20250819,0.090500000,6450,6451,6440,6440
20250819,0.091000000,6439,6443,6439,6439
20250819,0.091500000,6439,6442,6435,6441
20250819,0.092000000,6443,6443,6434,6434
20250819,0.092500000,6436,6443,6434,6443
20250819,0.093000000,6442,6444,6440,6440
20250819,0.093500000,6440,6441,6436,6438
20250819,0.094000000,6435,6438,6430,6432
20250819,0.094500000,6432,6432,6427,6427
20250819,0.095000000,6427,6430,6426,6430
20250819,0.095500000,6430,6430,6430,6430
20250819,0.100000000,6428,6428,6402,6402
20250819,0.100500000,6402,6410,6402,6409
20250819,0.101000000,6410,6413,6405,6405
20250819,0.103000000,6405,6410,6395,6410
20250819,0.103500000,6410,6410,6405,6405
20250819,0.104000000,6402,6402,6396,6400
20250819,0.104500000,6398,6404,6398,6404
20250819,0.105000000,6404,6409,6404,6406
20250819,0.105500000,6408,6408,6404,6405
20250819,0.110000000,6403,6404,6401,6402
20250819,0.110500000,6406,6408,6404,6408
20250819,0.111000000,6409,6416,6408,6416
20250819,0.111500000,6416,6420,6415,6415
20250819,0.112000000,6416,6416,6408,6413
20250819,0.112500000,6413,6414,6408,6414
20250819,0.133000000,6414,6418,6414,6415
20250819,0.133500000,6409,6409,6409,6409
20250819,0.134500000,6410,6411,6409,6411
20250819,0.135000000,6411,6411,6408,6408
20250819,0.135500000,6408,6408,6406,6406
20250819,0.140000000,6408,6411,6407,6407
20250819,0.140500000,6408,6410,6408,6410
20250819,0.141000000,6410,6411,6407,6407
20250819,0.141500000,6407,6409,6406,6406
20250819,0.142000000,6406,6409,6406,6408
20250819,0.142500000,6408,6411,6408,6411
20250819,0.143000000,6409,6409,6400,6400
20250819,0.143500000,6400,6404,6400,6402
20250819,0.144000000,6402,6405,6402,6405
20250819,0.144500000,6402,6408,6399,6402
20250819,0.145000000,6402,6405,6399,6400
20250819,0.145500000,6401,6405,6396,6404
20250819,0.210000000,6404,6404,6382,6396
20250819,0.210500000,6396,6399,6394,6399
20250819,0.211000000,6398,6398,6393,6396
20250819,0.211500000,6398,6398,6388,6390
20250819,0.212000000,6390,6395,6390,6395
20250819,0.212500000,6396,6397,6396,6397
20250819,0.213000000,6395,6395,6390,6390
20250819,0.213500000,6395,6396,6391,6392
20250819,0.214000000,6394,6395,6392,6392
20250819,0.214500000,6390,6390,6383,6385
20250819,0.215000000,6386,6388,6385,6386
20250819,0.215500000,6388,6388,6387,6387
20250819,0.220000000,6386,6386,6380,6383
20250819,0.220500000,6385,6385,6385,6385
20250819,0.221000000,6385,6385,6381,6382
20250819,0.221500000,6381,6386,6381,6386
20250819,0.222000000,6387,6388,6383,6383
20250819,0.222500000,6387,6387,6384,6384
20250819,0.223000000,6384,6384,6382,6382
20250819,0.223500000,6382,6382,6380,6381
20250819,0.224000000,6381,6381,6381,6381
20250819,0.224500000,6381,6381,6373,6374
20250819,0.225000000,6375,6378,6373,6378
20250819,0.225500000,6378,6380,6375,6378
20250820,0.090000000,6378,6378,6369,6369
20250820,0.090500000,6371,6375,6371,6375
20250820,0.091000000,6377,6377,6373,6373
20250820,0.091500000,6372,6376,6372,6375
20250820,0.092000000,6376,6376,6371,6371
20250820,0.092500000,6371,6374,6371,6373
20250820,0.093000000,6371,6371,6371,6371
20250820,0.093500000,6372,6373,6372,6373
20250820,0.094000000,6372,6376,6372,6376
20250820,0.094500000,6376,6376,6374,6375
20250820,0.095000000,6375,6376,6372,6376
20250820,0.095500000,6375,6375,6373,6373
20250820,0.100000000,6375,6375,6368,6369
20250820,0.100500000,6369,6369,6362,6365
20250820,0.101000000,6368,6369,6365,6368
20250820,0.103000000,6366,6367,6362,6365
20250820,0.103500000,6368,6368,6365,6365
20250820,0.104000000,6365,6365,6364,6364
20250820,0.104500000,6364,6366,6361,6366
20250820,0.105000000,6366,6367,6362,6362
20250820,0.105500000,6362,6362,6361,6362
20250820,0.110000000,6362,6362,6360,6360
20250820,0.110500000,6360,6362,6360,6361
20250820,0.111000000,6361,6363,6361,6363
20250820,0.111500000,6360,6362,6360,6362
20250820,0.112000000,6362,6362,6362,6362
20250820,0.112500000,6361,6362,6361,6362
20250820,0.133000000,6362,6371,6362,6371
20250820,0.133500000,6369,6373,6367,6373
20250820,0.134000000,6372,6381,6372,6381
20250820,0.134500000,6381,6388,6381,6386
20250820,0.135000000,6386,6403,6386,6400
20250820,0.135500000,6403,6418,6401,6414
20250820,0.140000000,6415,6432,6415,6421
20250820,0.140500000,6422,6425,6412,6425
20250820,0.141000000,6425,6433,6421,6433
20250820,0.141500000,6434,6444,6432,6443
20250820,0.142000000,6445,6450,6432,6434
20250820,0.142500000,6435,6441,6433,6433
20250820,0.143000000,6432,6437,6432,6434
20250820,0.143500000,6433,6448,6433,6440
20250820,0.144000000,6443,6443,6436,6437
20250820,0.144500000,6442,6450,6442,6449
20250820,0.145000000,6447,6447,6437,6438
20250820,0.145500000,6438,6456,6436,6446
20250820,0.210000000,6446,6460,6438,6458
20250820,0.210500000,6459,6460,6451,6455
20250820,0.211000000,6453,6456,6450,6450
20250820,0.211500000,6453,6454,6441,6450
20250820,0.212000000,6448,6450,6443,6450
20250820,0.212500000,6446,6460,6446,6455
20250820,0.213000000,6454,6454,6443,6447
20250820,0.213500000,6447,6447,6443,6443
20250820,0.214000000,6444,6445,6442,6442
20250820,0.214500000,6442,6444,6442,6444
20250820,0.215000000,6442,6444,6436,6436
20250820,0.215500000,6434,6436,6431,6431
20250820,0.220000000,6432,6432,6430,6431
20250820,0.220500000,6431,6431,6425,6428
20250820,0.221000000,6429,6431,6427,6427
20250820,0.221500000,6431,6431,6426,6426
20250820,0.222000000,6429,6435,6429,6434
20250820,0.222500000,6435,6448,6435,6442
20250820,0.223000000,6446,6449,6446,6449
20250820,0.223500000,6446,6446,6445,6445
20250820,0.224000000,6445,6446,6444,6444
20250820,0.224500000,6442,6443,6440,6441
20250820,0.225000000,6441,6442,6436,6436
20250820,0.225500000,6436,6439,6434,6437
20250821,0.090000000,6443,6443,6431,6435
20250821,0.090500000,6431,6431,6431,6431
20250821,0.091000000,6429,6433,6429,6431
20250821,0.091500000,6431,6433,6428,6433
20250821,0.092000000,6433,6435,6432,6432
20250821,0.092500000,6432,6432,6431,6431
20250821,0.093000000,6431,6435,6431,6434
20250821,0.093500000,6434,6446,6434,6446
20250821,0.094000000,6446,6452,6446,6448
20250821,0.094500000,6448,6456,6448,6452
20250821,0.095000000,6453,6454,6448,6448
20250821,0.095500000,6447,6447,6444,6447
20250821,0.100000000,6447,6453,6447,6451
20250821,0.100500000,6444,6447,6443,6443
20250821,0.101000000,6442,6444,6442,6443
20250821,0.103000000,6445,6450,6442,6448
20250821,0.103500000,6449,6450,6446,6450
20250821,0.104000000,6451,6451,6448,6450
20250821,0.104500000,6450,6451,6450,6450
20250821,0.105000000,6450,6450,6450,6450
20250821,0.105500000,6451,6451,6450,6451
20250821,0.110000000,6451,6451,6450,6451
20250821,0.110500000,6451,6451,6449,6449
20250821,0.111000000,6451,6474,6450,6470
20250821,0.111500000,6470,6490,6464,6464
20250821,0.112000000,6464,6464,6461,6461
20250821,0.112500000,6461,6467,6461,6462
20250821,0.133000000,6465,6468,6465,6468
20250821,0.133500000,6468,6468,6461,6462
20250821,0.134000000,6465,6466,6465,6465
20250821,0.134500000,6465,6467,6465,6467
20250821,0.135000000,6468,6468,6466,6466
20250821,0.135500000,6467,6467,6467,6467
20250821,0.140000000,6468,6468,6468,6468
20250821,0.140500000,6468,6476,6468,6471
20250821,0.141000000,6468,6483,6468,6480
20250821,0.141500000,6480,6481,6473,6473
20250821,0.142000000,6471,6482,6469,6478
20250821,0.142500000,6477,6481,6476,6480
20250821,0.143000000,6481,6489,6481,6481
20250821,0.143500000,6483,6493,6482,6488
20250821,0.144000000,6489,6489,6478,6481
20250821,0.144500000,6478,6482,6478,6480
20250821,0.145000000,6480,6483,6471,6474
20250821,0.145500000,6471,6472,6467,6472
20250821,0.210000000,6461,6472,6450,6467
20250821,0.210500000,6465,6472,6464,6470
20250821,0.211000000,6470,6472,6469,6470
20250821,0.211500000,6470,6476,6469,6469
20250821,0.212000000,6470,6472,6470,6472
20250821,0.212500000,6474,6479,6472,6476
20250821,0.213000000,6477,6477,6473,6473
20250821,0.213500000,6473,6473,6469,6469
20250821,0.214000000,6469,6469,6463,6463
20250821,0.214500000,6462,6467,6462,6465
20250821,0.215000000,6468,6471,6468,6470
20250821,0.215500000,6470,6470,6470,6470
20250821,0.220000000,6470,6482,6470,6480
20250821,0.220500000,6480,6482,6480,6481
20250821,0.221000000,6480,6486,6479,6486
20250821,0.221500000,6485,6490,6485,6487
20250821,0.222000000,6486,6486,6484,6484
20250821,0.222500000,6484,6485,6484,6485
20250821,0.223000000,6487,6487,6482,6485
20250821,0.223500000,6485,6485,6485,6485
20250821,0.224000000,6483,6486,6483,6486
20250821,0.224500000,6484,6487,6484,6487
20250821,0.225000000,6488,6488,6485,6485
20250821,0.225500000,6485,6488,6485,6488
20250822,0.090000000,6484,6493,6483,6488
20250822,0.090500000,6489,6489,6484,6484
20250822,0.091000000,6484,6484,6478,6482
20250822,0.091500000,6482,6482,6480,6480
20250822,0.092000000,6481,6481,6480,6481
20250822,0.092500000,6483,6483,6483,6483
20250822,0.093000000,6477,6481,6469,6473
20250822,0.093500000,6472,6473,6462,6469
20250822,0.094000000,6476,6476,6471,6473
20250822,0.094500000,6474,6476,6472,6472
20250822,0.095000000,6468,6468,6463,6463
20250822,0.095500000,6462,6472,6461,6470
20250822,0.100000000,6470,6470,6466,6468
20250822,0.100500000,6468,6472,6468,6472
20250822,0.101000000,6471,6480,6471,6479
20250822,0.103000000,6478,6479,6478,6478
20250822,0.103500000,6478,6478,6478,6478
20250822,0.104000000,6478,6478,6474,6476
20250822,0.104500000,6477,6477,6476,6477
20250822,0.105000000,6475,6475,6474,6474
20250822,0.105500000,6473,6473,6473,6473
20250822,0.110000000,6473,6473,6466,6468
20250822,0.110500000,6467,6469,6467,6469
20250822,0.111000000,6468,6471,6468,6471
20250822,0.112000000,6470,6471,6467,6468
20250822,0.112500000,6467,6467,6463,6463
20250822,0.133000000,6464,6476,6464,6474
20250822,0.133500000,6473,6474,6472,6472
20250822,0.134000000,6473,6473,6472,6473
20250822,0.134500000,6473,6474,6472,6473
20250822,0.135000000,6473,6473,6472,6472
20250822,0.135500000,6472,6473,6472,6472
20250822,0.140000000,6473,6475,6473,6475
20250822,0.140500000,6473,6476,6473,6476
20250822,0.141000000,6472,6472,6472,6472
20250822,0.141500000,6472,6474,6467,6467
20250822,0.142000000,6474,6474,6469,6470
20250822,0.142500000,6469,6469,6469,6469
20250822,0.143000000,6469,6469,6466,6469
20250822,0.143500000,6469,6470,6469,6469
20250822,0.144000000,6469,6469,6463,6469
20250822,0.144500000,6467,6470,6467,6467
20250822,0.145000000,6465,6468,6465,6468
20250822,0.145500000,6470,6470,6470,6470
20250822,0.210000000,6493,6494,6463,6488
20250822,0.210500000,6488,6496,6488,6494
20250822,0.211000000,6495,6504,6495,6502
20250822,0.211500000,6502,6513,6502,6507
20250822,0.212000000,6508,6509,6502,6505
20250822,0.212500000,6504,6510,6504,6505
20250822,0.213000000,6505,6510,6505,6506
20250822,0.213500000,6503,6503,6501,6502
20250822,0.214000000,6502,6502,6496,6500
20250822,0.214500000,6501,6502,6501,6501
20250822,0.215000000,6501,6504,6501,6503
20250822,0.215500000,6503,6503,6503,6503
20250822,0.220000000,6500,6508,6500,6507
20250822,0.220500000,6507,6508,6506,6508
20250822,0.221000000,6509,6514,6508,6511
20250822,0.221500000,6512,6512,6506,6510
20250822,0.222000000,6508,6510,6508,6509
20250822,0.222500000,6506,6506,6503,6503
20250822,0.223000000,6504,6505,6504,6505
20250822,0.223500000,6504,6504,6504,6504
20250822,0.224000000,6504,6505,6504,6504
20250822,0.224500000,6503,6503,6502,6502
20250822,0.225000000,6502,6504,6502,6504
20250822,0.225500000,6505,6510,6501,6510
20250825,0.090000000,6500,6509,6500,6502
20250825,0.090500000,6503,6504,6501,6501
20250825,0.091000000,6503,6503,6503,6503
20250825,0.091500000,6501,6504,6501,6502
20250825,0.092000000,6501,6503,6495,6501
20250825,0.092500000,6498,6498,6495,6495
20250825,0.093000000,6496,6497,6481,6484
20250825,0.093500000,6481,6489,6476,6489
20250825,0.094000000,6487,6494,6477,6477
20250825,0.094500000,6478,6485,6471,6477
20250825,0.095000000,6473,6477,6468,6474
20250825,0.095500000,6474,6476,6469,6470
20250825,0.100000000,6470,6473,6470,6472
20250825,0.100500000,6473,6477,6472,6477
20250825,0.101000000,6478,6483,6478,6482
20250825,0.103000000,6482,6491,6482,6491
20250825,0.103500000,6495,6496,6495,6496
20250825,0.104000000,6496,6496,6494,6494
20250825,0.104500000,6496,6496,6496,6496
20250825,0.105000000,6497,6497,6496,6497
20250825,0.105500000,6496,6497,6494,6496
20250825,0.110000000,6494,6494,6492,6492
20250825,0.110500000,6497,6497,6492,6492
20250825,0.111000000,6491,6500,6491,6498
20250825,0.111500000,6499,6499,6497,6497
20250825,0.112000000,6496,6496,6478,6480
20250825,0.112500000,6480,6481,6479,6479
20250825,0.133000000,6478,6485,6473,6482
20250825,0.134000000,6482,6482,6482,6482
20250825,0.134500000,6484,6484,6481,6483
20250825,0.135000000,6482,6482,6482,6482
20250825,0.135500000,6482,6489,6482,6487
20250825,0.140000000,6487,6487,6487,6487
20250825,0.140500000,6487,6487,6487,6487
20250825,0.141000000,6488,6488,6488,6488
20250825,0.141500000,6488,6488,6488,6488
20250825,0.142000000,6488,6489,6488,6489
20250825,0.142500000,6489,6490,6487,6487
20250825,0.143000000,6490,6490,6488,6490
20250825,0.143500000,6489,6491,6489,6490
20250825,0.144000000,6491,6491,6489,6489
20250825,0.144500000,6488,6488,6486,6487
20250825,0.145000000,6487,6493,6487,6493
20250825,0.145500000,6493,6493,6488,6491
20250825,0.210000000,6500,6500,6477,6486
20250825,0.210500000,6488,6492,6486,6492
20250825,0.211000000,6495,6500,6493,6496
20250825,0.211500000,6494,6494,6492,6492
20250825,0.212000000,6495,6498,6495,6497
20250825,0.212500000,6494,6494,6494,6494
20250825,0.213000000,6497,6499,6497,6499
20250825,0.213500000,6497,6497,6497,6497
20250825,0.214000000,6497,6500,6497,6500
20250825,0.214500000,6500,6501,6498,6498
20250825,0.215000000,6498,6500,6498,6498
20250825,0.215500000,6497,6497,6497,6497
20250825,0.220000000,6496,6496,6495,6495
20250825,0.220500000,6494,6496,6494,6496
20250825,0.221500000,6494,6494,6488,6490
20250825,0.222000000,6493,6493,6493,6493
20250825,0.222500000,6493,6493,6489,6489
20250825,0.223000000,6491,6492,6491,6492
20250825,0.224000000,6493,6493,6493,6493
20250825,0.224500000,6493,6493,6490,6490
20250825,0.225000000,6493,6493,6493,6493
20250825,0.225500000,6492,6494,6491,6494
20250826,0.090000000,6492,6492,6476,6478
20250826,0.090500000,6483,6489,6483,6489
20250826,0.091000000,6491,6491,6490,6490
20250826,0.091500000,6490,6495,6490,6495
20250826,0.092000000,6495,6497,6495,6495
20250826,0.092500000,6492,6500,6492,6496
20250826,0.093000000,6495,6495,6491,6491
20250826,0.093500000,6491,6492,6491,6492
20250826,0.094000000,6492,6495,6491,6491
20250826,0.094500000,6491,6492,6491,6492
20250826,0.095000000,6490,6490,6490,6490
20250826,0.095500000,6488,6492,6488,6492
20250826,0.100500000,6488,6490,6488,6490
20250826,0.101000000,6490,6490,6488,6489
20250826,0.103000000,6489,6489,6489,6489
20250826,0.103500000,6489,6489,6486,6486
20250826,0.104000000,6483,6490,6483,6487
20250826,0.104500000,6487,6487,6487,6487
20250826,0.105000000,6486,6486,6485,6485
20250826,0.105500000,6487,6487,6485,6485
20250826,0.110000000,6485,6485,6485,6485
20250826,0.110500000,6485,6486,6485,6486
20250826,0.111000000,6486,6486,6485,6486
20250826,0.111500000,6487,6489,6485,6488
20250826,0.112000000,6489,6490,6487,6488
20250826,0.112500000,6487,6487,6487,6487
20250826,0.133000000,6487,6487,6483,6484
20250826,0.133500000,6484,6485,6482,6483
20250826,0.134000000,6481,6481,6478,6479
20250826,0.134500000,6478,6479,6473,6473
20250826,0.135000000,6473,6477,6473,6474
20250826,0.135500000,6477,6477,6477,6477
20250826,0.140000000,6476,6477,6474,6477
20250826,0.141000000,6477,6479,6477,6478
20250826,0.141500000,6477,6477,6472,6472
20250826,0.142000000,6474,6474,6469,6469
20250826,0.142500000,6470,6471,6469,6469
20250826,0.143000000,6468,6469,6460,6464
20250826,0.143500000,6465,6465,6464,6464
20250826,0.144000000,6464,6465,6463,6465
20250826,0.144500000,6463,6471,6462,6469
20250826,0.145000000,6468,6470,6468,6468
20250826,0.145500000,6470,6472,6467,6467
20250826,0.210000000,6460,6461,6450,6459
20250826,0.210500000,6460,6460,6458,6460
20250826,0.211000000,6460,6471,6460,6465
20250826,0.211500000,6461,6461,6459,6459
20250826,0.212000000,6460,6460,6458,6458
20250826,0.212500000,6461,6461,6460,6460
20250826,0.213000000,6459,6462,6458,6462
20250826,0.214000000,6463,6463,6460,6460
20250826,0.214500000,6464,6464,6460,6462
20250826,0.215000000,6462,6463,6462,6463
20250826,0.215500000,6460,6465,6460,6465
20250826,0.220000000,6465,6472,6462,6472
20250826,0.220500000,6469,6470,6469,6470
20250826,0.221000000,6471,6471,6468,6468
20250826,0.221500000,6468,6470,6468,6470
20250826,0.222000000,6471,6474,6471,6474
20250826,0.222500000,6471,6471,6470,6470
20250826,0.223000000,6471,6473,6471,6473
20250826,0.223500000,6471,6471,6467,6467
20250826,0.224000000,6467,6467,6467,6467
20250826,0.224500000,6468,6468,6459,6459
20250826,0.225000000,6463,6465,6463,6463
20250826,0.225500000,6466,6466,6462,6462
20250827,0.090000000,6462,6464,6462,6462
20250827,0.090500000,6461,6463,6459,6461
20250827,0.091000000,6461,6464,6461,6464
20250827,0.091500000,6466,6468,6466,6468
20250827,0.092000000,6469,6470,6469,6470
20250827,0.092500000,6469,6469,6467,6467
20250827,0.093000000,6470,6471,6470,6471
20250827,0.093500000,6468,6468,6468,6468
20250827,0.094000000,6467,6467,6467,6467
20250827,0.094500000,6467,6471,6467,6471
20250827,0.095000000,6469,6469,6466,6466
20250827,0.095500000,6465,6465,6456,6462
20250827,0.100000000,6462,6470,6462,6470
20250827,0.100500000,6465,6469,6465,6469
20250827,0.101000000,6467,6467,6466,6466
20250827,0.103000000,6467,6467,6465,6465
20250827,0.104000000,6464,6464,6464,6464
20250827,0.104500000,6464,6464,6462,6462
20250827,0.105000000,6461,6461,6460,6461
20250827,0.105500000,6465,6472,6463,6467
20250827,0.110000000,6469,6469,6467,6469
20250827,0.110500000,6469,6470,6468,6470
20250827,0.111000000,6471,6471,6471,6471
20250827,0.111500000,6472,6472,6472,6472
20250827,0.112000000,6472,6472,6468,6470
20250827,0.112500000,6468,6468,6465,6465
20250827,0.133000000,6464,6467,6464,6467
20250827,0.133500000,6463,6463,6458,6458
20250827,0.134000000,6458,6459,6458,6459
20250827,0.134500000,6457,6457,6452,6452
20250827,0.135000000,6451,6454,6450,6452
20250827,0.135500000,6450,6450,6446,6450
20250827,0.140000000,6450,6450,6446,6450
20250827,0.140500000,6450,6450,6445,6450
20250827,0.141000000,6451,6451,6444,6450
20250827,0.141500000,6446,6447,6443,6446
20250827,0.142000000,6444,6446,6443,6446
20250827,0.142500000,6447,6447,6443,6443
20250827,0.143000000,6446,6446,6441,6444
20250827,0.143500000,6446,6450,6446,6447
20250827,0.144000000,6447,6447,6447,6447
20250827,0.144500000,6449,6449,6444,6447
20250827,0.145000000,6448,6449,6445,6447
20250827,0.145500000,6444,6448,6444,6444
20250827,0.210000000,6451,6455,6426,6439
20250827,0.210500000,6438,6438,6431,6432
20250827,0.211000000,6430,6430,6425,6428
20250827,0.211500000,6429,6433,6422,6433
20250827,0.212000000,6430,6433,6429,6433
20250827,0.212500000,6432,6434,6429,6434
20250827,0.213000000,6430,6430,6425,6427
20250827,0.213500000,6429,6430,6429,6430
20250827,0.214000000,6430,6430,6430,6430
20250827,0.214500000,6430,6432,6427,6432
20250827,0.215000000,6435,6441,6434,6441
20250827,0.215500000,6437,6449,6437,6446
20250827,0.220000000,6446,6450,6437,6437
20250827,0.220500000,6439,6440,6439,6439
20250827,0.221000000,6438,6440,6438,6440
20250827,0.221500000,6443,6450,6443,6448
20250827,0.222000000,6445,6445,6445,6445
20250827,0.222500000,6442,6442,6436,6436
20250827,0.223000000,6435,6439,6435,6439
20250827,0.223500000,6441,6441,6436,6439
20250827,0.224000000,6438,6438,6436,6437
20250827,0.224500000,6440,6440,6440,6440
20250827,0.225000000,6440,6442,6440,6441
20250827,0.225500000,6443,6444,6441,6441
20250828,0.090000000,6445,6445,6439,6439
20250828,0.090500000,6436,6438,6436,6437
20250828,0.091500000,6440,6440,6432,6432
20250828,0.092000000,6432,6436,6430,6436
20250828,0.092500000,6435,6436,6432,6432
20250828,0.093000000,6434,6446,6434,6442
20250828,0.093500000,6442,6442,6442,6442
20250828,0.094000000,6442,6442,6436,6436
20250828,0.094500000,6439,6444,6439,6444
20250828,0.095000000,6444,6444,6444,6444
20250828,0.100000000,6443,6444,6441,6441
20250828,0.100500000,6441,6447,6441,6447
20250828,0.101000000,6448,6461,6448,6451
20250828,0.103000000,6454,6456,6453,6453
20250828,0.103500000,6453,6455,6452,6452
20250828,0.104000000,6454,6455,6454,6455
20250828,0.104500000,6455,6456,6452,6454
20250828,0.105000000,6455,6455,6455,6455
20250828,0.105500000,6454,6454,6452,6452
20250828,0.110000000,6451,6451,6448,6448
20250828,0.110500000,6448,6449,6447,6449
20250828,0.111000000,6448,6448,6448,6448
20250828,0.111500000,6447,6450,6447,6450
20250828,0.112500000,6447,6447,6447,6447
20250828,0.133000000,6447,6447,6438,6441
20250828,0.133500000,6442,6450,6442,6450
20250828,0.134000000,6445,6451,6440,6442
20250828,0.134500000,6445,6445,6445,6445
20250828,0.135500000,6446,6446,6446,6446
20250828,0.140000000,6447,6448,6444,6448
20250828,0.140500000,6446,6446,6446,6446
20250828,0.141000000,6446,6446,6446,6446
20250828,0.141500000,6446,6448,6443,6447
20250828,0.142500000,6443,6443,6441,6441
20250828,0.143000000,6439,6444,6437,6444
20250828,0.143500000,6446,6446,6446,6446
20250828,0.144500000,6445,6447,6445,6447
20250828,0.145000000,6445,6446,6444,6446
20250828,0.145500000,6448,6455,6448,6450
20250828,0.210000000,6462,6466,6432,6452
20250828,0.210500000,6451,6451,6438,6446
20250828,0.211000000,6446,6446,6446,6446
20250828,0.211500000,6446,6450,6446,6447
20250828,0.212000000,6449,6449,6449,6449
20250828,0.212500000,6450,6450,6445,6448
20250828,0.213000000,6447,6447,6444,6444
20250828,0.214000000,6445,6445,6444,6444
20250828,0.215000000,6443,6443,6443,6443
20250828,0.215500000,6443,6443,6442,6442
20250828,0.220000000,6437,6440,6437,6440
20250828,0.220500000,6438,6438,6435,6435
20250828,0.221000000,6433,6433,6428,6433
20250828,0.221500000,6432,6437,6432,6437
20250828,0.222000000,6436,6436,6436,6436
20250828,0.222500000,6436,6438,6436,6438
20250828,0.223000000,6436,6437,6436,6437
20250828,0.223500000,6436,6436,6433,6433
20250828,0.224000000,6433,6434,6432,6432
20250828,0.224500000,6432,6432,6431,6431
20250828,0.225000000,6431,6440,6431,6440
20250828,0.225500000,6439,6440,6437,6437
20250829,0.090000000,6436,6439,6430,6432
20250829,0.090500000,6430,6435,6430,6434
20250829,0.091000000,6435,6436,6435,6436
20250829,0.091500000,6436,6436,6430,6433
20250829,0.092000000,6430,6430,6430,6430
20250829,0.092500000,6433,6436,6433,6436
20250829,0.093000000,6435,6435,6432,6434
20250829,0.093500000,6433,6433,6431,6431
20250829,0.094000000,6429,6430,6425,6425
20250829,0.094500000,6424,6425,6420,6425
20250829,0.095500000,6427,6427,6424,6424
20250829,0.100000000,6426,6426,6424,6424
20250829,0.100500000,6423,6423,6421,6422
20250829,0.101000000,6422,6423,6420,6420
20250829,0.103000000,6423,6425,6423,6425
20250829,0.103500000,6425,6425,6420,6423
20250829,0.104000000,6423,6425,6423,6425
20250829,0.104500000,6426,6426,6426,6426
20250829,0.105000000,6424,6424,6422,6422
20250829,0.105500000,6421,6423,6421,6423
20250829,0.110000000,6422,6422,6422,6422
20250829,0.110500000,6422,6425,6422,6422
20250829,0.111000000,6422,6422,6416,6416
20250829,0.111500000,6416,6424,6408,6419
20250829,0.112000000,6420,6423,6420,6423
20250829,0.112500000,6421,6421,6421,6421
20250829,0.133000000,6422,6428,6422,6424
20250829,0.133500000,6423,6423,6423,6423
20250829,0.134000000,6422,6424,6417,6417
20250829,0.134500000,6417,6417,6412,6414
20250829,0.135000000,6415,6415,6412,6414
20250829,0.135500000,6415,6416,6414,6416
20250829,0.140000000,6419,6422,6417,6417
20250829,0.140500000,6417,6418,6412,6412
20250829,0.141000000,6415,6415,6415,6415
20250829,0.141500000,6410,6410,6410,6410
20250829,0.142000000,6410,6410,6403,6403
20250829,0.142500000,6404,6406,6404,6406
20250829,0.143000000,6407,6407,6404,6407
20250829,0.143500000,6406,6408,6404,6408
20250829,0.144000000,6404,6408,6404,6408
20250829,0.144500000,6408,6412,6407,6407
20250829,0.145000000,6407,6412,6405,6412
20250829,0.145500000,6410,6414,6409,6409
20250829,0.210000000,6420,6420,6401,6405
20250829,0.210500000,6408,6412,6405,6410
20250829,0.211000000,6409,6415,6409,6415
20250829,0.211500000,6417,6420,6412,6416
20250829,0.212000000,6417,6427,6412,6421
20250829,0.212500000,6420,6424,6412,6416
20250829,0.213000000,6415,6422,6412,6421
20250829,0.213500000,6422,6422,6405,6414
20250829,0.214000000,6415,6416,6404,6407
20250829,0.214500000,6405,6408,6403,6403
20250829,0.215000000,6406,6408,6403,6404
20250829,0.215500000,6403,6407,6403,6406
20250829,0.220000000,6404,6407,6404,6405
20250829,0.220500000,6407,6407,6403,6404
20250829,0.221000000,6404,6406,6395,6404
20250829,0.221500000,6403,6403,6398,6400
20250829,0.222000000,6396,6400,6396,6400
20250829,0.222500000,6400,6401,6400,6400
20250829,0.223000000,6401,6401,6400,6400
20250829,0.223500000,6400,6401,6400,6400
20250829,0.224000000,6397,6404,6394,6402
20250829,0.224500000,6402,6402,6397,6400
20250829,0.225000000,6400,6401,6400,6401
20250829,0.225500000,6402,6403,6397,6397
20250901,0.090000000,6397,6397,6383,6387
20250901,0.090500000,6386,6388,6383,6385
20250901,0.091000000,6384,6385,6371,6374
20250901,0.091500000,6376,6379,6370,6379
20250901,0.092000000,6381,6386,6378,6384
20250901,0.092500000,6385,6389,6382,6386
20250901,0.093000000,6386,6393,6376,6385
20250901,0.093500000,6382,6383,6379,6379
20250901,0.094000000,6379,6383,6377,6378
20250901,0.094500000,6376,6376,6369,6372
20250901,0.095000000,6372,6372,6369,6369
20250901,0.095500000,6370,6370,6363,6367
20250901,0.100000000,6368,6368,6362,6365
20250901,0.100500000,6365,6372,6365,6371
20250901,0.101000000,6370,6371,6366,6370
20250901,0.103000000,6370,6376,6370,6371
20250901,0.103500000,6370,6374,6367,6370
20250901,0.104000000,6368,6371,6368,6371
20250901,0.104500000,6371,6371,6368,6369
20250901,0.105000000,6369,6371,6369,6371
20250901,0.105500000,6372,6377,6372,6374
20250901,0.110000000,6373,6373,6371,6371
20250901,0.110500000,6372,6372,6369,6369
20250901,0.111000000,6368,6368,6365,6367
20250901,0.111500000,6368,6375,6368,6375
20250901,0.112000000,6375,6375,6374,6375
20250901,0.112500000,6374,6374,6367,6371
20250901,0.133000000,6368,6378,6368,6376
20250901,0.133500000,6375,6376,6370,6370
20250901,0.134000000,6370,6371,6369,6371
20250901,0.134500000,6371,6371,6368,6370
20250901,0.135000000,6371,6375,6371,6375
20250901,0.135500000,6376,6396,6376,6395
20250901,0.140000000,6394,6398,6388,6390
20250901,0.140500000,6392,6396,6392,6395
20250901,0.141000000,6396,6404,6396,6403
20250901,0.141500000,6404,6407,6401,6403
20250901,0.142000000,6402,6407,6401,6407
20250901,0.142500000,6406,6412,6406,6406
20250901,0.143000000,6406,6410,6405,6406
20250901,0.143500000,6407,6411,6405,6411
20250901,0.144000000,6408,6414,6408,6412
20250901,0.144500000,6412,6416,6408,6413
20250901,0.145000000,6414,6419,6411,6418
20250901,0.145500000,6418,6423,6416,6423
20250901,0.210000000,6423,6437,6405,6410
20250901,0.210500000,6410,6418,6410,6416
20250901,0.211000000,6418,6428,6417,6427
20250901,0.211500000,6427,6437,6426,6436
20250901,0.212000000,6436,6442,6434,6442
20250901,0.212500000,6441,6441,6438,6438
20250901,0.213000000,6438,6442,6438,6439
20250901,0.213500000,6439,6441,6436,6438
20250901,0.214000000,6437,6439,6426,6434
20250901,0.214500000,6434,6440,6428,6436
20250901,0.215000000,6434,6434,6430,6434
20250901,0.215500000,6434,6435,6431,6433
20250901,0.220000000,6432,6433,6431,6431
20250901,0.220500000,6431,6431,6424,6424
20250901,0.221000000,6424,6431,6419,6424
20250901,0.221500000,6423,6424,6417,6420
20250901,0.222000000,6420,6423,6420,6420
20250901,0.222500000,6420,6425,6420,6422
20250901,0.223000000,6423,6423,6421,6421
20250901,0.223500000,6421,6422,6417,6419
20250901,0.224000000,6418,6419,6417,6419
20250901,0.224500000,6418,6418,6415,6416
20250901,0.225000000,6418,6418,6415,6415
20250901,0.225500000,6416,6443,6415,6419
20250902,0.090000000,6416,6419,6412,6419
20250902,0.090500000,6418,6424,6416,6422
20250902,0.091000000,6424,6428,6424,6427
20250902,0.091500000,6425,6428,6424,6425
20250902,0.092000000,6423,6425,6420,6424
20250902,0.092500000,6423,6423,6423,6423
20250902,0.093000000,6424,6425,6419,6419
20250902,0.093500000,6422,6429,6421,6428
20250902,0.094000000,6429,6431,6426,6429
20250902,0.094500000,6429,6430,6411,6411
20250902,0.095000000,6412,6417,6412,6417
20250902,0.095500000,6417,6417,6414,6414
20250902,0.100000000,6414,6414,6410,6410
20250902,0.100500000,6409,6414,6409,6410
20250902,0.101000000,6410,6410,6403,6404
20250902,0.103000000,6403,6405,6401,6403
20250902,0.103500000,6403,6403,6400,6402
20250902,0.104000000,6401,6401,6400,6400
20250902,0.104500000,6400,6400,6389,6392
20250902,0.105000000,6395,6405,6395,6401
20250902,0.105500000,6402,6404,6402,6404
20250902,0.110000000,6401,6410,6401,6410
20250902,0.110500000,6408,6410,6405,6406
20250902,0.111000000,6406,6406,6392,6392
20250902,0.111500000,6392,6405,6391,6404
20250902,0.112000000,6405,6415,6402,6414
20250902,0.112500000,6412,6412,6410,6410
20250902,0.133000000,6410,6410,6403,6407
20250902,0.133500000,6406,6406,6403,6404
20250902,0.134000000,6406,6411,6406,6411
20250902,0.134500000,6411,6417,6411,6414
20250902,0.135000000,6414,6420,6414,6420
20250902,0.135500000,6418,6419,6411,6411
20250902,0.140000000,6411,6415,6407,6407
20250902,0.140500000,6406,6411,6406,6411
20250902,0.141000000,6410,6410,6407,6407
20250902,0.141500000,6406,6408,6406,6408
20250902,0.142000000,6409,6409,6407,6407
20250902,0.142500000,6406,6408,6406,6408
20250902,0.143000000,6407,6408,6407,6408
20250902,0.143500000,6408,6408,6408,6408
20250902,0.144000000,6408,6408,6402,6402
20250902,0.144500000,6406,6407,6403,6403
20250902,0.145000000,6403,6405,6401,6405
20250902,0.145500000,6404,6407,6386,6405
20250902,0.210000000,6391,6422,6391,6416
20250902,0.210500000,6416,6417,6409,6412
20250902,0.211000000,6414,6421,6413,6420
20250902,0.211500000,6419,6424,6418,6424
20250902,0.212000000,6425,6432,6425,6430
20250902,0.212500000,6433,6436,6432,6432
20250902,0.213000000,6433,6433,6421,6428
20250902,0.213500000,6427,6428,6425,6426
20250902,0.214000000,6428,6429,6427,6428
20250902,0.214500000,6430,6433,6429,6433
20250902,0.215000000,6433,6435,6433,6433
20250902,0.215500000,6435,6435,6433,6435
20250902,0.220000000,6433,6439,6429,6436
20250902,0.220500000,6435,6436,6427,6429
20250902,0.221000000,6429,6433,6425,6431
20250902,0.221500000,6432,6435,6428,6429
20250902,0.222000000,6429,6433,6421,6427
20250902,0.222500000,6424,6424,6419,6419
20250902,0.223000000,6422,6424,6411,6412
20250902,0.223500000,6413,6418,6410,6416
20250902,0.224000000,6415,6419,6414,6417
20250902,0.224500000,6420,6428,6419,6425
20250902,0.225000000,6425,6425,6424,6424
20250902,0.225500000,6423,6428,6422,6425
20250903,0.090000000,6436,6438,6420,6421
20250903,0.090500000,6420,6420,6414,6419
20250903,0.091000000,6414,6419,6414,6416
20250903,0.091500000,6419,6421,6418,6421
20250903,0.092000000,6421,6423,6421,6421
20250903,0.092500000,6419,6424,6419,6424
20250903,0.093000000,6421,6421,6418,6420
20250903,0.093500000,6421,6423,6421,6421
20250903,0.094000000,6423,6423,6423,6423
20250903,0.094500000,6421,6423,6420,6422
20250903,0.095000000,6421,6422,6421,6422
20250903,0.095500000,6421,6421,6419,6419
20250903,0.100000000,6418,6418,6416,6416
20250903,0.100500000,6416,6416,6416,6416
20250903,0.101000000,6418,6418,6405,6412
20250903,0.103000000,6408,6410,6403,6406
20250903,0.103500000,6406,6407,6405,6407
20250903,0.104000000,6409,6416,6409,6415
20250903,0.104500000,6415,6415,6412,6413
20250903,0.105000000,6412,6412,6412,6412
20250903,0.105500000,6410,6410,6409,6409
20250903,0.110000000,6410,6410,6410,6410
20250903,0.110500000,6409,6409,6407,6407
20250903,0.111000000,6407,6408,6405,6406
20250903,0.111500000,6406,6406,6405,6406
20250903,0.112000000,6405,6406,6404,6406
20250903,0.112500000,6406,6406,6402,6405
20250903,0.133000000,6405,6406,6405,6406
20250903,0.133500000,6406,6407,6405,6407
20250903,0.134000000,6407,6410,6407,6409
20250903,0.134500000,6408,6408,6405,6405
20250903,0.135000000,6407,6409,6406,6408
20250903,0.135500000,6408,6410,6406,6407
20250903,0.140000000,6408,6408,6401,6403
20250903,0.140500000,6402,6404,6402,6404
20250903,0.141000000,6403,6404,6402,6402
20250903,0.141500000,6401,6402,6395,6395
20250903,0.142000000,6396,6398,6396,6398
20250903,0.142500000,6398,6398,6390,6394
20250903,0.143000000,6391,6404,6391,6402
20250903,0.143500000,6402,6402,6399,6400
20250903,0.144000000,6400,6402,6398,6402
20250903,0.144500000,6401,6405,6401,6405
20250903,0.145000000,6404,6406,6403,6406
20250903,0.145500000,6404,6415,6404,6415
20250903,0.210000000,6414,6414,6377,6381
20250903,0.210500000,6381,6389,6372,6382
20250903,0.211000000,6384,6395,6383,6388
20250903,0.211500000,6386,6390,6385,6389
20250903,0.212000000,6387,6390,6386,6390
20250903,0.212500000,6390,6390,6389,6390
20250903,0.213000000,6391,6394,6390,6391
20250903,0.213500000,6391,6391,6388,6390
20250903,0.214000000,6392,6392,6390,6390
20250903,0.214500000,6389,6389,6382,6384
20250903,0.215000000,6385,6388,6382,6387
20250903,0.215500000,6388,6392,6388,6389
20250903,0.220000000,6390,6390,6382,6384
20250903,0.220500000,6385,6385,6384,6384
20250903,0.221000000,6386,6386,6386,6386
20250903,0.221500000,6386,6389,6383,6388
20250903,0.222000000,6388,6389,6388,6389
20250903,0.222500000,6387,6388,6386,6388
20250903,0.223000000,6387,6387,6384,6385
20250903,0.223500000,6383,6385,6383,6385
20250903,0.224000000,6385,6386,6385,6386
20250903,0.224500000,6385,6385,6385,6385
20250903,0.225000000,6382,6385,6382,6385
20250903,0.225500000,6385,6390,6385,6387
20250904,0.090000000,6387,6390,6369,6375
20250904,0.090500000,6375,6376,6355,6356
20250904,0.091000000,6356,6369,6354,6364
20250904,0.091500000,6364,6377,6363,6377
20250904,0.092000000,6377,6377,6370,6373
20250904,0.092500000,6374,6374,6368,6368
20250904,0.093000000,6368,6373,6368,6373
20250904,0.093500000,6373,6377,6373,6373
20250904,0.094000000,6372,6374,6371,6371
20250904,0.094500000,6371,6371,6367,6368
20250904,0.095000000,6369,6369,6367,6367
20250904,0.095500000,6370,6377,6370,6375
20250904,0.100000000,6374,6374,6369,6369
20250904,0.100500000,6368,6368,6367,6367
20250904,0.101000000,6367,6370,6367,6368
20250904,0.103000000,6368,6368,6363,6363
20250904,0.103500000,6362,6362,6361,6362
20250904,0.104000000,6361,6371,6361,6370
20250904,0.104500000,6371,6374,6370,6374
20250904,0.105000000,6373,6392,6373,6387
20250904,0.105500000,6387,6388,6384,6386
20250904,0.110000000,6387,6388,6386,6388
20250904,0.110500000,6388,6388,6384,6384
20250904,0.111000000,6384,6384,6378,6379
20250904,0.111500000,6378,6381,6378,6381
20250904,0.112000000,6381,6393,6380,6384
20250904,0.112500000,6387,6387,6384,6384
20250904,0.133000000,6384,6384,6380,6383
20250904,0.133500000,6386,6389,6385,6387
20250904,0.134000000,6387,6387,6387,6387
20250904,0.134500000,6387,6387,6384,6385
20250904,0.135000000,6387,6389,6387,6389
20250904,0.135500000,6391,6393,6391,6392
20250904,0.140000000,6392,6392,6391,6391
20250904,0.140500000,6388,6389,6385,6388
20250904,0.141000000,6386,6387,6386,6387
20250904,0.141500000,6386,6386,6384,6385
20250904,0.142000000,6387,6387,6381,6383
20250904,0.142500000,6382,6384,6382,6384
20250904,0.143000000,6382,6385,6381,6381
20250904,0.143500000,6381,6385,6381,6385
20250904,0.144000000,6386,6393,6386,6393
20250904,0.144500000,6393,6398,6393,6396
20250904,0.145000000,6396,6399,6394,6394
20250904,0.145500000,6394,6394,6392,6392
20250904,0.210000000,6378,6418,6367,6382
20250904,0.210500000,6382,6387,6380,6380
20250904,0.211000000,6380,6380,6373,6379
20250904,0.211500000,6381,6387,6380,6387
20250904,0.212000000,6387,6390,6387,6387
20250904,0.212500000,6387,6389,6386,6386
20250904,0.213000000,6388,6390,6384,6389
20250904,0.213500000,6389,6400,6389,6397
20250904,0.214000000,6397,6397,6395,6397
20250904,0.214500000,6396,6398,6394,6398
20250904,0.215000000,6395,6398,6395,6398
20250904,0.215500000,6397,6397,6397,6397
20250904,0.220000000,6397,6397,6394,6395
20250904,0.220500000,6396,6404,6396,6402
20250904,0.221000000,6401,6402,6397,6397
20250904,0.221500000,6395,6399,6395,6396
20250904,0.222000000,6393,6393,6390,6392
20250904,0.222500000,6392,6398,6390,6394
20250904,0.223000000,6395,6395,6392,6392
20250904,0.223500000,6392,6392,6392,6392
20250904,0.224000000,6392,6392,6389,6391
20250904,0.224500000,6392,6393,6392,6393
20250904,0.225000000,6391,6391,6391,6391
20250904,0.225500000,6391,6394,6391,6391
20250905,0.090000000,6400,6400,6387,6387
20250905,0.090500000,6390,6391,6387,6388
20250905,0.091000000,6390,6390,6387,6388
20250905,0.091500000,6387,6387,6383,6384
20250905,0.092000000,6383,6383,6379,6382
20250905,0.092500000,6381,6384,6381,6383
20250905,0.093000000,6384,6384,6375,6375
20250905,0.093500000,6375,6378,6374,6378
20250905,0.094000000,6380,6381,6380,6380
20250905,0.094500000,6381,6381,6379,6381
20250905,0.095000000,6383,6387,6383,6387
20250905,0.095500000,6387,6390,6386,6390
20250905,0.100000000,6389,6393,6384,6384
20250905,0.100500000,6381,6384,6381,6382
20250905,0.101000000,6382,6382,6381,6381
20250905,0.103000000,6381,6388,6381,6388
20250905,0.103500000,6389,6391,6385,6385
20250905,0.104000000,6386,6386,6386,6386
20250905,0.104500000,6384,6384,6383,6383
20250905,0.105000000,6383,6383,6383,6383
20250905,0.105500000,6383,6384,6383,6384
20250905,0.110000000,6386,6386,6384,6384
20250905,0.110500000,6383,6383,6383,6383
20250905,0.111000000,6383,6383,6383,6383
20250905,0.111500000,6383,6386,6383,6386
20250905,0.112000000,6386,6392,6386,6388
20250905,0.112500000,6389,6402,6389,6402
20250905,0.133000000,6402,6420,6402,6413
20250905,0.133500000,6415,6420,6413,6416
20250905,0.134000000,6414,6417,6413,6415
20250905,0.134500000,6417,6425,6417,6422
20250905,0.135000000,6421,6423,6420,6421
20250905,0.135500000,6420,6422,6420,6420
20250905,0.140000000,6420,6423,6418,6422
20250905,0.140500000,6422,6423,6416,6417
20250905,0.141000000,6418,6418,6415,6417
20250905,0.141500000,6417,6419,6412,6415
20250905,0.142000000,6415,6416,6410,6410
20250905,0.142500000,6413,6413,6410,6410
20250905,0.143000000,6413,6416,6409,6409
20250905,0.143500000,6410,6412,6407,6408
20250905,0.144000000,6411,6413,6411,6413
20250905,0.144500000,6413,6413,6406,6406
20250905,0.145000000,6406,6406,6400,6402
20250905,0.145500000,6400,6408,6400,6408
20250905,0.210000000,6381,6401,6381,6393
20250905,0.210500000,6394,6405,6392,6393
20250905,0.211000000,6392,6392,6387,6388
20250905,0.211500000,6388,6390,6388,6389
20250905,0.212000000,6387,6391,6387,6389
20250905,0.212500000,6390,6393,6388,6393
20250905,0.213000000,6392,6392,6391,6391
20250905,0.213500000,6392,6397,6392,6397
20250905,0.214000000,6397,6397,6396,6396
20250905,0.214500000,6396,6396,6394,6394
20250905,0.215000000,6394,6394,6394,6394
20250905,0.220000000,6391,6392,6389,6390
20250905,0.220500000,6392,6392,6392,6392
20250905,0.221000000,6389,6389,6386,6387
20250905,0.221500000,6387,6389,6387,6387
20250905,0.222000000,6387,6387,6386,6387
20250905,0.222500000,6387,6388,6382,6383
20250905,0.223000000,6382,6382,6372,6377
20250905,0.223500000,6376,6376,6376,6376
20250905,0.224000000,6376,6381,6376,6378
20250905,0.224500000,6380,6380,6376,6377
20250905,0.225000000,6378,6378,6376,6378
20250905,0.225500000,6378,6380,6370,6370
