date,time,open,high,low,close
20240830,0,6550,6648,6454,6600
20240902,0,6622,6624,6360,6376
20240903,0,6378,6444,6332,6386
20240904,0,6338,6366,6238,6290
20240905,0,6290,6350,6216,6226
20240906,0,6242,6298,6158,6220
20240909,0,6228,6228,6040,6090
20240910,0,6080,6094,5914,5914
20240911,0,5912,6374,5736,6002
20240912,0,6000,6076,5880,6048
20240913,0,6086,6160,6012,6092
20240918,0,6118,6136,5932,5962
20240919,0,5954,6088,5904,6074
20240920,0,6078,6112,6034,6078
20240923,0,6062,6068,5986,5998
20240924,0,5992,6186,5974,6170
20240925,0,6188,6380,6172,6182
20240926,0,6146,6258,6130,6184
20240927,0,6206,6312,6172,6294
20240930,0,6290,6560,6262,6516
20241008,0,6800,6820,6546,6574
20241009,0,6568,6578,6474,6504
20241010,0,6474,6510,6384,6448
20241011,0,6462,6532,6446,6508
20241014,0,6516,6572,6446,6472
20241015,0,6452,6486,6320,6320
20241016,0,6316,6372,6270,6306
20241017,0,6298,6328,6188,6190
20241018,0,6218,6300,6190,6260
20241021,0,6244,6244,6168,6218
20241022,0,6236,6324,6222,6284
20241023,0,6324,6362,6272,6304
20241024,0,6272,6318,6236,6284
20241025,0,6280,6336,6234,6284
20241028,0,6304,6326,6150,6270
20241029,0,6240,6264,6138,6160
20241030,0,6202,6210,6140,6178
20241031,0,6196,6228,6160,6208
20241101,0,6214,6296,6198,6240
20241104,0,6250,6260,6192,6234
20241105,0,6244,6292,6232,6246
20241106,0,6262,6286,6130,6160
20241107,0,6160,6276,6122,6262
20241108,0,6250,6330,6224,6292
20241111,0,6266,6284,6162,6236
20241112,0,6186,6216,6172,6192
20241113,0,6202,6230,6184,6214
20241114,0,6230,6230,6160,6164
20241115,0,6184,6220,6118,6118
20241118,0,6140,6164,6090,6144
20241119,0,6148,6200,6122,6178
20241120,0,6168,6224,6142,6216
20241121,0,6248,6262,6186,6216
20241122,0,6238,6260,6200,6208
20241125,0,6182,6260,6152,6184
20241126,0,6194,6200,6130,6146
20241127,0,6140,6172,6132,6164
20241128,0,6186,6186,6116,6124
20241129,0,6124,6170,6102,6164
20241202,0,6158,6210,6126,6198
20241203,0,6198,6214,6166,6184
20241204,0,6186,6216,6168,6182
20241205,0,6176,6198,6104,6118
20241206,0,6120,6130,6062,6100
20241209,0,6084,6098,6052,6074
20241210,0,6100,6176,6088,6122
20241211,0,6126,6170,6120,6160
20241212,0,6192,6204,6158,6176
20241213,0,6192,6214,6172,6184
20241216,0,6198,6310,6172,6298
20241217,0,6304,6308,6268,6290
20241218,0,6282,6290,6250,6264
20241219,0,6282,6282,6204,6212
20241220,0,6214,6242,6166,6186
20241223,0,6182,6232,6154,6226
20241224,0,6212,6232,6176,6208
20241225,0,6212,6232,6190,6204
20241226,0,6200,6208,6134,6140
20241227,0,6150,6170,6098,6106
20241230,0,6120,6156,6110,6130
20241231,0,6126,6178,6116,6160
20250102,0,6162,6240,6158,6238
20250103,0,6242,6266,6202,6212
20250106,0,6218,6280,6172,6174
20250107,0,6184,6214,6120,6134
20250108,0,6134,6156,6116,6138
20250109,0,6156,6264,6154,6258
20250110,0,6276,6308,6228,6252
20250113,0,6292,6436,6288,6386
20250114,0,6396,6402,6332,6376
20250115,0,6366,6422,6364,6398
20250116,0,6388,6540,6388,6486
20250117,0,6462,6498,6412,6446
20250120,0,6428,6452,6350,6366
20250121,0,6366,6412,6358,6388
20250122,0,6374,6374,6322,6348
20250123,0,6364,6368,6260,6276
20250124,0,6294,6296,6236,6244
20250127,0,6260,6264,6210,6228
20250205,0,6208,6250,6180,6224
20250206,0,6204,6242,6192,6228
20250207,0,6232,6318,6232,6304
20250210,0,6306,6380,6296,6360
20250211,0,6370,6388,6334,6366
20250212,0,6374,6404,6362,6374
20250213,0,6360,6378,6282,6284
20250214,0,6288,6350,6278,6316
20250217,0,6326,6354,6290,6346
20250218,0,6328,6384,6322,6342
20250219,0,6343.984977,6371.774648,6318.180282,6351.924883
20250220,0,6357.879812,6371.774648,6322.150235,6357.879812
20250221,0,6367.804695,6393.60939,6312.225352,6322.150235
20250224,0,6316.195305,6330.090141,6264.585915,6278.480751
20250225,0,6274.510798,6286.420657,6254.661033,6260.615962
20250226,0,6252.676056,6270.540845,6187.171831,6199.08169
20250227,0,6187.171831,6212.976526,6155.412207,6207.021596
20250228,0,6224.886385,6234.811268,6193.126761,6205.03662
20250303,0,6201.066667,6272.525822,6185.186854,6224.886385
20250304,0,6236.796244,6236.796244,6103.802817,6115.712676
20250305,0,6097.847887,6121.667606,6081.968075,6087.923005
20250306,0,6081.968075,6091.892958,6004.553991,6064.103286
20250307,0,6064.103286,6081.968075,6044.253521,6077.998122
20250310,0,6089.907981,6111.742723,6030.358685,6030.358685
20250311,0,6064.103286,6072.043192,5950.959624,5994.629108
20250312,0,6000.584038,6026.388732,5917.215023,5921.184977
20250313,0,5943.019718,6012.493897,5937.064789,5978.749296
20250314,0,5972.794366,6050.208451,5954.929577,6040.283568
20250317,0,6040.283568,6068.073239,5988.674178,6024.403756
20250318,0,6026.388732,6056.16338,5992.644131,6044.253521
20250319,0,6052.193427,6070.058216,6004.553991,6018.448826
20250320,0,6020.433803,6050.208451,5994.629108,6022.418779
20250321,0,6022.418779,6103.802817,5970.80939,6034.328638
20250324,0,6034.328638,6068.073239,6006.538967,6054.178404
20250325,0,6054.178404,6060.133333,6018.448826,6030.358685
20250326,0,6040.283568,6083.953052,6020.433803,6056.16338
20250327,0,6066.088263,6089.907981,6054.178404,6070.058216
20250328,0,6064.103286,6095.862911,6006.538967,6024.403756
20250331,0,6016.46385,6032.343662,5960.884507,5980.734272
20250401,0,5988.674178,6074.028169,5980.734272,6042.268545
20250402,0,6050.208451,6054.178404,6020.433803,6036.313615
20250403,0,6022.418779,6042.268545,5954.929577,5966.839437
20250407,0,5627.408451,5627.408451,5627.408451,5627.408451
20250408,0,5458.685446,5623.438498,5458.685446,5474.565258
20250409,0,5446.965721,5504.13619,5196.598495,5301.082456
20250410,0,5243.911987,5600.734569,5206.455472,5547.506891
20250411,0,5500.1934,5563.278055,5450.908512,5557.363869
20250414,0,5545.535496,5604.67736,5521.87875,5533.707123
20250415,0,5553.421078,5557.363869,5452.879908,5466.679676
20250416,0,5456.822699,5492.307818,5393.738043,5399.65223
20250417,0,5439.08014,5549.478287,5419.366185,5484.422236
20250418,0,5502.164795,5527.792936,5464.708281,5512.021772
20250421,0,5500.1934,5577.077823,5472.593863,5551.449682
20250422,0,5529.764332,5545.535496,5482.45084,5531.735727
20250423,0,5519.907354,5612.562942,5480.479445,5604.67736
20250424,0,5569.192241,5586.934801,5529.764332,5563.278055
20250425,0,5553.421078,5634.248292,5545.535496,5610.591547
20250428,0,5579.049219,5717.046903,5579.049219,5685.504575
20250429,0,5685.504575,5693.390157,5618.477129,5661.847829
20250430,0,5634.248292,5689.447366,5632.276897,5677.618993
20250506,0,5642.133874,5651.990852,5559.335264,5608.620151
20250507,0,5612.592262,5767.504575,5612.592262,5697.992639
20250508,0,5688.062363,5767.504575,5642.383091,5761.546409
20250509,0,5775.448796,5809.211736,5759.560353,5781.406962
20250512,0,5799.281459,5912.486611,5747.644022,5910.500556
20250513,0,5924.402943,6019.733597,5912.486611,5991.928823
20250514,0,6087.259477,6176.631965,6015.761486,6156.771412
20250515,0,6126.980583,6162.729578,6067.398924,6073.35709
20250516,0,6073.35709,6115.064251,6027.677818,6039.59415
20250519,0,6057.468648,6111.092141,6029.663873,6045.552316
20250520,0,6051.510482,6051.510482,5938.30533,5980.012491
20250521,0,5981.998546,6043.566261,5966.110104,6019.733597
20250522,0,6019.733597,6029.663873,5944.263496,5950.221662
20250523,0,5956.179828,5980.012491,5932.347164,5946.249551
20250526,0,5944.263496,6037.608095,5920.430832,5964.124049
20250527,0,5956.179828,5974.054325,5902.556335,5968.096159
20250528,0,5934.333219,5997.886989,5894.612113,5904.54239
20250529,0,5924.402943,6041.580205,5888.653948,6027.677818
20250530,0,5997.886989,6011.789376,5920.430832,5940.291385
20250603,0,6015.761486,6027.677818,5864.821284,5870.77945
20250604,0,5880.709726,5924.402943,5844.960731,5884.681837
20250605,0,5888.653948,5888.653948,5773.462741,5831.058344
20250606,0,5843.064641,5901.095078,5817.050997,5835.060443
20250609,0,5853.069889,5873.080384,5781.032106,5797.040502
20250610,0,5815.049948,5863.075137,5775.028957,5795.039452
20250611,0,5795.039452,5835.060443,5765.023709,5805.0447
20250612,0,5835.060443,5865.076186,5775.028957,5811.047849
20250613,0,5789.036304,6103.201081,5779.031056,5975.133911
20250616,0,5997.145455,6039.167496,5945.118168,5983.138109
20250617,0,5951.121316,5995.144406,5909.099276,5985.139158
20250618,0,6005.149654,6151.22627,5995.144406,6121.210527
20250619,0,6125.212626,6187.245161,6087.192685,6185.244112
20250620,0,6189.246211,6265.286093,6165.233616,6187.245161
20250623,0,6169.235715,6263.285044,6137.218923,6211.257756
20250624,0,6189.246211,6201.252508,5903.096127,5961.126564
20250625,0,5957.124465,5973.132861,5941.116068,5963.127613
20250626,0,5951.121316,5971.131811,5917.103474,5933.11187
20250627,0,5921.105573,5949.120267,5915.102425,5937.113969
20250630,0,5941.116068,6005.149654,5929.109771,5939.115019
20250701,0,5951.121316,5977.13496,5891.08983,5935.11292
20250702,0,5947.119217,5957.124465,5893.09088,5943.117118
20250703,0,5959.125514,5961.126564,5893.09088,5897.092979
20250704,0,5909.099276,5929.109771,5859.073038,5873.080384
20250707,0,5867.077236,5885.086682,5839.062542,5875.081434
20250708,0,5887.087731,5897.092979,5855.070938,5869.078285
20250709,0,5875.081434,5893.09088,5855.070938,5883.085632
20250710,0,5879.083533,5933.11187,5867.077236,5919.104524
20250711,0,5915.102425,5925.107672,5871.079335,5881.084582
20250714,0,5885.086682,5933.11187,5869.078285,5923.106623
20250715,0,5935.11292,5947.119217,5857.071988,5873.080384
20250716,0,5881.084582,5903.096127,5869.078285,5889.088781
20250717,0,5875.081434,5917.103474,5871.079335,5905.097177
20250718,0,5911.100325,5993.143356,5905.097177,5933.11187
20250721,0,5941.116068,6017.155951,5941.116068,5987.140208
20250722,0,5997.145455,6015.154901,5947.119217,5999.146505
20250723,0,6013.153852,6067.182189,5969.130762,5989.141257
20250724,0,5979.13601,6069.183239,5975.133911,6045.170644
20250725,0,6051.173793,6133.216824,6035.165397,6133.216824
20250728,0,6133.216824,6143.222071,5979.13601,6003.148604
20250729,0,6023.159099,6039.167496,5989.141257,6009.151753
20250730,0,6021.15805,6075.186387,6009.151753,6017.155951
20250731,0,6009.151753,6041.168545,5963.127613,5977.13496
20250801,0,5975.133911,5983.138109,5919.104524,5921.105573
20250804,0,5921.105573,5923.093188,5875.390424,5887.316115
20250805,0,5865.452349,5881.35327,5835.638121,5875.390424
20250806,0,5863.464733,5913.155112,5853.526658,5899.241806
20250807,0,5903.217037,5919.117958,5865.452349,5881.35327
20250808,0,5881.35327,5893.278961,5859.489503,5861.477118
20250811,0,5879.365655,5919.117958,5873.402809,5897.254191
20250812,0,5913.155112,5940.981725,5895.266576,5927.068419
20250813,0,5919.117958,5919.117958,5875.390424,5889.303731
20250814,0,5899.255241,5901.245543,5825.614065,5839.54618
20250815,0,5837.555878,5885.323126,5815.662555,5867.410408
20250818,0,5867.410408,5907.216449,5837.555878,5899.255241
20250819,0,5889.303731,5911.197053,5871.391012,5877.361918
20250820,0,5877.361918,5952.993396,5845.517086,5935.080677
20250821,0,5935.080677,6042.556987,5925.129167,6018.673363
20250822,0,6010.712155,6036.586081,6004.741249,6008.721853
20250825,0,6008.721853,6048.527894,5984.838228,6020.663665
20250826,0,6026.634571,6074.40182,5998.770343,6004.741249
20250827,0,5992.799436,6038.576383,5958.964302,5964.935208
20250828,0,5976.87702,5980.857624,5921.148563,5952.993396
20250829,0,5966.92551,5972.896416,5903.235845,5927.119469
20250901,0,5951.003094,5951.003094,5885.323126,5921.148563
20250902,0,5925.129167,5935.080677,5877.361918,5881.342522
