date,time,open,high,low,close
20230915,0,10000,10050,9410,9468
20230918,0,9450,9468,9290,9346
20230919,0,9370,9436,9290,9326
20230920,0,9358,9564,9254,9310
20230921,0,9344,9346,9132,9134
20230922,0,9172,9280,9162,9218
20230925,0,9254,9300,9066,9130
20230926,0,9120,9130,8890,8930
20230927,0,8950,9040,8912,8980
20230928,0,9018,9166,8968,9006
20231009,0,8746,8826,8586,8620
20231010,0,8640,8650,8488,8500
20231011,0,8506,8526,8404,8458
20231012,0,8438,8462,8292,8390
20231013,0,8436,8486,8316,8404
20231016,0,8502,8518,8402,8444
20231017,0,8460,8506,8280,8362
20231018,0,8332,8498,8332,8420
20231019,0,8402,8466,8318,8400
20231020,0,8388,8530,8350,8410
20231023,0,8406,8432,8234,8318
20231024,0,8336,8544,8298,8530
20231025,0,8500,8590,8406,8460
20231026,0,8480,8564,8464,8510
20231027,0,8474,8596,8430,8554
20231030,0,8552,8668,8520,8630
20231031,0,8614,8688,8506,8638
20231101,0,8624,8668,8566,8596
20231102,0,8650,8650,8500,8564
20231103,0,8574,8696,8550,8652
20231106,0,8666,8700,8502,8558
20231107,0,8570,8616,8466,8496
20231108,0,8478,8492,8352,8462
20231109,0,8428,8562,8380,8432
20231110,0,8450,8528,8426,8470
20231113,0,8498,8538,8378,8452
20231114,0,8466,8606,8426,8566
20231115,0,8540,8628,8528,8624
20231116,0,8608,8780,8544,8778
20231117,0,8776,8840,8630,8672
20231120,0,8694,8772,8648,8708
20231121,0,8722,8762,8430,8452
20231122,0,8466,8510,8388,8416
20231123,0,8400,8448,8324,8410
20231124,0,8410,8448,8368,8408
20231127,0,8404,8430,8272,8298
20231128,0,8296,8328,8252,8258
20231129,0,8280,8330,8206,8254
20231130,0,8272,8476,8262,8442
20231201,0,8446,8484,8262,8318
20231204,0,8320,8402,8252,8278
20231205,0,8280,8310,8190,8274
20231206,0,8270,8342,8110,8310
20231207,0,8290,8310,8170,8270
20231208,0,8246,8394,8244,8338
20231211,0,8340,8386,8282,8336
20231212,0,8326,8426,8268,8356
20231213,0,8346,8358,8132,8136
20231214,0,8160,8214,8092,8098
20231215,0,8160,8300,8132,8244
20231218,0,8260,8330,8200,8308
20231219,0,8300,8378,8300,8318
20231220,0,8322,8512,8320,8492
20231221,0,8512,8614,8450,8598
20231222,0,8580,8674,8530,8604
20231225,0,8614,8626,8498,8570
20231226,0,8568,8620,8530,8544
20231227,0,8558,8662,8546,8648
20231228,0,8648,8724,8588,8674
20231229,0,8650,8666,8532,8590
20240102,0,8602,8742,8592,8614
20240103,0,8602,8670,8478,8522
20240104,0,8540,8638,8500,8528
20240105,0,8526,8600,8452,8558
20240108,0,8548,8646,8362,8370
20240109,0,8352,8362,8266,8274
20240110,0,8322,8372,8300,8318
20240111,0,8328,8360,8250,8314
20240112,0,8336,8428,8308,8364
20240115,0,8366,8432,8320,8360
20240116,0,8338,8478,8316,8440
20240117,0,8450,8480,8396,8428
20240118,0,8406,8518,8374,8474
20240119,0,8468,8576,8460,8566
20240122,0,8530,8614,8510,8592
20240123,0,8596,8670,8540,8662
20240124,0,8646,8754,8634,8730
20240125,0,8720,8750,8600,8610
20240126,0,8620,8748,8620,8670
20240129,0,8670,8718,8610,8660
20240130,0,8660,8670,8592,8654
20240131,0,8636,8670,8550,8598
20240201,0,8598,8602,8450,8462
20240202,0,8462,8480,8366,8412
20240205,0,8410,8438,8360,8404
20240206,0,8392,8478,8372,8454
20240207,0,8466,8508,8436,8476
20240208,0,8488,8550,8456,8480
20240219,0,8546,8628,8530,8550
20240220,0,8570,8594,8460,8506
20240221,0,8486,8582,8460,8522
20240222,0,8520,8620,8500,8592
20240223,0,8578,8648,8532,8550
20240226,0,8540,8590,8478,8488
20240227,0,8488,8608,8466,8598
20240228,0,8594,8660,8572,8596
20240229,0,8600,8638,8554,8606
20240301,0,8612,8620,8520,8562
20240304,0,8588,8650,8492,8520
20240305,0,8520,8522,8350,8360
20240306,0,8372,8448,8362,8416
20240307,0,8416,8430,8360,8378
20240308,0,8344,8368,8306,8334
20240311,0,8308,8362,8266,8316
20240312,0,8320,8380,8302,8322
20240313,0,8318,8350,8292,8324
20240314,0,8372,8464,8320,8458
20240315,0,8480,8558,8460,8520
20240318,0,8510,8536,8436,8522
20240319,0,8520,8580,8508,8562
20240320,0,8582,8582,8460,8462
20240321,0,8418,8418,8302,8330
20240322,0,8326,8368,8308,8344
20240325,0,8372,8424,8348,8358
20240326,0,8384,8458,8368,8374
20240327,0,8418,8476,8404,8430
20240328,0,8424,8510,8400,8478
20240329,0,8504,8520,8424,8444
20240401,0,8460,8550,8428,8528
20240402,0,8518,8644,8502,8630
20240403,0,8647.592299,8694.505096,8577.223103,8618.271801
20240408,0,8571.359003,8583.087203,8481.442809,8538.129105
20240409,0,8551.812005,8610.453001,8461.89581,8477.533409
20240410,0,8487.306908,8530.310306,8469.714609,8481.442809
20240411,0,8481.442809,8504.899207,8416.937712,8428.665912
20240412,0,8430.620612,8469.714609,8375.889015,8413.028313
20240415,0,8436.484711,8520.536806,8413.028313,8487.306908
20240416,0,8487.306908,8649.546999,8477.533409,8577.223103
20240417,0,8573.313703,8618.271801,8534.219706,8563.540204
20240418,0,8563.540204,8563.540204,8393.481314,8420.847112
20240419,0,8414.983012,8540.083805,8358.296716,8426.711212
20240422,0,8424.756512,8463.85051,8389.571914,8434.530011
20240423,0,8422.801812,8450.16761,8385.662514,8385.662514
20240424,0,8375.889015,8430.620612,8336.795017,8383.707814
20240425,0,8387.617214,8397.390713,8254.697622,8287.92752
20240426,0,8301.610419,8340.704417,8264.471121,8321.157418
20240429,0,8336.795017,8366.115515,8276.19932,8291.83692
20240430,0,8336.795017,8336.795017,8266.425821,8276.19932
20240506,0,8188.237826,8211.694224,8145.234428,8170.645527
20240507,0,8178.464326,8223.422424,8172.600227,8215.603624
20240508,0,8199.966025,8221.467724,8156.962627,8156.962627
20240509,0,8119.82333,8199.966025,8113.95923,8156.962627
20240510,0,8160.872027,8186.283126,8047.499434,8172.600227
20240513,0,8160.872027,8190.192525,8098.321631,8123.732729
20240514,0,8139.370328,8176.509626,8096.366931,8113.95923
20240515,0,8104.18573,8164.781427,8078.774632,8155.007928
20240516,0,8133.506229,8207.784824,8117.86863,8203.875425
20240517,0,8203.875425,8268.380521,8198.011325,8254.697622
20240520,0,8278.15402,8360.251416,8252.742922,8346.568516
20240521,0,8327.021518,8389.571914,8287.92752,8309.429219
20240522,0,8284.01812,8346.568516,8278.15402,8303.565119
20240523,0,8309.429219,8336.795017,8233.195923,8266.425821
20240524,0,8293.791619,8344.613817,8287.92752,8330.930917
20240527,0,8338.749717,8418.892412,8334.840317,8405.209513
20240528,0,8405.209513,8434.530011,8350.477916,8356.342016
20240529,0,8366.115515,8422.801812,8344.613817,8409.118913
20240530,0,8401.300113,8547.902605,8391.526614,8504.899207
20240531,0,8493.171008,8508.808607,8413.028313,8442.348811
20240603,0,8473.624009,8479.488109,8309.429219,8330.930917
20240604,0,8332.885617,8352.432616,8203.875425,8248.833522
20240605,0,8241.014723,8295.746319,8223.422424,8248.833522
20240606,0,8284.01812,8285.97282,8231.241223,8248.833522
20240607,0,8248.833522,8330.930917,8229.286523,8307.474519
20240611,0,8356.342016,8385.662514,8311.383918,8385.662514
20240612,0,8377.843715,8418.892412,8360.251416,8405.209513
20240613,0,8426.711212,8442.348811,8346.568516,8366.115515
20240614,0,8377.843715,8403.254813,8342.659117,8360.251416
20240617,0,8371.979615,8383.707814,8246.878822,8256.652322
20240618,0,8278.15402,8348.523216,8264.471121,8270.335221
20240619,0,8278.15402,8397.390713,8278.15402,8362.206116
20240620,0,8375.889015,8403.254813,8340.704417,8383.707814
20240621,0,8393.481314,8422.801812,8344.613817,8346.568516
20240624,0,8346.568516,8395.436014,8313.338618,8385.662514
20240625,0,8385.662514,8461.89581,8348.523216,8452.12231
20240626,0,8446.258211,8463.85051,8334.840317,8407.164213
20240627,0,8407.164213,8411.073613,8362.206116,8399.345413
20240628,0,8414.983012,8485.352208,8401.300113,8457.98641
20240701,0,8459.94111,8477.533409,8411.073613,8450.16761
20240702,0,8450.16761,8471.669309,8403.254813,8456.03171
20240703,0,8477.533409,8571.359003,8456.03171,8569.404304
20240704,0,8549.857305,8575.268403,8457.98641,8465.80521
20240705,0,8457.98641,8495.125708,8385.662514,8387.617214
20240708,0,8424.756512,8432.575311,8354.387316,8364.160815
20240709,0,8368.070215,8370.024915,8311.383918,8332.885617
20240710,0,8332.885617,8346.568516,8276.19932,8289.88222
20240711,0,8297.701019,8356.342016,8295.746319,8350.477916
20240712,0,8336.795017,8344.613817,8295.746319,8319.202718
20240715,0,8307.474519,8319.202718,8221.467724,8231.241223
20240716,0,8231.241223,8244.924122,8188.237826,8199.966025
20240717,0,8182.373726,8237.105323,8166.736127,8203.875425
20240718,0,8215.603624,8250.788222,8194.101925,8241.014723
20240719,0,8217.558324,8239.060023,8203.875425,8213.648924
20240722,0,8225.377123,8239.060023,8162.826727,8190.192525
20240723,0,8172.600227,8199.966025,8153.053228,8162.826727
20240724,0,8155.007928,8160.872027,8092.457531,8139.370328
20240725,0,8160.872027,8164.781427,8051.408834,8053.363533
20240726,0,8043.590034,8141.325028,8004.496036,8127.642129
20240729,0,8115.91393,8131.551529,8063.137033,8102.231031
20240730,0,8112.00453,8112.00453,7986.903737,8010.360136
20240731,0,8006.450736,8147.189128,7990.813137,8131.551529
20240801,0,8151.098528,8205.830125,8125.687429,8188.237826
20240802,0,8182.373726,8196.056625,8113.95923,8113.95923
20240805,0,8063.137033,8090.502831,7936.08154,7951.719139
20240806,0,7867.667044,7977.130238,7867.667044,7883.304643
20240807,0,7853.984145,7893.078143,7787.524349,7877.440544
20240808,0,7908.715742,7945.85504,7830.527746,7853.984145
20240809,0,7857.893545,7873.531144,7713.245753,7799.252548
20240812,0,7799.252548,7883.304643,7773.84145,7879.395243
20240813,0,7895.032843,7939.99094,7859.848245,7900.896942
20240814,0,7896.987542,7896.987542,7795.343148,7820.754247
20240815,0,7820.754247,7824.663647,7486.500566,7726.928652
20240816,0,7736.702152,7805.116648,7683.925255,7730.838052
20240819,0,7678.353107,7717.230844,7497.571629,7513.122723
20240820,0,7503.403289,7565.607669,7439.255023,7517.010497
20240821,0,7532.561592,7585.046537,7480.076647,7561.719895
20240822,0,7571.439329,7590.878198,7425.647815,7441.19891
20240823,0,7454.806118,7503.403289,7396.489512,7466.469439
20240826,0,7503.403289,7621.980388,7482.020534,7614.20484
20240827,0,7645.30703,7688.072541,7583.102651,7633.643709
20240828,0,7625.868162,7625.868162,7509.23495,7532.561592
20240829,0,7497.571629,7552.000461,7474.244986,7522.842158
20240830,0,7524.786045,7581.158764,7503.403289,7518.954384
20240902,0,7513.122723,7520.898271,7172.942523,7176.830296
20240903,0,7180.71807,7260.417431,7153.503654,7215.708034
20240904,0,7143.78422,7178.774183,6999.936592,7099.074822
20240905,0,7112.68203,7137.952559,6945.50776,6959.114968
20240906,0,6980.497723,7077.692066,6840.537869,6966.890515
20240909,0,6959.114968,6988.273271,6692.802468,6813.323453
20240910,0,6791.940698,6815.26734,6529.515971,6545.067066
20240911,0,6545.067066,6694.746354,6387.61223,6686.970807
20240912,0,6694.746354,6768.614055,6523.68431,6745.287413
20240913,0,6727.792431,6861.920625,6700.578015,6745.287413
20240918,0,6819.155114,6823.042887,6550.898727,6572.281482
20240919,0,6582.000916,6749.175187,6463.423818,6727.792431
20240920,0,6755.006847,6770.557942,6655.868617,6723.904657
20240923,0,6714.185223,6721.96077,6585.88869,6632.541975
20240924,0,6620.878654,6834.706208,6589.776464,6815.26734
20240925,0,6826.930661,7007.712139,6803.604019,6813.323453
20240926,0,6782.221263,6863.864511,6673.363599,6772.501829
20240927,0,6774.445716,6959.114968,6758.894621,6918.293344
20240930,0,6900.798362,7279.8563,6861.920625,7190.437504
20241008,0,7581.158764,7592.822085,7328.453472,7369.275096
20241009,0,7361.499548,7377.050643,7196.269165,7221.539694
20241010,0,7192.381391,7240.978563,7077.692066,7174.886409
20241011,0,7213.764147,7277.912413,7147.671993,7188.493617
20241014,0,7188.493617,7270.136866,7108.794256,7134.064785
20241015,0,7124.345351,7161.279201,6933.844438,6941.619986
20241016,0,6955.227194,6976.609949,6858.032851,6859.976738
20241017,0,6859.976738,6904.686136,6745.287413,6745.287413
20241018,0,6756.950734,6879.415606,6755.006847,6863.864511
20241021,0,6842.481756,6848.313417,6737.511865,6801.660132
20241022,0,6813.323453,6928.012778,6811.379566,6871.640059
20241023,0,6881.359493,7003.824366,6867.752285,6902.742249
20241024,0,6881.359493,6931.900552,6830.818435,6883.30338
20241025,0,6861.920625,6945.50776,6780.277376,6865.808398
20241028,0,6891.078928,6900.798362,6727.792431,6819.155114
20241029,0,6774.445716,6789.996811,6609.215332,6638.373635
20241030,0,6683.083033,6712.241336,6582.000916,6650.036957
20241031,0,6669.475825,6716.12911,6634.485862,6688.914694
20241101,0,6692.802468,6786.109037,6669.475825,6708.353562
20241104,0,6716.12911,6743.343526,6657.812504,6720.016884
20241105,0,6735.567979,6811.379566,6712.241336,6743.343526
20241106,0,6755.006847,6805.547906,6572.281482,6582.000916
20241107,0,6582.000916,6741.399639,6523.68431,6727.792431
20241108,0,6696.690241,6852.20119,6679.195259,6729.736318
20241111,0,6698.634128,6737.511865,6541.179292,6655.868617
20241112,0,6597.552011,6642.261409,6570.337595,6583.944803
20241113,0,6599.495898,6638.373635,6562.562048,6609.215332
20241114,0,6624.766427,6624.766427,6502.301555,6510.077102
20241115,0,6537.291519,6585.88869,6426.489967,6428.433854
20241118,0,6453.704383,6515.908763,6403.163325,6484.806573
20241119,0,6488.694347,6605.327559,6455.64827,6574.225369
20241120,0,6572.281482,6653.92473,6533.403745,6636.429749
20241121,0,6640.317522,6756.950734,6589.776464,6648.09307
20241122,0,6679.195259,6718.072997,6636.429749,6661.700278
20241125,0,6646.149183,6729.736318,6531.459858,6613.103106
20241126,0,6616.99088,6624.766427,6533.403745,6568.393708
20241127,0,6583.944803,6616.99088,6541.179292,6603.383672
20241128,0,6605.327559,6636.429749,6506.189329,6510.077102
20241129,0,6529.515971,6548.95484,6463.423818,6529.515971
20241202,0,6547.010953,6552.842613,6436.209402,6498.413781
20241203,0,6504.245442,6547.010953,6471.199365,6508.133216
20241204,0,6541.179292,6616.99088,6512.020989,6583.944803
20241205,0,6582.000916,6616.99088,6420.658307,6451.760497
20241206,0,6443.984949,6455.64827,6298.193434,6405.107212
20241209,0,6401.219438,6434.265515,6309.856756,6337.071172
20241210,0,6393.443891,6515.908763,6358.453927,6408.994986
20241211,0,6428.433854,6494.526008,6418.71442,6480.9188
20241212,0,6512.020989,6568.393708,6473.143252,6519.796537
20241213,0,6517.85265,6564.505935,6494.526008,6521.740424
20241216,0,6525.628197,6714.185223,6490.638234,6675.307486
20241217,0,6638.373635,6696.690241,6622.82254,6653.92473
20241218,0,6642.261409,6688.914694,6609.215332,6640.317522
20241219,0,6657.218783,6659.096701,6565.200808,6587.735822
20241220,0,6589.61374,6642.19544,6535.154123,6570.834562
20241223,0,6580.224151,6638.439604,6523.886615,6619.660426
20241224,0,6606.515001,6642.19544,6555.811219,6608.392919
20241225,0,6623.416262,6651.585029,6585.857905,6593.369576
20241226,0,6600.881247,6600.881247,6499.473683,6506.985355
20241227,0,6531.398287,6563.32289,6431.868641,6433.746559
20241230,0,6469.426998,6512.619108,6441.25823,6503.229519
20241231,0,6523.886615,6597.125412,6488.206176,6565.200808
20250102,0,6572.71248,6689.143386,6565.200808,6649.707111
20250103,0,6649.707111,6707.922565,6627.172097,6653.462947
20250106,0,6653.462947,6807.452211,6602.759165,6679.753797
20250107,0,6702.288811,6726.701743,6546.42163,6570.834562
20250108,0,6578.346233,6608.392919,6535.154123,6587.735822
20250109,0,6630.927933,6848.766404,6619.660426,6816.8418
20250110,0,6790.55095,6884.446843,6730.457579,6796.184704
20250113,0,6895.71435,7077.872382,6850.644322,6985.854407
20250114,0,6985.854407,7010.267339,6884.446843,6965.197311
20250115,0,6982.098571,7040.314025,6938.906461,7021.534846
20250116,0,7023.412764,7188.669535,7014.023175,7121.064492
20250117,0,7091.017807,7124.820328,6968.953146,7062.849039
20250120,0,7060.971121,7060.971121,6908.859775,6944.540214
20250121,0,6948.29605,7000.87775,6914.493529,6967.075228
20250122,0,6938.906461,6938.906461,6837.498897,6884.446843
20250123,0,6901.348104,6918.249364,6768.015936,6779.283443
20250124,0,6798.062622,6814.963882,6698.532976,6730.457579
20250127,0,6747.35884,6747.35884,6662.852536,6675.997961
20250205,0,6666.608372,6743.603004,6642.19544,6715.434236
20250206,0,6679.753797,6747.35884,6672.242126,6700.410893
20250207,0,6728.579661,6895.71435,6719.190072,6882.568925
20250210,0,6876.935172,6983.976489,6850.644322,6953.929803
20250211,0,6961.441475,6995.243996,6886.324761,6938.906461
20250212,0,6970.831064,7004.633585,6899.470186,6916.371446
20250213,0,6891.958514,6922.0052,6741.725086,6743.603004
20250214,0,6726.701743,6835.620979,6726.701743,6792.428868
20250217,0,6824.353472,6841.254732,6737.969251,6824.353472
20250218,0,6798.062622,6890.080596,6794.306786,6861.911829
20250219,0,6843.13265,6888.202679,6813.085965,6846.888486
20250220,0,6846.888486,6891.958514,6814.963882,6852.522239
20250221,0,6869.4235,6901.348104,6749.236758,6756.748429
20250224,0,6760.504265,6805.574293,6664.730454,6685.387551
20250225,0,6692.899222,6706.044647,6653.462947,6679.753797
20250226,0,6662.852536,6687.265469,6522.008698,6582.102069
20250227,0,6561.444972,6614.026672,6550.177465,6604.637083
20250228,0,6629.050015,6645.951276,6578.346233,6587.735822
20250303,0,6572.71248,6653.462947,6552.055383,6602.759165
20250304,0,6595.247494,6623.416262,6418.723216,6428.112805
20250305,0,6394.310284,6446.891984,6379.286941,6392.432366
20250306,0,6366.141516,6384.920694,6251.588527,6343.606502
20250307,0,6343.606502,6358.629845,6285.391048,6347.362337
20250310,0,6371.77527,6405.577791,6289.146884,6306.048145
20250311,0,6334.216912,6337.972748,6150.180963,6266.61187
20250312,0,6281.635213,6328.583159,6180.227649,6195.250991
20250313,0,6236.565184,6377.409023,6225.297677,6309.80398
20250314,0,6296.658555,6405.577791,6279.757295,6399.944037
20250317,0,6401.821955,6431.868641,6319.19357,6409.333627
20250318,0,6414.96738,6458.159491,6360.507762,6437.502394
20250319,0,6443.136148,6465.671162,6347.362337,6368.019434
20250320,0,6384.920694,6446.891984,6339.850666,6428.112805
20250321,0,6416.845298,6514.497026,6371.77527,6441.25823
20250324,0,6429.990723,6495.717848,6394.310284,6476.938669
20250325,0,6480.694505,6493.83993,6433.746559,6467.54908
20250326,0,6478.816587,6542.665794,6471.304916,6505.107437
20250327,0,6520.13078,6570.834562,6490.084094,6542.665794
20250328,0,6538.909958,6574.590397,6491.962012,6508.863273
20250331,0,6510.741191,6525.764533,6394.310284,6439.380312
20250401,0,6460.037409,6591.491658,6433.746559,6559.567055
20250402,0,6553.933301,6561.444972,6493.83993,6510.741191
20250403,0,6503.229519,6555.811219,6371.77527,6377.409023
20250407,0,6001.825453,6001.825453,6001.825453,6001.825453
20250408,0,5614.974375,5870.371203,5596.195197,5611.21854
20250409,0,5633.753554,5665.678157,5325.775026,5374.60089
20250410,0,5286.338751,5755.818214,5233.757052,5731.405282
20250411,0,5677.858003,5724.019451,5567.07053,5701.861956
20250414,0,5677.858003,5724.019451,5659.393425,5661.239882
20250415,0,5688.936751,5698.16904,5585.535109,5592.920941
20250416,0,5576.30282,5631.696556,5469.208262,5472.901178
20250417,0,5528.294915,5683.397377,5504.290962,5570.763446
20250418,0,5589.228025,5635.389472,5550.452409,5626.157183
20250421,0,5618.771351,5696.322582,5581.842193,5640.928846
20250422,0,5620.617809,5631.696556,5541.22012,5585.535109
20250423,0,5585.535109,5751.716319,5533.834288,5746.176945
20250424,0,5690.783209,5711.094245,5622.464267,5692.629667
20250425,0,5685.243835,5808.956513,5672.31863,5751.716319
20250428,0,5716.633619,5860.657334,5711.094245,5810.802971
20250429,0,5797.877766,5820.035261,5679.704461,5729.558824
20250430,0,5711.094245,5777.566729,5687.090293,5735.098198
20250506,0,5696.322582,5722.172993,5581.842193,5659.393425
20250507,0,5670.472172,5873.58254,5663.08634,5805.263598
20250508,0,5773.873814,5916.051071,5770.180898,5912.358155
20250509,0,5932.669192,5988.062929,5912.358155,5975.137723
20250512,0,5988.062929,6145.011849,5895.740034,6143.165391
20250513,0,6187.48038,6246.567033,6100.69686,6193.019754
20250514,0,6285.342648,6442.291569,6222.56308,6351.815132
20250515,0,6320.425348,6357.354506,6202.252043,6242.874117
20250516,0,6259.492238,6300.114311,6196.71267,6226.255996
20250519,0,6241.027659,6320.425348,6185.633922,6233.641828
20250520,0,6241.027659,6241.027659,6104.389775,6156.090596
20250521,0,6152.397681,6276.110359,6152.397681,6246.567033
20250522,0,6259.492238,6259.492238,6097.003944,6106.236233
20250523,0,6102.543318,6209.637875,6102.543318,6141.318933
20250526,0,6132.086644,6255.799322,6095.157486,6161.62997
20250527,0,6154.244138,6204.098501,6058.228328,6191.173296
20250528,0,6189.326838,6205.944959,6048.996039,6084.078739
20250529,0,6115.468523,6300.114311,6050.842497,6266.87807
20250530,0,6211.484333,6226.255996,6067.460618,6109.929149
20250603,0,6194.866212,6265.031612,6015.759797,6023.145628
20250604,0,6056.38187,6121.007896,6002.834592,6072.999991
20250605,0,6061.921244,6061.921244,5947.440855,6037.917292
20250606,0,6065.61416,6150.551223,6012.066881,6052.688955
20250609,0,6074.846449,6106.236233,5960.36606,5995.44876
20250610,0,6013.913339,6135.77956,5960.36606,6002.834592
20250611,0,5997.295218,6084.078739,5949.287313,6026.838544
20250612,0,6067.460618,6117.314981,5986.216471,6034.224376
20250613,0,6023.145628,6445.984485,6006.527507,6259.492238
20250616,0,6279.803275,6303.807227,6211.484333,6239.181201
20250617,0,6185.633922,6263.185154,6146.858307,6255.799322
20250618,0,6303.807227,6512.456969,6265.031612,6451.523858
20250619,0,6460.756148,6553.079042,6381.358459,6549.386126
20250620,0,6554.9255,6669.405889,6495.838848,6532.768005
20250623,0,6508.764053,6630.630273,6473.681353,6578.929452
20250624,0,6536.460921,6577.082995,6074.846449,6241.027659
20250625,0,6235.488285,6263.185154,6209.637875,6239.181201
20250626,0,6200.405586,6229.948912,6157.937054,6205.944959
20250627,0,6196.71267,6241.027659,6174.555175,6233.641828
20250630,0,6255.799322,6361.047422,6242.874117,6274.263901
20250701,0,6292.72848,6342.582843,6200.405586,6272.417443
20250702,0,6289.035564,6305.653685,6193.019754,6268.724527
20250703,0,6283.496191,6285.342648,6191.173296,6222.56308
20250704,0,6226.255996,6265.031612,6141.318933,6159.783512
20250707,0,6150.551223,6189.326838,6117.314981,6170.862259
20250708,0,6183.787465,6207.791417,6148.704765,6181.941007
20250709,0,6194.866212,6229.948912,6161.62997,6207.791417
20250710,0,6200.405586,6277.956817,6181.941007,6261.338696
20250711,0,6252.106406,6266.87807,6170.862259,6180.094549
20250714,0,6185.633922,6277.956817,6176.401633,6257.64578
20250715,0,6261.338696,6287.189106,6143.165391,6174.555175
20250716,0,6187.48038,6229.948912,6178.248091,6200.405586
20250717,0,6178.248091,6233.641828,6159.783512,6224.409538
20250718,0,6231.79537,6368.433253,6217.023707,6287.189106
20250721,0,6303.807227,6364.740338,6285.342648,6335.197011
20250722,0,6335.197011,6373.972627,6274.263901,6357.354506
20250723,0,6368.433253,6429.366364,6313.039517,6333.350553
20250724,0,6333.350553,6453.370316,6322.271806,6421.980532
20250725,0,6429.366364,6543.846753,6409.055327,6519.8428
20250728,0,6532.768005,6567.850705,6333.350553,6361.047422
20250729,0,6386.897832,6440.445111,6366.586795,6409.055327
20250730,0,6416.441158,6499.531763,6409.055327,6447.830942
20250731,0,6451.523858,6492.145932,6373.972627,6396.130122
20250801,0,6381.358459,6383.204916,6274.263901,6289.035564
20250804,0,6290.882022,6314.885975,6211.484333,6235.488285
20250805,0,6185.633922,6233.641828,6174.555175,6217.023707
20250806,0,6200.405586,6303.807227,6167.169344,6272.417443
20250807,0,6283.496191,6301.960769,6231.79537,6237.334743
20250808,0,6239.181201,6253.952864,6200.405586,6209.637875
20250811,0,6231.79537,6277.956817,6207.791417,6257.64578
20250812,0,6270.570985,6331.504096,6231.79537,6307.500143
20250813,0,6300.053272,6305.638425,6240.4783,6255.372043
20250814,0,6259.095478,6270.265786,6139.945535,6156.700996
20250815,0,6160.424431,6251.648607,6149.254124,6225.584557
20250818,0,6227.446275,6309.361861,6195.797071,6292.6064
20250819,0,6301.914989,6378.245422,6268.404068,6305.638425
20250820,0,6305.638425,6409.894626,6264.680632,6370.798551
20250821,0,6374.521986,6508.565673,6357.766526,6476.916469
20250822,0,6465.746162,6530.906287,6439.682112,6484.363341
20250825,0,6482.501623,6538.353159,6447.128983,6488.086776
20250826,0,6488.086776,6659.36482,6467.60788,6510.427391
20250827,0,6489.948494,6603.513284,6452.714137,6460.161008
20250828,0,6467.60788,6488.086776,6367.075115,6409.894626
20250829,0,6422.926651,6435.958676,6309.361861,6402.447754
20250901,0,6409.894626,6413.618062,6335.425911,6391.277447
20250902,0,6413.618062,6450.852419,6348.457936,6361.489961
