date,time,open,high,low,close
20190816,0,3600,3735,3597,3685
20190819,0,3690,3696,3662,3673
20190820,0,3679,3679,3655,3662
20190821,0,3664,3675,3663,3671
20190822,0,3675,3675,3616,3633
20190823,0,3630,3639,3625,3635
20190826,0,3640,3664,3623,3632
20190827,0,3633,3648,3628,3641
20190828,0,3640,3643,3626,3627
20190829,0,3621,3636,3600,3623
20190830,0,3624,3640,3611,3619
20190902,0,3626,3635,3619,3623
20190903,0,3626,3626,3611,3618
20190904,0,3620,3635,3601,3625
20190905,0,3635,3635,3616,3618
20190906,0,3617,3709,3616,3658
20190909,0,3663,3673,3623,3660
20190910,0,3663,3672,3645,3652
20190911,0,3653,3664,3630,3637
20190912,0,3635,3642,3628,3631
20190916,0,3635,3651,3629,3639
20190917,0,3642,3685,3639,3673
20190918,0,3681,3685,3656,3670
20190919,0,3666,3676,3663,3671
20190920,0,3668,3692,3645,3667
20190923,0,3664,3678,3662,3670
20190924,0,3666,3677,3655,3673
20190925,0,3666,3674,3645,3655
20190926,0,3651,3680,3650,3665
20190930,0,3642,3654,3638,3639
20191008,0,3636,3649,3630,3642
20191009,0,3642,3660,3640,3648
20191010,0,3655,3655,3643,3648
20191011,0,3650,3650,3639,3641
20191014,0,3641,3648,3631,3641
20191015,0,3634,3649,3634,3634
20191016,0,3631,3643,3630,3637
20191017,0,3642,3643,3632,3639
20191018,0,3635,3640,3634,3639
20191021,0,3636,3640,3630,3630
20191022,0,3630,3635,3609,3618
20191023,0,3616,3629,3610,3618
20191024,0,3629,3640,3609,3624
20191025,0,3619,3627,3613,3617
20191028,0,3617,3625,3617,3620
20191029,0,3618,3624,3614,3622
20191030,0,3624,3624,3617,3620
20191031,0,3620,3649,3618,3629
20191101,0,3628,3630,3620,3624
20191104,0,3624,3630,3621,3621
20191105,0,3624,3631,3596,3615
20191106,0,3615,3620,3610,3620
20191107,0,3620,3626,3610,3619
20191108,0,3619,3624,3610,3610
20191111,0,3610,3617,3603,3603
20191112,0,3605,3614,3605,3605
20191113,0,3610,3616,3608,3610
20191114,0,3608,3614,3606,3612
20191115,0,3611,3625,3607,3612
20191118,0,3611,3626,3610,3621
20191119,0,3622,3756,3589,3620
20191120,0,3620,3620,3612,3619
20191121,0,3614,3619,3603,3613
20191122,0,3615,3615,3603,3603
20191125,0,3608,3613,3604,3608
20191126,0,3609,3614,3605,3608
20191127,0,3605,3609,3591,3593
20191128,0,3598,3598,3565,3565
20191129,0,3576,3577,3563,3575
20191202,0,3572,3577,3534,3544
20191203,0,3536,3544,3502,3508
20191204,0,3508,3515,3435,3439
20191205,0,3440,3461,3417,3423
20191206,0,3426,3449,3425,3436
20191209,0,3432,3448,3419,3419
20191210,0,3429,3450,3310,3418
20191211,0,3423,3424,3383,3400
20191212,0,3406,3406,3390,3396
20191213,0,3396,3403,3388,3389
20191216,0,3410,3418,3380,3403
20191217,0,3398.093714,3409.8688,3395.149942,3398.093714
20191218,0,3397.112457,3405.943772,3386.318627,3386.318627
20191219,0,3385.33737,3388.281142,3374.543541,3381.412341
20191220,0,3387.299885,3397.112457,3336.27451,3343.14331
20191223,0,3337.255767,3360.80594,3317.630623,3352.955882
20191224,0,3363.749712,3363.749712,3339.218281,3347.068339
20191225,0,3343.14331,3343.14331,3215.579873,3303.893022
20191226,0,3297.024221,3316.649366,3288.192907,3306.836794
20191227,0,3320.574394,3332.349481,3300.94925,3311.74308
20191230,0,3307.818051,3319.593137,3303.893022,3316.649366
20191231,0,3312.724337,3312.724337,3268.567762,3303.893022
20200102,0,3305.855536,3309.780565,3290.155421,3296.042964
20200103,0,3290.155421,3306.836794,3278.380334,3285.249135
20200106,0,3281.324106,3292.117935,3262.680219,3263.661476
20200107,0,3258.75519,3277.399077,3258.75519,3275.436563
20200108,0,3270.530277,3306.836794,3263.661476,3286.230392
20200109,0,3284.267878,3295.061707,3276.41782,3276.41782
20200110,0,3276.41782,3294.08045,3276.41782,3285.249135
20200113,0,3287.211649,3298.986736,3279.361592,3298.005479
20200114,0,3293.099193,3309.780565,3289.174164,3298.986736
20200115,0,3297.024221,3300.94925,3277.399077,3278.380334
20200116,0,3285.249135,3289.174164,3278.380334,3284.267878
20200117,0,3285.249135,3297.024221,3275.436563,3276.41782
20200120,0,3280.342849,3292.117935,3271.511534,3277.399077
20200121,0,3275.436563,3285.249135,3275.436563,3277.399077
20200122,0,3284.267878,3284.267878,3261.698962,3262.680219
20200123,0,3252.867647,3271.511534,3249.923875,3264.642734
20200203,0,3261.698962,3341.180796,3218.523645,3305.855536
20200204,0,3316.649366,3333.330738,3298.986736,3319.593137
20200205,0,3321.555652,3331.368224,3294.08045,3320.574394
20200206,0,3320.574394,3340.199539,3314.686851,3337.255767
20200207,0,3341.180796,3363.749712,3326.461938,3353.93714
20200210,0,3360.80594,3364.730969,3301.930507,3349.030854
20200211,0,3350.012111,3355.899654,3324.499423,3330.386967
20200212,0,3326.461938,3346.087082,3326.461938,3332.349481
20200213,0,3335.293253,3346.087082,3331.368224,3336.27451
20200214,0,3343.14331,3343.14331,3288.192907,3319.593137
20200217,0,3324.499423,3449.119089,3324.499423,3449.119089
20200218,0,3424.587659,3430.475202,3380.431084,3385.33737
20200219,0,3390.243656,3414.775087,3389.262399,3395.149942
20200220,0,3379.449827,3398.093714,3373.562284,3382.393599
20200221,0,3389.262399,3399.074971,3378.46857,3380.431084
20200224,0,3380.431084,3485.425606,3380.431084,3410.850058
20200225,0,3404.962514,3418.700115,3375.524798,3400.056228
20200226,0,3405.943772,3435.381488,3385.33737,3401.037486
20200227,0,3412.812572,3413.793829,3387.299885,3391.224913
20200228,0,3391.224913,3396.1312,3350.993368,3360.80594
20200302,0,3365.712226,3408.887543,3334.311995,3386.318627
20200303,0,3391.224913,3410.850058,3379.449827,3390.243656
20200304,0,3395.149942,3416.737601,3380.431084,3389.262399
20200305,0,3400.056228,3403.981257,3382.393599,3399.074971
20200306,0,3404.962514,3414.775087,3388.281142,3393.187428
20200309,0,3387.299885,3388.281142,3316.649366,3350.012111
20200310,0,3373.562284,3375.524798,3330.386967,3346.087082
20200311,0,3346.087082,3349.030854,3318.61188,3322.536909
20200312,0,3302.911765,3320.574394,3290.155421,3309.780565
20200313,0,3301.930507,3314.686851,3285.249135,3292.117935
20200316,0,3292.117935,3316.649366,3278.380334,3280.342849
20200317,0,3295.061707,3295.061707,3239.130046,3271.511534
20200318,0,3263.661476,3297.024221,3260.717705,3270.530277
20200319,0,3270.530277,3295.061707,3243.055075,3283.286621
20200320,0,3283.286621,3295.061707,3260.717705,3279.361592
20200323,0,3271.511534,3363.749712,3271.511534,3340.199539
20200324,0,3326.461938,3367.67474,3302.911765,3318.61188
20200325,0,3318.61188,3350.012111,3318.61188,3340.199539
20200326,0,3340.199539,3372.581027,3332.349481,3360.80594
20200327,0,3359.862159,3425.926864,3309.841739,3340.042747
20200330,0,3377.794007,3491.991569,3359.862159,3467.45325
20200331,0,3463.678124,3475.003502,3402.332326,3422.151738
20200401,0,3424.983082,3435.364679,3341.93031,3357.974596
20200402,0,3359.862159,3414.601486,3306.066613,3368.356192
20200403,0,3382.512915,3405.163671,3341.93031,3362.693503
20200407,0,3372.131318,3394.782074,3334.380058,3385.344259
20200408,0,3367.412411,3382.512915,3345.705436,3352.311906
20200409,0,3357.974596,3362.693503,3344.761654,3349.480562
20200410,0,3350.424343,3386.288041,3332.492495,3353.255688
20200413,0,3340.986528,3340.986528,3274.921823,3280.584512
20200414,0,3283.415857,3284.359638,3262.652663,3277.753168
20200415,0,3291.90989,3339.098965,3268.315353,3273.978042
20200416,0,3281.528294,3292.853672,3267.371571,3279.640731
20200417,0,3278.696949,3294.741235,3263.596445,3265.484008
20200420,0,3275.865605,3310.78552,3267.371571,3291.90989
20200421,0,3293.797453,3298.516361,3230.564092,3280.584512
20200422,0,3298.516361,3302.291487,3266.42779,3284.359638
20200423,0,3291.90989,3316.448209,3288.134764,3311.729302
20200424,0,3313.616865,3325.886024,3291.90989,3295.685016
20200427,0,3303.235268,3303.235268,3250.383504,3261.708882
20200428,0,3264.540226,3265.484008,3244.720815,3248.495941
20200429,0,3242.833252,3260.7651,3235.283,3246.608378
20200430,0,3247.552159,3259.821319,3239.058126,3240.945689
20200506,0,3247.552159,3254.15863,3227.732748,3242.833252
20200507,0,3241.88947,3262.652663,3240.001907,3248.495941
20200508,0,3255.102411,3255.102411,3166.38695,3241.88947
20200511,0,3245.664596,3252.271067,3230.564092,3230.564092
20200512,0,3229.620311,3239.058126,3217.351151,3219.238714
20200513,0,3218.294933,3227.732748,3210.744681,3220.182496
20200514,0,3223.01384,3223.957622,3197.53174,3214.519807
20200515,0,3211.688462,3240.945689,3207.913336,3233.395437
20200518,0,3234.339218,3240.001907,3209.800899,3221.126277
20200519,0,3218.294933,3241.88947,3218.294933,3238.114344
20200520,0,3238.114344,3254.15863,3231.507874,3250.383504
20200521,0,3246.608378,3253.214848,3237.170563,3240.001907
20200522,0,3239.058126,3243.777033,3207.913336,3210.744681
20200525,0,3214.519807,3227.732748,3210.744681,3218.294933
20200526,0,3217.351151,3225.845185,3214.519807,3220.182496
20200527,0,3222.070059,3236.226781,3212.632244,3233.395437
20200528,0,3235.283,3287.190983,3231.507874,3260.7651
20200529,0,3265.484008,3268.315353,3244.720815,3256.046193
20200601,0,3256.046193,3273.978042,3249.439722,3252.271067
20200602,0,3259.821319,3270.202916,3252.271067,3257.933756
20200603,0,3254.15863,3259.821319,3247.552159,3250.383504
20200604,0,3252.271067,3254.15863,3240.001907,3240.945689
20200605,0,3238.114344,3264.540226,3238.114344,3255.102411
20200608,0,3256.046193,3267.371571,3243.777033,3266.42779
20200609,0,3265.484008,3274.921823,3241.88947,3250.383504
20200610,0,3251.327285,3258.877537,3249.439722,3254.15863
20200611,0,3260.7651,3274.921823,3254.15863,3258.877537
20200612,0,3260.7651,3261.708882,3241.88947,3248.495941
20200615,0,3255.102411,3265.484008,3250.383504,3265.484008
20200616,0,3267.371571,3270.202916,3256.989974,3263.596445
20200617,0,3268.315353,3269.259134,3250.383504,3254.15863
20200618,0,3254.15863,3258.877537,3252.271067,3256.046193
20200619,0,3255.102411,3258.877537,3244.720815,3244.720815
20200622,0,3248.495941,3256.046193,3231.507874,3234.339218
20200623,0,3235.283,3235.283,3216.40737,3220.182496
20200624,0,3220.182496,3223.01384,3201.306866,3206.969555
20200629,0,3212.632244,3241.88947,3208.857118,3230.564092
20200630,0,3232.451655,3232.451655,3220.182496,3226.788966
20200701,0,3227.732748,3230.564092,3221.126277,3222.070059
20200702,0,3222.070059,3232.451655,3222.070059,3229.620311
20200703,0,3229.620311,3236.226781,3224.901403,3226.788966
20200706,0,3227.732748,3239.058126,3223.01384,3233.395437
20200707,0,3234.339218,3248.495941,3231.507874,3234.339218
20200708,0,3232.451655,3238.114344,3232.451655,3234.339218
20200709,0,3234.339218,3245.664596,3234.339218,3241.88947
20200710,0,3244.720815,3254.15863,3232.451655,3241.88947
20200713,0,3244.720815,3261.708882,3234.339218,3260.7651
20200714,0,3261.708882,3268.315353,3250.383504,3252.271067
20200715,0,3254.15863,3256.046193,3240.945689,3249.439722
20200716,0,3250.383504,3252.271067,3235.283,3238.114344
20200717,0,3238.114344,3240.001907,3233.395437,3234.339218
20200720,0,3235.283,3254.15863,3234.339218,3249.439722
20200721,0,3246.608378,3256.046193,3237.170563,3244.720815
20200722,0,3242.833252,3251.327285,3232.451655,3240.945689
20200723,0,3242.833252,3250.383504,3240.001907,3248.495941
20200724,0,3250.383504,3280.584512,3245.664596,3265.484008
20200727,0,3265.484008,3282.472075,3233.395437,3271.146697
20200728,0,3274.921823,3409.882578,3273.03426,3318.335772
20200729,0,3322.110898,3340.042747,3298.516361,3311.729302
20200730,0,3312.673083,3337.211402,3303.235268,3315.504428
20200731,0,3307.954176,3328.717369,3304.17905,3319.279554
20200803,0,3336.267621,3336.267621,3309.841739,3325.886024
20200804,0,3322.110898,3322.110898,3292.853672,3300.403924
20200805,0,3298.516361,3307.010394,3273.03426,3282.472075
20200806,0,3283.415857,3283.415857,3260.7651,3263.596445
20200807,0,3265.484008,3279.640731,3265.484008,3269.259134
20200810,0,3269.259134,3295.685016,3265.484008,3271.146697
20200811,0,3271.146697,3274.921823,3225.845185,3230.564092
20200812,0,3230.564092,3241.88947,3176.768547,3184.318799
20200813,0,3190.770385,3201.830248,3175.102246,3188.927075
20200814,0,3191.69204,3211.0468,3183.397143,3206.438524
20200817,0,3207.360179,3213.811766,3192.613696,3195.378661
20200818,0,3199.065282,3202.751903,3178.788867,3188.005419
20200819,0,3193.535351,3193.535351,3180.632178,3186.162109
20200820,0,3191.69204,3194.457006,3184.318799,3189.84873
20200821,0,3188.927075,3198.143627,3187.083764,3189.84873
20200824,0,3188.927075,3193.535351,3179.710522,3185.240454
20200825,0,3187.083764,3191.69204,3182.475488,3186.162109
20200826,0,3189.84873,3206.438524,3187.083764,3202.751903
20200827,0,3195.378661,3208.281834,3192.613696,3193.535351
20200828,0,3190.770385,3203.673558,3165.885694,3171.415625
20200831,0,3176.023902,3176.023902,3144.687624,3153.904176
20200901,0,3161.277418,3161.277418,3147.45259,3150.217555
20200902,0,3154.825831,3161.277418,3146.530934,3148.374245
20200903,0,3140.079348,3152.060866,3105.978105,3107.821415
20200904,0,3107.821415,3130.309269,3078.137448,3120.414613
20200907,0,3101.524816,3131.208783,3085.333561,3124.01267
20200908,0,3124.01267,3133.007811,3116.816557,3122.213641
20200909,0,3125.811698,3159.093722,3099.725788,3102.42433
20200910,0,3120.414613,3122.213641,3088.931618,3108.720929
20200911,0,3111.419472,3132.108297,3104.223358,3113.2185
20200914,0,3113.2185,3137.505382,3111.419472,3136.605868
20200915,0,3137.505382,3150.998095,3123.113156,3126.711212
20200916,0,3127.610726,3138.404896,3124.912184,3128.510241
20200917,0,3130.309269,3131.208783,3105.122872,3108.720929
20200918,0,3105.122872,3133.007811,3104.223358,3126.711212
20200921,0,3126.711212,3132.108297,3114.118014,3120.414613
20200922,0,3119.515099,3125.811698,3095.228217,3119.515099
20200923,0,3116.816557,3130.309269,3102.42433,3103.323844
20200924,0,3095.228217,3110.519957,3095.228217,3107.821415
20200925,0,3109.620443,3111.419472,3099.725788,3106.022387
20200928,0,3105.122872,3121.314127,3105.122872,3107.821415
20200929,0,3104.223358,3109.620443,3099.725788,3107.821415
20200930,0,3106.921901,3113.2185,3100.625302,3109.620443
20201009,0,3128.510241,3130.309269,3110.519957,3116.816557
20201012,0,3115.917042,3124.912184,3059.24765,3100.625302
20201013,0,3103.323844,3115.917042,3078.137448,3083.534533
20201014,0,3090.730646,3092.529674,3079.936476,3087.132589
20201015,0,3086.233075,3097.027245,3085.333561,3089.831132
20201016,0,3088.032103,3092.529674,3078.137448,3088.931618
20201019,0,3085.333561,3116.816557,3085.333561,3115.917042
20201020,0,3115.917042,3120.414613,3077.237934,3093.429188
20201021,0,3093.429188,3110.519957,3086.233075,3107.821415
20201022,0,3108.720929,3116.816557,3098.826273,3101.524816
20201023,0,3105.122872,3169.887892,3096.127731,3160.89275
20201026,0,3160.89275,3164.490807,3122.213641,3140.203925
20201027,0,3140.203925,3208.567001,3137.505382,3140.203925
20201028,0,3131.208783,3153.696637,3125.811698,3145.60101
20201029,0,3133.007811,3150.998095,3122.213641,3131.208783
20201030,0,3128.510241,3144.701495,3124.912184,3134.80684
20201102,0,3120.610149,3180.058792,3120.610149,3147.228944
20201103,0,3146.341651,3160.538342,3141.017892,3153.439997
20201104,0,3153.439997,3156.989169,3138.356012,3149.890824
20201105,0,3150.778117,3166.749395,3149.890824,3153.439997
20201106,0,3149.003531,3159.651049,3101.089698,3149.003531
20201109,0,3158.763756,3184.495258,3148.116238,3172.960447
20201110,0,3160.538342,3180.058792,3160.538342,3167.636688
20201111,0,3167.636688,3173.84774,3164.974808,3168.523981
20201112,0,3163.200222,3167.636688,3159.651049,3163.200222
20201113,0,3163.200222,3172.073154,3161.425635,3164.974808
20201116,0,3164.974808,3165.862101,3148.116238,3148.116238
20201117,0,3148.116238,3156.101876,3135.694133,3139.243306
20201118,0,3146.341651,3159.651049,3124.159321,3157.876463
20201119,0,3141.905185,3163.200222,3141.905185,3153.439997
20201120,0,3159.5547,3165.669404,3146.451764,3146.451764
20201123,0,3145.578235,3151.692939,3138.590002,3138.590002
20201124,0,3138.590002,3165.669404,3129.854711,3131.60177
20201125,0,3127.234124,3135.969415,3119.372362,3124.613537
20201126,0,3120.245891,3128.981182,3102.77531,3119.372362
20201127,0,3115.878246,3138.590002,3115.878246,3136.842944
20201130,0,3136.842944,3156.060584,3115.004717,3118.498833
20201201,0,3122.866479,3131.60177,3105.395897,3117.625304
20201202,0,3116.751775,3131.60177,3113.257659,3122.866479
20201203,0,3119.372362,3165.669404,3114.131188,3162.175288
20201204,0,3163.048817,3217.20762,3162.175288,3178.77234
20201207,0,3178.77234,3201.484096,3153.439997,3163.048817
20201208,0,3163.922346,3179.645869,3157.807642,3175.278224
20201209,0,3173.531166,3188.38116,3149.072351,3154.313526
20201210,0,3152.566468,3162.175288,3148.198822,3155.187055
20201211,0,3149.94588,3158.681171,3137.716473,3147.325293
20201214,0,3140.33706,3156.060584,3140.33706,3153.439997
20201215,0,3157.807642,3157.807642,3127.234124,3148.198822
20201216,0,3151.692939,3151.692939,3132.475299,3135.969415
20201217,0,3138.590002,3139.463531,3128.981182,3133.348828
20201218,0,3140.33706,3180.519398,3122.866479,3153.439997
20201221,0,3162.175288,3162.175288,3136.842944,3155.187055
20201222,0,3154.313526,3166.542933,3149.072351,3165.669404
20201223,0,3167.416462,3178.77234,3155.187055,3160.428229
20201224,0,3160.428229,3163.922346,3149.94588,3150.819409
20201225,0,3152.566468,3161.301758,3142.957648,3147.325293
20201228,0,3152.566468,3165.669404,3133.348828,3165.669404
20201229,0,3166.542933,3194.495864,3144.704706,3149.94588
20201230,0,3152.566468,3158.681171,3142.084119,3154.313526
20201231,0,3154.313526,3167.416462,3147.325293,3163.922346
20210104,0,3175.19111,3175.19111,3156.987721,3160.455034
20210105,0,3164.789174,3172.590626,3152.653581,3156.120893
20210106,0,3157.854549,3162.18869,3148.319441,3153.520409
20210107,0,3154.387237,3183.859391,3147.452613,3167.389658
20210108,0,3168.256486,3183.859391,3156.120893,3175.19111
20210111,0,3176.057938,3233.268589,3176.057938,3201.195951
20210112,0,3202.062779,3213.331544,3168.256486,3200.329123
20210113,0,3202.062779,3220.266168,3197.728639,3202.929608
20210114,0,3202.062779,3215.932028,3196.861811,3201.195951
20210115,0,3201.195951,3208.130576,3187.326703,3188.193531
20210118,0,3190.794015,3212.464716,3187.326703,3212.464716
20210119,0,3215.0652,3221.999824,3190.794015,3196.861811
20210120,0,3199.462295,3203.796436,3173.457454,3188.193531
20210121,0,3185.593047,3189.927187,3163.055518,3177.791594
20210122,0,3173.457454,3179.52525,3125.781912,3127.515568
20210125,0,3130.116052,3154.387237,3117.98046,3138.784333
20210126,0,3138.784333,3163.922346,3138.784333,3156.987721
20210127,0,3157.854074,3167.383949,3153.522312,3156.987721
20210128,0,3156.987721,3160.453131,3136.195267,3147.457846
20210129,0,3150.056903,3159.586778,3144.858789,3155.255017
20210201,0,3155.255017,3169.116653,3149.190551,3166.517597
20210202,0,3166.517597,3170.849358,3158.720426,3166.517597
20210203,0,3163.91854,3177.780176,3161.319483,3171.71571
20210204,0,3174.314767,3175.181119,3159.586778,3169.116653
20210205,0,3169.983006,3179.512881,3168.250301,3175.181119
20210208,0,3174.314767,3177.780176,3164.784892,3165.651244
20210209,0,3165.651244,3169.983006,3150.923255,3158.720426
20210210,0,3158.720426,3169.116653,3143.126085,3168.250301
20210218,0,3168.250301,3204.637097,3148.324199,3156.121369
20210219,0,3157.854074,3166.517597,3154.388665,3156.121369
20210222,0,3156.987721,3163.91854,3152.65596,3152.65596
20210223,0,3152.65596,3162.185835,3152.65596,3161.319483
20210224,0,3162.185835,3164.784892,3150.056903,3151.789608
20210225,0,3152.65596,3157.854074,3135.328914,3138.794323
20210226,0,3138.794323,3156.987721,3127.531744,3154.388665
20210301,0,3157.854074,3162.185835,3134.462562,3134.462562
20210302,0,3134.462562,3137.038833,3085.513421,3089.807205
20210303,0,3090.665962,3114.711154,3087.230934,3113.852397
20210304,0,3110.41737,3118.146182,3093.242232,3101.829801
20210305,0,3104.406072,3104.406072,3075.208338,3075.208338
20210308,0,3079.502123,3099.25353,3074.349581,3088.948448
20210309,0,3107.841099,3112.99364,3092.383476,3103.547315
20210310,0,3104.406072,3116.428668,3101.829801,3109.558613
20210311,0,3110.41737,3126.73375,3106.982342,3126.73375
20210312,0,3127.592507,3127.592507,3112.99364,3115.569911
20210315,0,3114.711154,3133.603805,3109.558613,3132.745048
20210316,0,3129.310021,3137.897589,3117.287425,3133.603805
20210317,0,3133.603805,3145.626401,3128.451264,3132.745048
20210318,0,3130.168778,3147.343915,3125.874993,3136.180076
20210319,0,3137.038833,3167.95408,3133.603805,3161.942782
20210322,0,3155.931484,3161.942782,3096.67726,3126.73375
20210323,0,3130.168778,3153.355213,3109.558613,3152.496456
20210324,0,3152.496456,3153.355213,3078.643366,3079.502123
20210325,0,3080.360879,3089.807205,3076.925852,3079.502123
20210326,0,3084.654664,3087.230934,3058.891958,3073.490825
20210329,0,3074.349581,3098.394774,3064.044499,3093.242232
20210330,0,3084.654664,3097.536017,3059.750715,3061.468228
20210331,0,2961.852432,3068.338283,2961.852432,3052.021903
20210401,0,3053.729328,3056.290465,3031.532805,3040.069929
20210402,0,3047.753341,3060.559027,3034.093942,3058.851602
20210406,0,3049.460766,3057.144177,3032.386517,3042.631066
20210407,0,3039.216217,3050.314478,3034.947654,3040.069929
20210408,0,3035.801367,3071.657289,3035.801367,3054.58304
20210409,0,3053.729328,3067.388726,3046.045916,3063.120164
20210412,0,3056.290465,3103.244648,3056.290465,3086.1704
20210413,0,3095.561236,3101.537223,3087.877825,3093.853811
20210414,0,3086.1704,3109.220635,3086.1704,3101.537223
20210415,0,3102.390936,3112.635485,3099.829798,3110.92806
20210416,0,3107.51321,3122.880034,3107.51321,3111.781772
20210419,0,3112.635485,3119.465184,3099.829798,3102.390936
20210420,0,3106.659498,3110.074347,3092.146387,3109.220635
20210421,0,3099.829798,3119.465184,3099.829798,3111.781772
20210422,0,3112.635485,3122.880034,3110.074347,3121.172609
20210423,0,3127.148596,3132.27087,3116.050334,3120.318896
20210426,0,3123.733746,3125.441171,3108.366923,3108.366923
20210427,0,3104.952073,3111.781772,3101.537223,3104.09836
20210428,0,3099.829798,3111.781772,3093.000099,3105.805785
20210429,0,3102.390936,3109.220635,3101.537223,3108.366923
20210430,0,3111.805382,3115.243841,3107.507308,3110.086152
20210506,0,3111.805382,3180.574561,3110.945767,3112.664996
20210507,0,3111.805382,3126.418832,3111.805382,3122.980373
20210510,0,3120.401529,3123.839988,3111.805382,3111.805382
20210511,0,3118.6823,3118.6823,3095.472701,3101.490005
20210512,0,3098.91116,3110.945767,3095.472701,3103.209234
20210513,0,3106.647693,3113.524611,3098.91116,3105.788078
20210514,0,3104.068849,3110.945767,3104.068849,3104.928464
20210517,0,3107.507308,3110.945767,3080.859251,3098.91116
20210518,0,3095.472701,3102.349619,3093.753472,3094.613087
20210519,0,3091.174628,3100.63039,3091.174628,3091.174628
20210520,0,3090.315013,3092.893857,3073.982333,3076.561177
20210521,0,3075.701562,3081.718865,3069.684259,3074.841947
20210524,0,3076.561177,3077.420792,3043.036202,3055.930423
20210525,0,3055.930423,3077.420792,3055.930423,3068.824644
20210526,0,3073.982333,3076.561177,3057.649653,3067.105415
20210527,0,3067.96503,3072.263103,3059.368882,3061.947726
20210528,0,3064.526571,3070.543874,3058.509267,3061.088112
20210531,0,3057.682172,3062.791081,3046.612869,3052.573263
20210601,0,3054.276233,3054.276233,3032.137626,3038.09802
20210602,0,3038.09802,3038.09802,3008.29605,3009.999019
20210603,0,3009.147534,3027.028717,3002.335655,3013.404959
20210604,0,3016.810898,3026.177232,3010.850504,3018.513868
20210607,0,3018.513868,3024.474262,3011.701989,3013.404959
20210608,0,3009.147534,3015.107929,2998.929716,3012.553474
20210609,0,3014.256444,3015.959413,3004.038625,3005.741595
20210610,0,3005.741595,3005.741595,2996.375261,2997.226746
20210611,0,2998.078231,3014.256444,2998.078231,3010.850504
20210615,0,3008.29605,3011.701989,2999.781201,3005.741595
20210616,0,3005.741595,3009.999019,3002.335655,3004.038625
20210617,0,3005.741595,3012.553474,3002.335655,3012.553474
20210618,0,3009.999019,3023.622777,3005.741595,3015.959413
20210621,0,3013.404959,3018.513868,3006.59308,3007.444565
20210622,0,3006.59308,3010.850504,3000.632686,3005.741595
20210623,0,3004.038625,3009.147534,3002.335655,3007.444565
20210624,0,3005.741595,3009.999019,2990.414867,2996.375261
20210625,0,2995.523776,3001.484171,2987.860413,2995.523776
20210628,0,2997.226746,3007.444565,2987.860413,3003.18714
20210629,0,3006.59308,3013.404959,2997.226746,3004.038625
20210630,0,3003.18569,3004.891561,2995.509271,3000.626883
20210701,0,3001.479819,3002.332754,2991.244594,2998.921013
20210702,0,3000.626883,3010.862109,2998.068077,3004.891561
20210705,0,3005.744496,3012.56798,2998.068077,3007.450367
20210706,0,3009.156238,3010.862109,3000.626883,3000.626883
20210707,0,3002.332754,3003.18569,2993.8034,2994.656335
20210708,0,2994.656335,3001.479819,2992.950464,2998.921013
20210709,0,2996.362206,2996.362206,2985.274045,2989.538723
20210712,0,2989.538723,2995.509271,2981.009368,2987.832852
20210713,0,2987.832852,2991.244594,2980.156433,2989.538723
20210714,0,2990.391658,3004.891561,2988.685787,2999.773948
20210715,0,3000.626883,3004.038625,2996.362206,2999.773948
20210716,0,2999.773948,3002.332754,2989.538723,2992.097529
20210719,0,2991.244594,3007.450367,2990.391658,3004.038625
20210720,0,3006.597432,3031.332559,3003.18569,3010.862109
20210721,0,3024.509076,3024.509076,2998.921013,3001.479819
20210722,0,3006.597432,3010.862109,2999.773948,3007.450367
20210723,0,3008.303302,3010.009173,3003.18569,3004.891561
20210726,0,3005.744496,3010.862109,2990.391658,3008.303302
20210727,0,3008.303302,3010.009173,2986.979916,2992.097529
20210728,0,2990.391658,2998.068077,2987.832852,2991.244594
20210729,0,2991.244594,3006.597432,2987.832852,3003.18569
20210730,0,3003.18569,3012.546711,3000.632684,3003.18569
20210802,0,3003.18569,3004.887694,2988.718658,2991.271663
20210803,0,2989.569659,2997.228676,2989.569659,2994.675671
20210804,0,2994.675671,3004.887694,2992.973667,3002.334688
20210805,0,3003.18569,3003.18569,2998.93068,3002.334688
20210806,0,3002.334688,3004.887694,2999.781682,2999.781682
20210809,0,2998.079678,3009.993705,2997.228676,3009.142703
20210810,0,3012.546711,3012.546711,2999.781682,3004.887694
20210811,0,3008.291701,3009.142703,2999.781682,3004.887694
20210812,0,3006.589697,3009.993705,3002.334688,3008.291701
20210813,0,3010.844707,3016.80172,3004.036692,3005.738695
20210816,0,3007.440699,3010.844707,3003.18569,3008.291701
20210817,0,3011.695709,3013.397712,3004.887694,3013.397712
20210818,0,3016.80172,3016.80172,3003.18569,3006.589697
20210819,0,3009.142703,3009.142703,2992.122665,2992.122665
20210820,0,2990.420661,2993.824669,2983.612646,2987.867656
20210823,0,2987.867656,2992.122665,2979.357637,2984.463648
20210824,0,2985.31465,2999.781682,2983.612646,2997.228676
20210825,0,2997.228676,2999.781682,2991.271663,2993.824669
20210826,0,2992.122665,2999.781682,2987.016654,2991.271663
20210827,0,2991.271663,3004.887694,2978.506635,2998.93068
20210830,0,2998.93068,2999.781682,2988.718658,2991.271663
20210831,0,2990.420661,2995.526673,2983.612646,2991.271663
20210901,0,2992.122181,2992.122181,2982.766484,2987.869591
20210902,0,2987.869591,2988.720109,2962.354053,2984.46752
20210903,0,2986.168555,2989.570627,2982.766484,2987.019073
20210906,0,2986.168555,2989.570627,2978.513894,2979.364412
20210907,0,2981.065448,2981.065448,2968.307678,2969.158196
20210908,0,2968.307678,2969.158196,2952.998355,2953.848873
20210909,0,2959.802499,2964.905606,2952.147837,2962.354053
20210910,0,2960.653017,2975.111822,2955.549909,2975.111822
20210913,0,2971.70975,2976.812858,2964.905606,2967.45716
20210914,0,2970.008714,2975.111822,2959.802499,2975.111822
20210915,0,2975.111822,2975.96234,2962.354053,2962.354053
20210916,0,2962.354053,2969.158196,2959.802499,2961.503535
20210917,0,2967.45716,2970.859232,2958.951981,2970.859232
20210922,0,2970.859232,2984.46752,2952.147837,2954.699391
20210923,0,2952.998355,2972.560268,2947.044729,2947.044729
20210924,0,2951.297319,2951.297319,2941.941622,2948.745765
20210927,0,2950.446801,2952.147837,2936.838514,2939.390068
20210928,0,2941.091104,2958.951981,2936.838514,2957.250945
20210929,0,2955.549909,3083.978121,2946.194211,2960.653017
20210930,0,2960.653017,2964.082676,2951.221455,2960.653017
20211008,0,2966.65492,2971.799408,2952.936284,2953.793699
20211011,0,2955.508528,2957.223358,2947.791796,2949.506625
20211012,0,2949.506625,2949.506625,2923.784184,2932.358331
20211013,0,2930.643502,2936.645405,2923.784184,2925.499013
20211014,0,2922.069354,2925.499013,2910.922963,2912.637793
20211015,0,2919.49711,2923.784184,2904.92106,2922.069354
20211018,0,2920.354525,2929.786087,2916.067451,2929.786087
20211019,0,2928.071257,2929.786087,2920.354525,2924.641599
20211020,0,2928.928672,2931.500916,2919.49711,2924.641599
20211021,0,2925.499013,2925.499013,2914.352622,2914.352622
20211022,0,2911.780378,2936.645405,2905.778475,2936.645405
20211025,0,2939.217649,2972.656823,2932.358331,2967.512334
20211026,0,2970.941993,2989.805117,2958.938187,2964.94009
20211027,0,2966.65492,2972.656823,2935.78799,2941.789893
20211028,0,2949.506625,2954.651114,2936.645405,2950.36404
20211029,0,2957.223358,2961.510431,2930.643502,2942.647308
20211101,0,2942.647308,2948.58862,2905.301913,2907.84819
20211102,0,2908.696949,2947.739861,2902.755637,2947.739861
20211103,0,2953.681174,3057.229767,2947.739861,3012.245542
20211104,0,3013.94306,3033.464516,2958.773728,2968.110076
20211105,0,2971.505112,2977.446425,2941.798549,2950.286138
20211108,0,2955.378692,2960.471246,2929.915923,2937.554754
20211109,0,2940.101031,2984.236497,2937.554754,2968.110076
20211110,0,2961.320005,2975.748907,2937.554754,2957.07621
20211111,0,2956.227451,2957.07621,2936.705995,2942.647308
20211112,0,2944.344826,2966.412558,2929.067164,2949.437379
20211115,0,2949.437379,2961.320005,2940.101031,2951.134897
20211116,0,2957.924969,2958.773728,2940.94979,2949.437379
20211117,0,2939.252272,2949.437379,2939.252272,2940.101031
20211118,0,2945.193584,2945.193584,2920.579575,2922.277093
20211119,0,2920.579575,2931.613441,2915.487021,2919.730816
20211122,0,2916.33578,2922.277093,2869.654037,2893.419288
20211123,0,2900.20936,2901.906878,2890.873011,2893.419288
20211124,0,2887.477975,2898.511842,2881.536663,2896.814324
20211125,0,2898.511842,2915.487021,2890.024252,2904.453155
20211126,0,2901.058119,2923.974611,2901.058119,2909.545708
20211129,0,2918.033298,2918.033298,2897.663083,2901.906878
20211130,0,2898.511842,2908.696949,2886.629216,2887.477975
20211201,0,2892.570529,2896.814324,2886.629216,2895.965565
20211202,0,2886.742745,2898.48088,2877.519924,2885.065868
20211203,0,2892.611812,2892.611812,2869.135542,2883.388992
20211206,0,2877.519924,2888.419621,2863.266475,2869.135542
20211207,0,2875.843048,2875.843048,2858.235846,2859.074284
20211208,0,2861.589598,2862.428037,2828.05207,2833.082699
20211209,0,2846.497711,2848.174587,2812.960182,2825.536756
20211210,0,2824.698317,2827.213632,2800.383609,2816.313935
20211213,0,2821.344565,2822.183003,2808.767991,2816.313935
20211214,0,2816.313935,2820.506126,2806.252677,2812.121744
20211215,0,2812.121744,2812.121744,2802.898924,2807.091115
20211216,0,2804.5758,2810.444868,2786.13016,2807.091115
20211217,0,2803.737362,2820.506126,2802.898924,2811.283306
20211220,0,2812.960182,2818.82925,2803.737362,2806.252677
20211221,0,2805.414239,2807.929553,2786.13016,2788.645475
20211222,0,2788.645475,2794.514542,2781.937969,2784.453283
20211223,0,2784.453283,2811.283306,2784.453283,2799.545171
20211224,0,2796.191418,2844.820834,2796.191418,2817.990812
20211227,0,2817.990812,2826.375194,2811.283306,2812.960182
20211228,0,2816.313935,2816.313935,2794.514542,2796.191418
20211229,0,2798.706733,2802.898924,2779.422654,2781.937969
20211230,0,2782.776407,2791.999227,2777.745778,2781.099531
20211231,0,2781.099531,2789.483913,2779.422654,2786.13016
20220104,0,2793.575282,2793.575282,2774.548859,2777.857802
20220105,0,2772.894387,2787.784631,2772.894387,2786.957396
20220106,0,2782.821217,2790.266339,2776.20333,2777.030566
20220107,0,2778.685038,2780.339509,2772.894387,2774.548859
20220110,0,2773.721623,2777.030566,2760.48585,2760.48585
20220111,0,2760.48585,2767.103737,2760.48585,2765.449265
20220112,0,2769.585444,2786.13016,2764.622029,2785.302924
20220113,0,2783.648452,2788.611867,2776.20333,2780.339509
20220114,0,2781.166745,2796.056989,2777.030566,2777.857802
20220117,0,2781.993981,2786.957396,2775.376095,2781.993981
20220118,0,2780.339509,2784.475688,2757.176907,2759.658614
20220119,0,2757.176907,2767.103737,2756.349671,2767.103737
20220120,0,2767.103737,2767.103737,2761.313086,2764.622029
20220121,0,2765.449265,2770.41268,2757.176907,2760.48585
20220124,0,2757.176907,2763.794793,2757.176907,2760.48585
20220125,0,2760.48585,2778.685038,2759.658614,2777.857802
20220126,0,2777.857802,2792.748046,2769.585444,2779.512274
20220127,0,2784.475688,2784.475688,2765.449265,2769.585444
20220128,0,2771.239916,2775.376095,2764.622029,2772.894387
20220207,0,2772.894387,2786.13016,2770.41268,2783.648452
20220208,0,2781.166745,2790.266339,2778.685038,2786.957396
20220209,0,2791.093575,2801.020404,2777.857802,2782.821217
20220210,0,2787.784631,2791.92081,2765.449265,2769.585444
20220211,0,2769.585444,2774.548859,2766.276501,2774.548859
20220214,0,2776.953147,2815.421762,2775.350288,2814.620333
20220215,0,2821.833198,2821.833198,2792.981737,2803.40032
20220216,0,2804.201749,2804.201749,2784.967442,2787.37173
20220217,0,2784.166012,2798.591743,2772.946,2778.556006
20220218,0,2777.754577,2790.577448,2777.754577,2783.364583
20220221,0,2786.570301,2786.570301,2768.137423,2770.541711
20220222,0,2768.137423,2776.151718,2767.335993,2775.350288
20220223,0,2776.953147,2777.754577,2756.91741,2760.123128
20220224,0,2759.321699,2786.570301,2752.910263,2783.364583
20220225,0,2788.17316,2902.777575,2761.725987,2770.541711
20220228,0,2773.747429,2795.386025,2764.931705,2792.981737
20220301,0,2794.584596,2804.201749,2788.974589,2800.194602
20220302,0,2800.996032,2813.017474,2791.378878,2803.40032
20220303,0,2806.606038,2825.038916,2793.783166,2823.436057
20220304,0,2827.443204,2827.443204,2801.797461,2810.613185
20220307,0,2813.818903,2821.031769,2797.790314,2805.804608
20220308,0,2805.003179,2807.407467,2790.577448,2796.988884
20220309,0,2798.591743,2802.598891,2792.180307,2796.988884
20220310,0,2792.981737,2792.981737,2772.946,2776.953147
20220311,0,2777.754577,2785.768871,2777.754577,2780.158865
20220314,0,2776.953147,2778.556006,2763.328846,2766.534564
20220315,0,2768.137423,2769.740282,2748.903115,2754.513122
20220316,0,2747.300256,2758.520269,2732.073096,2740.087391
20220317,0,2743.293109,2743.293109,2717.647366,2719.250225
20220318,0,2725.66166,2730.470237,2721.654513,2724.058802
20220321,0,2725.66166,2730.470237,2719.250225,2728.065949
20220322,0,2724.860231,2739.285962,2724.860231,2731.271667
20220323,0,2734.477385,2734.477385,2728.065949,2728.867378
20220324,0,2732.073096,2736.080244,2727.264519,2731.271667
20220325,0,2728.867378,2738.484532,2724.860231,2727.264519
20220328,0,2730.470237,2730.470237,2721.654513,2723.257372
20220329,0,2723.257372,2724.860231,2714.441648,2719.250225
20220330,0,2716.845936,2720.051654,2710.4345,2713.640218
20220331,0,2715.243077,2728.867378,2715.243077,2719.250225
20220401,0,2713.640218,2719.250225,2687.193045,2695.20734
20220406,0,2700.817347,2701.618776,2680.78161,2696.00877
20220407,0,2695.20734,2700.817347,2689.597334,2699.214488
20220408,0,2700.015917,2701.618776,2690.398763,2692.001622
20220411,0,2688.795904,2694.405911,2667.958738,2670.363026
20220412,0,2669.561597,2674.370174,2661.547302,2669.561597
20220413,0,2668.760167,2680.78161,2667.958738,2679.98018
20220414,0,2681.583039,2684.788757,2674.370174,2683.185898
20220415,0,2683.185898,2684.788757,2670.363026,2673.568744
20220418,0,2675.973033,2772.946,2675.973033,2706.427353
20220419,0,2695.377489,2711.163009,2695.377489,2701.691697
20220420,0,2696.166765,2708.005905,2694.588213,2700.902421
20220421,0,2700.902421,2707.216629,2697.745317,2701.691697
20220422,0,2705.638077,2707.216629,2698.534593,2707.216629
20220425,0,2710.373733,2741.944772,2704.059525,2720.634321
20220426,0,2716.687941,2736.41984,2707.216629,2713.530837
20220427,0,2711.163009,2720.634321,2709.584457,2715.898665
20220428,0,2716.687941,2719.055769,2696.956041,2701.691697
20220429,0,2699.323869,2704.848801,2689.063281,2701.691697
20220505,0,2713.530837,2713.530837,2698.534593,2701.691697
20220506,0,2696.210004,2707.17339,2696.210004,2702.474796
20220509,0,2702.474796,2709.522687,2699.3424,2703.257895
20220510,0,2704.040994,2721.269173,2703.257895,2717.353678
20220511,0,2715.78748,2722.835371,2706.390291,2711.088886
20220512,0,2713.438183,2715.004381,2695.426905,2700.908598
20220513,0,2700.908598,2703.257895,2697.776202,2700.908598
20220516,0,2700.908598,2722.835371,2697.776202,2711.088886
20220517,0,2711.088886,2715.78748,2700.908598,2701.691697
20220518,0,2701.691697,2711.871985,2700.125499,2702.474796
20220519,0,2704.040994,2707.17339,2692.294509,2693.860707
20220520,0,2694.643806,2695.426905,2681.331122,2682.89732
20220523,0,2682.114221,2686.029716,2609.28601,2660.187448
20220524,0,2653.139556,2660.970547,2646.874764,2650.00716
20220525,0,2653.922655,2660.970547,2650.790259,2653.139556
20220526,0,2651.573358,2654.705754,2639.826873,2653.139556
20220527,0,2650.00716,2657.838151,2635.911377,2639.043774
20220530,0,2640.609972,2668.801537,2637.477576,2661.753646
20220531,0,2662.536745,2665.669141,2643.742368,2646.091665
20220601,0,2645.308566,2646.874764,2631.995882,2641.393071
20220602,0,2642.959269,2645.308566,2632.778981,2634.345179
20220606,0,2636.694477,2639.826873,2625.73109,2628.863486
20220607,0,2629.646585,2633.56208,2624.164892,2628.080387
20220608,0,2628.080387,2628.863486,2618.683199,2624.164892
20220609,0,2625.73109,2653.922655,2623.381793,2627.297288
20220610,0,2614.853014,2631.186124,2614.853014,2621.852918
20220613,0,2623.408452,2624.963987,2614.853014,2617.964083
20220614,0,2620.297384,2628.852822,2614.853014,2619.519617
20220615,0,2622.630685,2625.741754,2617.186316,2620.297384
20220616,0,2628.852822,2628.852822,2619.519617,2621.075151
20220617,0,2620.297384,2622.630685,2606.297576,2607.075343
20220620,0,2607.075343,2608.630877,2593.075535,2598.519905
20220621,0,2598.519905,2603.964275,2587.631166,2589.1867
20220622,0,2585.297864,2591.520001,2569.742522,2575.186892
20220623,0,2577.520193,2584.520097,2573.631358,2582.964563
20220624,0,2584.520097,2587.631166,2576.742426,2583.74233
20220627,0,2582.964563,2590.742234,2580.631262,2589.964467
20220628,0,2589.964467,2596.186604,2582.964563,2596.186604
20220629,0,2595.408837,2599.297672,2585.297864,2593.075535
20220630,0,2597.742138,2599.297672,2588.408933,2592.297768
20220701,0,2593.075535,2595.408837,2576.742426,2582.964563
20220704,0,2584.520097,2586.853398,2579.853494,2582.964563
20220705,0,2590.742234,2593.075535,2579.075727,2591.520001
20220706,0,2588.441272,2596.138094,2576.896039,2584.592861
20220707,0,2584.592861,2593.059365,2529.175742,2579.205086
20220708,0,2578.435404,2584.592861,2572.277946,2575.356675
20220711,0,2576.126357,2583.053497,2573.81731,2577.665721
20220712,0,2577.665721,2585.362543,2576.126357,2579.974768
20220713,0,2579.205086,2583.823179,2574.586992,2576.896039
20220714,0,2576.896039,2581.514132,2573.81731,2576.896039
20220715,0,2576.896039,2581.514132,2563.811442,2564.581124
20220718,0,2564.581124,2569.199217,2559.193348,2564.581124
20220719,0,2563.811442,2567.659853,2559.96303,2561.502395
20220720,0,2562.272077,2584.592861,2557.653984,2582.283815
20220721,0,2585.362543,2590.750319,2569.199217,2579.974768
20220722,0,2582.283815,2593.829048,2575.356675,2585.362543
20220725,0,2585.362543,2586.901908,2576.896039,2577.665721
20220726,0,2578.435404,2580.74445,2571.508264,2574.586992
20220727,0,2576.126357,2579.974768,2573.047628,2577.665721
20220728,0,2576.896039,2577.665721,2569.968899,2572.277946
20220729,0,2573.047628,2585.362543,2567.659853,2580.74445
20220801,0,2579.205086,2581.514132,2573.047628,2575.356675
20220802,0,2575.356675,2594.59873,2573.81731,2588.441272
20220803,0,2595.368412,2595.368412,2576.126357,2580.74445
20220804,0,2577.665721,2582.283815,2574.586992,2576.896039
20220805,0,2577.665721,2582.283815,2576.126357,2577.665721
20220808,0,2576.896039,2582.283815,2573.047628,2578.435404
20220809,0,2576.906082,2579.964725,2575.376761,2576.906082
20220810,0,2577.670743,2579.200064,2570.788798,2576.906082
20220811,0,2579.964725,2579.964725,2447.678448,2570.788798
20220812,0,2573.08278,2573.08278,2566.200835,2570.788798
20220815,0,2571.553458,2579.964725,2566.965495,2579.964725
20220816,0,2577.670743,2622.785716,2574.612101,2605.963184
20220817,0,2607.492505,2614.37445,2596.787257,2610.551147
20220818,0,2613.609789,2637.314267,2605.198523,2631.196982
20220819,0,2631.961643,2644.960872,2621.256395,2638.843588
20220822,0,2638.843588,2656.43078,2617.433092,2632.726303
20220823,0,2630.432321,2630.432321,2604.433862,2607.492505
20220824,0,2609.021826,2618.197753,2602.139881,2603.669202
20220825,0,2607.492505,2607.492505,2583.023367,2588.375991
20220826,0,2586.082009,2589.140651,2571.553458,2579.200064
20220829,0,2580.729385,2592.199294,2577.670743,2577.670743
20220830,0,2579.200064,2583.788027,2565.436174,2568.494816
20220831,0,2568.494816,2573.08278,2562.377532,2567.730156
20220901,0,2567.730156,2569.259477,2547.084321,2552.436945
20220902,0,2548.613642,2576.906082,2547.084321,2575.376761
20220905,0,2575.376761,2586.84667,2570.788798,2579.964725
20220906,0,2579.964725,2588.375991,2576.906082,2586.082009
20220907,0,2585.317349,2586.84667,2580.729385,2584.552688
20220908,0,2584.552688,2602.088001,2581.503068,2599.038382
20220909,0,2600.563191,2605.900026,2598.275977,2603.612811
20220913,0,2606.662431,2617.3361,2600.563191,2606.662431
20220914,0,2604.375216,2612.76167,2602.850406,2607.424836
20220915,0,2607.424836,2613.524075,2600.563191,2611.23686
20220916,0,2609.71205,2615.048885,2602.850406,2607.424836
20220919,0,2607.424836,2611.23686,2600.563191,2611.23686
20220920,0,2610.474455,2612.76167,2602.088001,2605.900026
20220921,0,2605.900026,2608.949646,2600.563191,2605.900026
20220922,0,2605.900026,2607.424836,2601.325596,2604.375216
20220923,0,2603.612811,2608.949646,2596.751167,2605.137621
20220926,0,2603.612811,2608.187241,2599.800786,2601.325596
20220927,0,2602.850406,2608.187241,2601.325596,2606.662431
20220928,0,2607.424836,2611.23686,2592.939142,2595.226357
20220929,0,2594.463952,2598.275977,2585.315093,2591.414332
20220930,0,2591.414332,2592.939142,2583.027878,2590.651927
20221010,0,2589.889522,2596.751167,2571.591804,2574.641424
20221011,0,2572.354209,2579.215854,2569.30459,2576.166234
20221012,0,2576.166234,2584.552688,2570.829399,2570.829399
20221013,0,2571.587086,2572.344772,2444.295798,2550.371871
20221014,0,2548.098812,2562.494851,2546.58344,2552.64493
20221017,0,2555.675675,2570.071713,2548.856499,2555.675675
20221018,0,2556.433361,2573.102458,2555.675675,2560.979478
20221019,0,2563.252537,2569.314027,2560.221792,2566.283282
20221020,0,2566.283282,2583.710065,2563.252537,2581.437007
20221021,0,2576.890889,2591.286928,2573.102458,2588.256183
20221024,0,2589.771555,2592.8023,2579.921634,2591.286928
20221025,0,2589.771555,2589.771555,2576.133203,2585.983124
20221026,0,2584.467752,2585.983124,2570.071713,2570.829399
20221027,0,2570.829399,2572.344772,2564.767909,2572.344772
20221028,0,2570.829399,2570.829399,2557.191047,2560.979478
20221031,0,2560.979478,2566.283282,2557.191047,2562.494851
20221101,0,2559.458719,2572.362278,2558.699687,2564.771949
20221102,0,2566.290015,2572.362278,2561.735818,2563.253884
20221103,0,2564.012916,2581.470672,2561.735818,2573.12131
20221104,0,2571.603245,2582.988737,2570.085179,2579.193573
20221107,0,2579.193573,2592.097131,2577.675507,2589.820033
20221108,0,2589.061,2592.856164,2569.326146,2577.675507
20221109,0,2577.675507,2582.229704,2573.880343,2579.952606
20221110,0,2580.711639,2584.506803,2573.12131,2580.711639
20221111,0,2581.470672,2584.506803,2576.157442,2582.229704
20221114,0,2582.988737,2586.783901,2576.916475,2577.675507
20221115,0,2578.43454,2579.193573,2573.880343,2577.675507
20221116,0,2577.675507,2589.061,2576.916475,2586.783901
20221117,0,2587.542934,2592.097131,2579.193573,2587.542934
20221118,0,2585.265836,2591.338098,2580.711639,2581.470672
20221121,0,2579.952606,2586.024869,2570.844212,2572.362278
20221122,0,2571.603245,2576.157442,2569.326146,2575.398409
20221123,0,2576.157442,2583.74777,2573.12131,2576.157442
20221124,0,2577.675507,2578.43454,2570.085179,2577.675507
20221125,0,2577.675507,2587.542934,2576.157442,2586.024869
20221128,0,2586.024869,2593.615197,2582.988737,2588.301967
20221129,0,2588.301967,2598.928427,2585.265836,2591.338098
20221130,0,2590.579066,2598.169394,2582.229704,2596.651328
20221201,0,2598.928427,2599.68746,2579.952606,2585.265836
20221202,0,2586.029803,2589.84964,2582.973933,2587.557738
20221205,0,2585.265836,2597.489315,2583.737901,2595.96138
20221206,0,2595.96138,2601.309152,2592.90551,2595.197413
20221207,0,2595.197413,2599.781217,2592.90551,2595.197413
20221208,0,2594.433445,2595.96138,2582.209966,2586.029803
20221209,0,2585.265836,2586.793771,2582.209966,2585.265836
20221212,0,2585.265836,2586.029803,2565.402682,2566.16665
20221213,0,2565.402682,2571.514422,2564.638715,2568.458552
20221214,0,2566.930617,2576.098226,2563.11078,2569.222519
20221215,0,2568.458552,2574.570292,2566.16665,2569.986487
20221216,0,2569.222519,2574.570292,2566.930617,2572.278389
20221219,0,2570.750454,2571.514422,2566.930617,2567.694585
20221220,0,2569.222519,2569.222519,2563.874747,2565.402682
20221221,0,2565.402682,2569.222519,2559.290943,2567.694585
20221222,0,2568.458552,2571.514422,2562.346812,2568.458552
20221223,0,2568.458552,2570.750454,2565.402682,2566.930617
20221226,0,2568.458552,2573.806324,2563.874747,2573.806324
20221227,0,2571.514422,2576.098226,2569.986487,2575.334259
20221228,0,2573.806324,2586.029803,2566.930617,2581.445999
20221229,0,2582.209966,2582.973933,2576.862194,2582.209966
20221230,0,2581.445999,2582.973933,2569.222519,2572.278389
20230103,0,2572.278389,2612.768664,2571.514422,2578.390129
20230104,0,2578.390129,2581.445999,2566.930617,2567.694585
20230105,0,2565.414216,2567.694585,2553.252253,2554.012375
20230106,0,2553.252253,2560.85348,2550.971884,2558.573112
20230109,0,2558.573112,2559.333235,2554.012375,2556.292744
20230110,0,2554.772498,2556.292744,2534.249184,2538.809921
20230111,0,2535.009307,2542.610534,2535.009307,2538.049798
20230112,0,2538.049798,2540.330166,2535.009307,2535.76943
20230113,0,2535.76943,2546.411148,2531.968816,2544.890903
20230116,0,2542.610534,2550.211762,2541.850412,2548.691516
20230117,0,2549.451639,2550.971884,2544.13078,2550.971884
20230118,0,2547.931394,2554.772498,2547.171271,2552.49213
20230119,0,2556.292744,2559.333235,2550.971884,2554.772498
20230120,0,2554.772498,2560.85348,2548.691516,2558.573112
20230130,0,2558.573112,2560.85348,2546.411148,2547.171271
20230131,0,2544.890903,2544.890903,2535.76943,2542.610534
20230201,0,2543.370657,2545.651025,2539.570044,2542.610534
20230202,0,2542.610534,2579.856548,2541.850412,2577.57618
20230203,0,2577.57618,2580.650212,2560.669002,2568.354083
20230206,0,2569.122591,2589.87231,2564.511542,2581.418721
20230207,0,2579.113196,2585.261261,2575.270656,2582.187229
20230208,0,2580.650212,2585.261261,2578.344688,2582.187229
20230209,0,2582.187229,2587.566785,2574.502148,2585.261261
20230210,0,2586.029769,2607.547996,2583.724245,2606.01098
20230213,0,2606.01098,2611.390537,2595.251866,2601.399931
20230214,0,2602.168439,2604.473964,2590.640818,2596.788883
20230215,0,2596.788883,2602.936947,2590.640818,2590.640818
20230216,0,2592.177834,2596.788883,2586.029769,2591.409326
20230217,0,2589.87231,2596.020375,2579.881704,2591.409326
20230220,0,2590.640818,2591.409326,2579.113196,2582.955737
20230221,0,2582.187229,2589.103802,2579.113196,2581.418721
20230222,0,2580.650212,2584.492753,2576.807672,2583.724245
20230223,0,2582.187229,2589.87231,2577.57618,2580.650212
20230224,0,2579.881704,2581.418721,2574.502148,2575.270656
20230227,0,2575.270656,2582.955737,2575.270656,2580.650212
20230228,0,2582.187229,2583.724245,2574.502148,2576.039164
20230301,0,2576.039164,2576.039164,2568.354083,2571.428115
20230302,0,2571.428115,2573.73364,2569.122591,2569.891099
20230303,0,2566.817067,2569.891099,2564.511542,2565.28005
20230306,0,2562.974526,2570.659607,2562.974526,2570.659607
20230307,0,2570.659607,2587.566785,2567.585575,2576.039164
20230308,0,2576.039164,2578.344688,2570.659607,2572.196623
20230309,0,2579.113196,2583.724245,2572.196623,2574.502148
20230310,0,2575.270656,2575.270656,2566.817067,2567.585575
20230313,0,2569.891099,2572.965131,2564.511542,2572.196623
20230314,0,2570.674614,2572.957628,2565.347579,2567.630594
20230315,0,2566.108584,2571.435618,2557.73753,2560.020545
20230316,0,2549.366476,2557.73753,2540.234417,2554.69351
20230317,0,2556.21552,2572.957628,2550.127481,2564.586574
20230320,0,2564.586574,2587.416722,2561.542554,2581.328682
20230321,0,2581.328682,2587.416722,2574.479638,2586.655717
20230322,0,2585.894712,2589.699736,2579.806673,2587.416722
20230323,0,2585.133707,2589.699736,2569.152604,2582.089687
20230324,0,2583.611697,2583.611697,2572.196623,2576.762653
20230327,0,2577.523658,2588.177727,2575.240643,2583.611697
20230328,0,2584.372702,2595.026771,2577.523658,2577.523658
20230329,0,2579.045668,2585.133707,2577.523658,2579.045668
20230330,0,2578.284663,2582.089687,2573.718633,2578.284663
20230331,0,2578.284663,2584.372702,2576.001648,2582.850692
20230403,0,2585.133707,2585.894712,2577.523658,2581.328682
20230404,0,2580.567677,2587.416722,2577.523658,2585.894712
20230406,0,2585.133707,2588.177727,2580.567677,2587.416722
20230407,0,2588.177727,2591.982751,2578.284663,2585.133707
20230410,0,2585.894712,2586.655717,2580.567677,2584.372702
20230411,0,2586.655717,2586.655717,2579.806673,2582.089687
20230412,0,2582.089687,2583.611697,2572.957628,2579.806673
20230413,0,2580.567677,2620.900938,2576.001648,2617.095914
20230414,0,2617.095914,2628.510987,2610.246869,2624.705963
20230417,0,2620.900938,2627.749982,2606.441845,2623.183953
20230418,0,2619.378928,2627.749982,2612.529884,2624.705963
20230419,0,2620.900938,2626.988977,2606.441845,2608.724859
20230420,0,2608.724859,2616.334909,2597.309786,2612.529884
20230421,0,2609.485864,2614.051894,2601.11481,2604.919835
20230424,0,2598.104638,2608.706056,2588.260464,2598.104638
20230425,0,2599.619126,2601.890858,2591.28944,2598.861882
20230426,0,2600.37637,2609.4633,2592.803929,2605.677079
20230427,0,2602.648102,2612.492276,2596.590149,2599.619126
20230428,0,2598.861882,2604.919835,2583.716999,2589.017708
20230504,0,2590.532196,2596.590149,2587.50322,2588.260464
20230505,0,2591.28944,2591.28944,2571.601093,2574.630069
20230508,0,2574.630069,2579.173534,2571.601093,2573.115581
20230509,0,2574.630069,2575.387313,2561.756919,2564.028651
20230510,0,2564.028651,2567.814872,2552.669989,2554.184478
20230511,0,2556.45621,2560.999675,2548.126524,2548.126524
20230512,0,2549.641013,2557.970698,2545.097548,2551.912745
20230515,0,2551.912745,2560.999675,2548.126524,2553.427233
20230516,0,2556.45621,2566.300384,2554.184478,2560.242431
20230517,0,2557.213454,2571.601093,2556.45621,2564.028651
20230518,0,2567.057628,2588.260464,2563.271407,2579.173534
20230519,0,2576.901802,2585.231487,2576.901802,2581.445267
20230522,0,2579.930778,2593.561173,2579.173534,2590.532196
20230523,0,2591.28944,2619.307473,2587.50322,2619.307473
20230524,0,2617.792985,2637.481333,2613.24952,2635.2096
20230525,0,2635.966844,2642.782042,2625.365427,2627.637159
20230526,0,2627.637159,2629.151647,2609.4633,2617.792985
20230529,0,2617.792985,2652.626216,2617.035741,2647.325507
20230530,0,2642.024798,2657.16968,2635.966844,2648.839995
20230531,0,2661.676449,2661.676449,2626.187429,2632.983199
20230601,0,2632.983199,2638.268798,2624.677258,2635.248456
20230602,0,2632.228113,2639.023883,2611.840804,2626.187429
20230605,0,2626.942515,2631.473028,2622.412002,2626.187429
20230606,0,2628.452686,2628.452686,2613.350976,2620.146745
20230607,0,2618.636574,2621.656916,2608.065377,2612.59589
20230608,0,2615.616232,2619.39166,2609.575548,2615.616232
20230609,0,2614.861147,2617.881489,2612.59589,2614.861147
20230612,0,2614.861147,2624.677258,2609.575548,2618.636574
20230613,0,2614.106061,2620.901831,2609.575548,2614.106061
20230614,0,2613.350976,2626.187429,2611.840804,2626.187429
20230615,0,2625.432344,2629.207771,2621.656916,2626.942515
20230616,0,2625.432344,2630.717942,2620.901831,2623.167087
20230619,0,2626.942515,2636.758627,2623.922173,2629.962857
20230620,0,2628.452686,2634.49337,2602.024693,2606.555206
20230621,0,2607.310291,2618.636574,2603.534864,2608.820462
20230626,0,2610.330633,2620.146745,2604.289949,2609.575548
20230627,0,2609.575548,2616.371318,2605.045035,2613.350976
20230628,0,2617.039024,2622.202291,2604.49966,2617.039024
20230629,0,2621.464682,2625.890339,2605.974879,2608.187708
20230630,0,2610.400537,2611.138147,2591.960296,2594.173125
20230703,0,2599.336392,2605.974879,2586.059419,2590.485076
20230704,0,2589.747467,2600.074002,2586.059419,2592.697905
20230705,0,2595.648344,2597.123563,2586.797028,2590.485076
20230706,0,2591.222686,2600.074002,2586.059419,2597.123563
20230707,0,2600.074002,2602.286831,2591.222686,2594.910734
20230710,0,2599.336392,2600.074002,2589.009857,2595.648344
20230711,0,2596.385954,2603.02444,2591.222686,2599.336392
20230712,0,2597.861173,2603.02444,2590.485076,2592.697905
20230713,0,2591.960296,2618.514243,2591.222686,2615.563804
20230714,0,2619.989462,2638.429703,2612.613366,2614.826195
20230717,0,2619.251853,2619.251853,2591.222686,2595.648344
20230718,0,2595.648344,2602.286831,2592.697905,2595.648344
20230719,0,2593.435515,2598.598783,2567.619177,2580.158541
20230720,0,2584.584199,2585.321809,2573.520055,2576.470493
20230721,0,2575.732884,2587.534638,2571.307226,2574.995274
20230724,0,2576.470493,2583.10898,2572.044835,2575.732884
20230725,0,2575.732884,2580.158541,2569.832006,2573.520055
20230726,0,2572.064032,2587.35227,2569.151987,2580.072157
20230727,0,2584.440225,2595.360395,2577.160111,2580.072157
20230728,0,2577.160111,2593.176361,2577.160111,2585.896247
20230731,0,2584.440225,2610.648633,2577.160111,2598.27244
20230801,0,2601.912497,2601.912497,2577.888123,2586.624259
20230802,0,2581.528179,2590.264315,2578.616134,2590.264315
20230803,0,2586.624259,2593.176361,2576.4321,2578.616134
20230804,0,2577.160111,2588.080281,2576.4321,2582.256191
20230807,0,2582.256191,2664.521471,2582.256191,2588.808293
20230808,0,2590.992327,2594.632383,2565.51193,2568.423975
20230809,0,2569.879998,2573.520055,2557.503805,2561.871873
20230810,0,2561.143862,2569.879998,2545.127613,2548.039658
20230811,0,2541.487556,2553.863749,2541.487556,2550.951703
20230814,0,2558.959828,2558.959828,2539.303522,2551.679715
20230815,0,2548.039658,2564.783919,2540.031533,2564.783919
20230816,0,2564.783919,2593.904372,2561.143862,2582.984202
20230817,0,2585.168236,2593.176361,2577.888123,2587.35227
20230818,0,2589.536304,2617.200734,2586.624259,2608.464599
20230821,0,2609.920621,2633.216984,2604.096531,2618.656757
20230822,0,2620.840791,2631.03295,2599.728463,2625.93687
20230823,0,2622.296814,2630.304938,2613.560678,2620.11278
20230824,0,2620.11278,2635.401018,2619.384768,2628.120904
20230825,0,2625.208859,2642.681131,2622.296814,2639.769086
20230828,0,2648.505222,2648.505222,2629.576927,2638.313063
20230829,0,2633.944995,2653.601301,2633.944995,2647.77721
20230830,0,2645.593176,2663.79346,2636.129029,2655.057324
20230831,0,2647.049199,2668.889539,2647.049199,2659.425392
20230901,0,2660.151019,2665.230413,2651.443487,2653.62037
20230904,0,2647.815349,2680.468594,2647.089721,2666.681668
20230905,0,2666.681668,2671.761062,2647.815349,2651.443487
20230906,0,2654.345998,2657.974136,2625.320891,2626.046519
20230907,0,2628.223402,2628.94903,2613.710849,2615.887732
20230908,0,2614.436476,2618.790242,2596.295785,2597.021413
20230911,0,2599.923923,2610.08271,2597.74704,2604.277689
20230912,0,2603.552061,2609.357083,2597.021413,2599.923923
20230913,0,2598.472668,2606.454572,2597.021413,2602.826434
20230914,0,2602.826434,2604.277689,2591.216391,2601.375178
20230915,0,2599.198295,2613.710849,2592.667647,2604.277689
20230918,0,2604.277689,2608.631455,2594.84453,2594.84453
20230919,0,2594.118902,2599.923923,2586.862625,2587.588253
20230920,0,2587.588253,2592.667647,2582.508859,2589.039508
20230921,0,2589.039508,2591.942019,2571.624444,2577.429466
20230922,0,2577.429466,2584.685742,2573.0757,2581.057604
20230925,0,2584.685742,2590.490764,2576.703838,2589.765136
20230926,0,2593.393274,2600.649551,2568.721934,2569.447561
20230927,0,2570.894322,2580.298269,2568.0008,2577.404747
20230928,0,2573.787844,2578.128127,2572.341083,2576.681366
20231009,0,2566.554039,2566.554039,2520.981067,2531.108394
20231010,0,2532.555155,2539.78896,2523.151209,2524.59797
20231011,0,2526.044731,2555.703332,2524.59797,2547.022766
20231012,0,2545.576005,2569.447561,2545.576005,2563.660517
20231013,0,2566.554039,2574.511225,2560.043615,2561.490376
20231016,0,2562.937137,2565.107278,2560.043615,2561.490376
20231017,0,2560.766995,2568.724181,2556.426712,2560.043615
20231018,0,2560.766995,2566.554039,2555.703332,2561.490376
20231019,0,2557.150093,2564.383898,2557.150093,2560.766995
20231020,0,2561.490376,2564.383898,2557.873473,2560.766995
20231023,0,2561.490376,2591.148976,2560.766995,2579.574888
20231024,0,2578.128127,2587.532074,2575.234605,2576.681366
20231025,0,2577.404747,2582.46841,2576.681366,2579.574888
20231026,0,2578.851508,2586.808693,2566.554039,2586.085313
20231027,0,2585.361932,2587.532074,2572.341083,2573.787844
20231030,0,2575.234605,2591.872357,2560.043615,2587.532074
20231031,0,2586.085313,2625.871241,2584.638552,2599.829543
20231101,0,2596.936021,2607.063348,2593.319118,2604.169826
20231102,0,2601.999684,2609.95687,2584.638552,2591.148976
20231103,0,2589.702215,2604.169826,2586.085313,2601.999684
20231106,0,2597.659401,2604.893206,2588.255454,2594.042498
20231107,0,2594.765879,2598.382782,2565.830659,2568.0008
20231108,0,2568.724181,2570.894322,2549.192907,2557.873473
20231109,0,2559.320234,2562.937137,2549.192907,2554.256571
20231110,0,2554.256571,2564.383898,2553.53319,2557.150093
20231113,0,2557.873473,2557.873473,2537.618819,2539.78896
20231114,0,2540.512341,2580.298269,2538.342199,2578.128127
20231115,0,2573.787844,2591.872357,2573.787844,2587.532074
20231116,0,2585.361932,2592.595737,2573.064464,2581.021649
20231117,0,2582.46841,2584.638552,2564.383898,2570.170942
20231120,0,2568.0008,2573.787844,2557.873473,2565.107278
20231121,0,2564.383898,2570.894322,2524.59797,2526.044731
20231122,0,2520.981067,2540.512341,2520.981067,2530.385014
20231123,0,2527.491492,2549.192907,2527.491492,2544.129243
20231124,0,2542.682482,2574.511225,2542.682482,2570.170942
20231127,0,2570.170942,2574.511225,2547.022766,2557.873473
20231128,0,2560.766995,2560.766995,2540.512341,2542.682482
20231129,0,2542.682482,2549.916288,2529.661633,2535.448677
20231130,0,2534.725297,2537.618819,2523.151209,2532.555155
20231201,0,2531.831775,2536.895438,2522.427828,2522.427828
20231204,0,2524.59797,2534.001916,2518.087545,2534.001916
20231205,0,2532.555155,2537.618819,2523.874589,2526.044731
20231206,0,2529.661633,2543.405863,2510.85374,2541.235721
20231207,0,2544.852624,2545.576005,2528.214872,2532.555155
20231208,0,2536.172058,2547.022766,2533.278536,2547.022766
20231211,0,2547.022766,2549.192907,2523.151209,2531.108394
20231212,0,2528.214872,2540.512341,2528.214872,2530.385014
20231213,0,2533.278536,2537.618819,2526.044731,2531.831775
20231214,0,2529.661633,2537.618819,2527.491492,2536.895438
20231215,0,2538.327499,2544.055742,2528.303075,2530.451165
20231218,0,2532.599256,2535.463378,2529.019105,2534.747347
20231219,0,2534.747347,2539.75956,2530.451165,2531.167196
20231220,0,2530.451165,2533.315287,2529.019105,2530.451165
20231221,0,2529.019105,2534.747347,2529.019105,2530.451165
20231222,0,2529.735135,2531.883226,2521.142771,2524.006893
20231225,0,2524.722923,2524.722923,2518.99468,2522.574832
20231226,0,2520.426741,2528.303075,2520.426741,2527.587044
20231227,0,2524.722923,2538.327499,2524.722923,2534.747347
20231228,0,2531.883226,2545.487802,2531.167196,2533.315287
20231229,0,2531.883226,2534.747347,2516.846589,2518.99468
20240102,0,2518.99468,2529.019105,2500.377892,2527.587044
20240103,0,2526.154984,2535.463378,2516.846589,2517.56262
20240104,0,2516.846589,2524.006893,2515.414529,2516.846589
20240105,0,2515.414529,2523.290862,2513.982468,2519.710711
20240108,0,2535.463378,2535.463378,2520.426741,2531.167196
20240109,0,2531.167196,2541.907651,2527.587044,2540.47559
20240110,0,2540.47559,2556.944287,2533.315287,2541.907651
20240111,0,2544.055742,2545.487802,2531.167196,2542.623681
20240112,0,2544.055742,2549.067954,2538.327499,2539.043529
20240115,0,2540.47559,2548.351924,2535.463378,2541.19162
20240116,0,2544.771772,2544.771772,2531.883226,2538.327499
20240117,0,2539.043529,2539.043529,2521.858802,2527.587044
20240118,0,2524.006893,2527.587044,2521.858802,2525.438953
20240119,0,2528.303075,2528.303075,2522.574832,2526.154984
20240122,0,2513.916558,2533.354057,2513.916558,2529.034613
20240123,0,2534.073965,2537.673502,2525.435076,2534.793872
20240124,0,2539.113316,2541.992946,2527.594798,2527.594798
20240125,0,2523.275354,2537.673502,2523.275354,2536.953594
20240126,0,2534.793872,2540.553131,2529.75452,2537.673502
20240129,0,2538.393409,2540.553131,2531.194335,2534.793872
20240130,0,2538.393409,2538.393409,2516.796188,2521.115632
20240131,0,2518.236002,2526.874891,2513.196651,2513.196651
20240201,0,2513.196651,2518.236002,2489.439707,2490.159615
20240202,0,2494.479059,2494.479059,2483.680448,2488.7198
20240205,0,2493.039244,2493.039244,2485.120263,2490.879522
20240206,0,2489.439707,2506.717484,2489.439707,2505.27767
20240207,0,2500.238318,2507.437392,2483.680448,2485.84017
20240208,0,2495.198966,2497.358689,2478.641097,2480.080911
20240219,0,2473.601745,2584.467481,2470.722116,2475.761467
20240220,0,2480.800819,2491.599429,2477.921189,2483.680448
20240221,0,2485.815417,2494.355293,2485.103761,2490.797011
20240222,0,2507.876762,2507.876762,2487.23873,2502.895168
20240223,0,2505.030137,2508.588418,2490.797011,2497.913574
20240226,0,2497.913574,2502.183512,2491.508668,2499.336887
20240227,0,2498.62523,2509.300075,2498.62523,2505.741793
20240228,0,2503.606824,2511.435044,2503.606824,2506.45345
20240229,0,2508.588418,2510.011731,2501.471856,2506.45345
20240301,0,2505.741793,2508.588418,2505.030137,2506.45345
20240304,0,2505.030137,2511.435044,2501.471856,2507.165106
20240305,0,2510.723387,2514.281669,2508.588418,2510.011731
20240306,0,2510.723387,2514.993325,2508.588418,2514.993325
20240307,0,2516.416638,2518.551607,2512.858356,2514.993325
20240308,0,2513.570012,2515.704981,2512.858356,2514.993325
20240311,0,2515.704981,2517.83995,2512.858356,2514.281669
20240312,0,2517.128294,2517.83995,2513.570012,2517.83995
20240313,0,2517.83995,2520.686575,2514.281669,2518.551607
20240314,0,2518.551607,2522.821544,2517.83995,2518.551607
20240315,0,2517.83995,2522.109888,2514.281669,2520.686575
20240318,0,2520.686575,2522.109888,2519.263263,2520.686575
20240319,0,2520.686575,2529.135804,2520.686575,2522.09478
20240320,0,2522.09478,2534.768623,2522.09478,2527.727599
20240321,0,2534.064521,2534.064521,2528.431702,2531.248111
20240322,0,2534.768623,2535.472726,2523.502985,2526.319395
20240325,0,2527.727599,2536.176828,2526.319395,2532.656316
20240326,0,2531.248111,2536.88093,2528.431702,2529.839907
20240327,0,2529.839907,2533.360418,2525.615292,2533.360418
20240328,0,2534.064521,2534.064521,2530.544009,2534.064521
20240329,0,2533.360418,2539.69734,2532.656316,2535.472726
20240401,0,2533.360418,2538.289135,2531.248111,2534.768623
20240402,0,2534.768623,2537.585033,2531.952214,2536.88093
20240403,0,2536.176828,2544.626057,2534.768623,2534.768623
20240408,0,2538.289135,2543.921954,2531.952214,2538.289135
20240409,0,2538.289135,2539.69734,2532.656316,2534.064521
20240410,0,2534.064521,2537.585033,2528.431702,2537.585033
20240411,0,2536.176828,2555.187593,2536.176828,2539.69734
20240412,0,2541.105545,2541.809647,2535.472726,2541.105545
20240415,0,2541.105545,2545.330159,2538.289135,2541.105545
20240416,0,2542.51375,2544.626057,2538.289135,2538.289135
20240417,0,2538.993238,2541.105545,2536.176828,2538.993238
20240418,0,2539.69734,2545.330159,2538.289135,2541.809647
20240419,0,2542.51375,2542.51375,2536.176828,2537.585033
20240422,0,2536.176828,2538.289135,2527.023497,2533.360418
20240423,0,2533.360418,2537.585033,2529.839907,2536.176828
20240424,0,2536.176828,2538.993238,2534.064521,2536.88093
20240425,0,2536.176828,2542.51375,2536.176828,2541.809647
20240426,0,2543.921954,2547.442466,2540.401442,2546.034262
20240429,0,2546.738364,2552.371183,2534.064521,2541.105545
20240430,0,2539.69734,2543.921954,2535.472726,2535.472726
20240506,0,2534.768623,2541.809647,2529.135804,2539.69734
20240507,0,2539.69734,2546.034262,2537.585033,2541.105545
20240508,0,2538.993238,2541.105545,2514.349654,2516.461961
20240509,0,2515.757859,2519.278371,2510.829142,2510.829142
20240510,0,2511.533244,2516.461961,2508.012732,2513.645551
20240513,0,2513.645551,2515.053756,2507.30863,2508.012732
20240514,0,2506.604527,2510.125039,2503.084015,2510.125039
20240515,0,2509.420937,2512.237347,2497.451196,2498.859401
20240516,0,2497.451196,2501.675811,2494.634787,2498.859401
20240517,0,2499.563504,2501.675811,2497.451196,2500.267606
20240520,0,2500.267606,2500.971708,2496.747094,2498.155299
20240521,0,2498.155299,2502.379913,2493.930684,2496.042992
20240522,0,2496.747094,2498.155299,2489.001968,2495.338889
20240523,0,2495.338889,2500.971708,2491.114275,2493.226582
20240524,0,2493.226582,2496.042992,2484.073251,2488.297865
20240527,0,2486.88966,2494.634787,2486.88966,2489.70607
20240528,0,2490.410172,2491.114275,2484.777353,2488.297865
20240529,0,2488.297865,2490.410172,2485.481456,2488.297865
20240530,0,2485.481456,2489.70607,2479.848636,2481.960944
20240531,0,2484.073251,2486.88966,2478.440432,2479.144534
20240603,0,2479.144534,2484.777353,2474.215817,2479.144534
20240604,0,2478.440432,2480.552739,2474.215817,2474.215817
20240605,0,2474.215817,2477.032227,2468.582998,2472.807612
20240606,0,2472.807612,2475.624022,2467.878896,2467.878896
20240607,0,2466.470691,2471.399408,2466.470691,2469.287101
20240611,0,2470.695305,2477.736329,2469.991203,2477.736329
20240612,0,2477.736329,2481.256841,2463.654281,2465.062486
20240613,0,2465.062486,2467.174793,2460.837872,2462.246077
20240614,0,2464.358384,2467.878896,2461.541974,2463.654281
20240617,0,2464.358384,2464.358384,2456.613257,2464.358384
20240618,0,2462.950179,2463.654281,2455.205053,2455.909155
20240619,0,2459.429667,2459.429667,2452.388643,2453.796848
20240620,0,2454.50095,2455.205053,2445.347619,2446.051721
20240621,0,2446.755824,2451.684541,2446.051721,2446.755824
20240624,0,2448.868131,2452.388643,2446.051721,2450.980438
20240625,0,2450.980438,2453.092745,2445.347619,2446.051721
20240626,0,2446.755824,2448.868131,2441.827107,2448.164029
20240627,0,2450.980438,2460.133769,2445.347619,2451.684541
20240628,0,2453.796848,2456.613257,2449.572233,2455.205053
20240701,0,2457.31736,2458.725565,2443.235312,2443.235312
20240702,0,2444.643517,2449.572233,2443.235312,2449.572233
20240703,0,2450.980438,2453.796848,2448.868131,2453.796848
20240704,0,2453.796848,2457.31736,2450.980438,2451.684541
20240705,0,2518.574268,2518.574268,2443.235312,2452.388643
20240708,0,2455.909155,2461.541974,2452.388643,2458.021462
20240709,0,2458.021462,2459.429667,2450.276336,2450.276336
20240710,0,2452.388643,2459.429667,2450.276336,2455.909155
20240711,0,2454.500546,2458.726372,2453.091938,2457.317764
20240712,0,2455.909155,2460.839285,2455.204851,2460.839285
20240715,0,2460.134981,2466.47372,2460.134981,2460.839285
20240716,0,2461.54359,2462.247894,2458.726372,2458.726372
20240717,0,2458.022068,2458.726372,2444.640286,2453.796242
20240718,0,2453.796242,2458.022068,2451.683329,2458.022068
20240719,0,2457.317764,2459.430677,2453.091938,2455.204851
20240722,0,2454.500546,2455.909155,2453.091938,2453.796242
20240723,0,2453.796242,2455.204851,2451.683329,2452.387633
20240724,0,2452.387633,2455.204851,2450.979025,2455.204851
20240725,0,2455.909155,2457.317764,2453.091938,2453.796242
20240726,0,2456.613459,2456.613459,2451.683329,2451.683329
20240729,0,2451.683329,2453.091938,2450.27472,2450.27472
20240730,0,2450.979025,2451.683329,2429.849895,2436.892938
20240731,0,2436.892938,2485.489936,2435.48433,2483.377023
20240801,0,2481.26411,2491.828675,2479.151197,2485.489936
20240802,0,2486.195841,2488.313555,2467.136418,2472.783654
20240805,0,2472.783654,2473.489559,2467.842322,2470.665941
20240806,0,2469.960036,2476.313177,2469.254132,2472.783654
20240807,0,2472.783654,2477.019082,2467.136418,2470.665941
20240808,0,2472.07775,2474.901368,2467.842322,2472.07775
20240809,0,2472.07775,2474.901368,2463.606895,2469.254132
20240812,0,2469.960036,2472.07775,2463.606895,2471.371845
20240813,0,2470.665941,2472.07775,2467.842322,2468.548227
20240814,0,2469.960036,2469.960036,2459.371468,2465.724609
20240815,0,2465.724609,2468.548227,2460.077372,2462.195086
20240816,0,2462.195086,2466.430513,2461.489181,2463.606895
20240819,0,2464.3128,2464.3128,2458.665563,2461.489181
20240820,0,2460.783277,2462.195086,2455.13604,2456.54785
20240821,0,2455.841945,2460.077372,2451.606518,2453.724231
20240822,0,2452.312422,2457.253754,2447.37109,2448.076995
20240823,0,2448.076995,2451.606518,2443.841568,2447.37109
20240826,0,2445.959281,2450.194709,2441.723854,2448.7829
20240827,0,2448.7829,2450.194709,2444.547472,2448.076995
20240828,0,2448.076995,2460.077372,2444.547472,2445.253377
20240829,0,2445.959281,2451.606518,2441.723854,2451.606518
20240830,0,2450.900613,2452.312422,2445.253377,2445.253377
20240902,0,2445.253377,2448.076995,2437.488427,2438.194331
20240903,0,2438.194331,2481.960414,2422.664431,2469.254132
20240904,0,2466.425662,2469.961249,2452.99043,2456.526018
20240905,0,2462.182957,2470.668366,2455.111783,2470.668366
20240906,0,2472.789719,2476.325306,2462.182957,2464.304309
20240909,0,2461.47584,2470.668366,2460.768722,2465.011427
20240910,0,2466.425662,2468.547014,2460.768722,2460.768722
20240911,0,2462.890075,2462.890075,2448.747726,2459.354487
20240912,0,2455.8189,2462.890075,2455.8189,2459.354487
20240913,0,2455.111783,2462.890075,2452.99043,2459.354487
20240918,0,2458.64737,2468.547014,2451.576195,2465.718544
20240919,0,2467.132779,2472.789719,2461.47584,2468.547014
20240920,0,2467.132779,2471.375484,2461.47584,2467.839897
20240923,0,2470.668366,2472.082601,2462.890075,2469.961249
20240924,0,2469.254132,2471.375484,2465.011427,2470.668366
20240925,0,2469.254132,2477.739541,2465.011427,2466.425662
20240926,0,2466.425662,2468.547014,2449.454843,2460.061605
20240927,0,2459.354487,2465.718544,2455.8189,2457.940252
20240930,0,2461.47584,2473.496836,2457.233135,2471.375484
20241008,0,2470.668366,2474.911071,2456.526018,2462.182957
20241009,0,2460.768722,2475.618189,2455.8189,2462.890075
20241010,0,2462.182957,2469.254132,2460.768722,2463.597192
20241011,0,2462.890075,2467.132779,2454.404665,2454.404665
20241014,0,2455.111783,2469.961249,2451.576195,2469.254132
20241015,0,2468.547014,2475.618189,2467.132779,2473.496836
20241016,0,2473.496836,2478.446658,2466.425662,2473.496836
20241017,0,2473.496836,2477.032424,2458.64737,2467.132779
20241018,0,2466.425662,2489.760538,2465.011427,2487.639185
20241021,0,2487.639185,2509.559826,2481.982246,2485.517833
20241022,0,2485.517833,2491.88189,2472.082601,2472.082601
20241023,0,2473.496836,2479.860893,2467.132779,2474.203954
20241024,0,2474.911071,2477.032424,2469.961249,2472.082601
20241025,0,2472.082601,2477.032424,2469.961249,2477.032424
20241028,0,2477.739541,2480.568011,2470.668366,2471.375484
20241029,0,2472.082601,2474.203954,2467.839897,2470.668366
20241030,0,2471.375484,2477.032424,2469.961249,2474.911071
20241031,0,2473.496836,2476.325306,2443.797903,2455.111783
20241101,0,2455.8189,2460.061605,2448.040608,2448.040608
20241104,0,2448.734891,2453.594869,2445.95776,2446.652043
20241105,0,2445.95776,2455.677717,2445.263478,2454.983435
20241106,0,2454.289152,2466.78624,2451.512021,2454.289152
20241107,0,2455.677717,2460.537696,2451.512021,2456.372
20241108,0,2456.372,2461.231978,2453.594869,2457.066283
20241111,0,2457.066283,2459.843413,2453.594869,2454.983435
20241112,0,2456.372,2457.760565,2450.817739,2450.817739
20241113,0,2452.206304,2459.843413,2444.569195,2449.429173
20241114,0,2450.817739,2450.817739,2446.652043,2448.040608
20241115,0,2448.040608,2450.817739,2436.932086,2445.95776
20241118,0,2447.346325,2450.123456,2426.517846,2434.154955
20241119,0,2433.460673,2444.569195,2430.683542,2434.154955
20241120,0,2435.54352,2443.18063,2428.600694,2434.154955
20241121,0,2434.849238,2439.014934,2434.154955,2438.320651
20241122,0,2437.626368,2440.403499,2429.989259,2433.460673
20241125,0,2434.154955,2435.54352,2431.377825,2432.76639
20241126,0,2434.154955,2436.237803,2424.434998,2430.683542
20241127,0,2430.683542,2430.683542,2423.046433,2428.600694
20241128,0,2428.600694,2429.989259,2423.046433,2427.212129
20241129,0,2427.212129,2437.756056,2426.5092,2437.053128
20241202,0,2436.350199,2437.053128,2423.697486,2423.697486
20241203,0,2423.697486,2425.103343,2413.856487,2416.668201
20241204,0,2416.668201,2418.074058,2413.856487,2414.559416
20241205,0,2414.559416,2415.262344,2405.421345,2413.153559
20241206,0,2411.044773,2413.153559,2401.906703,2402.609631
20241209,0,2402.609631,2407.530131,2400.500846,2404.015488
20241210,0,2407.530131,2408.233059,2403.31256,2404.718417
20241211,0,2405.421345,2413.153559,2404.015488,2409.638916
20241212,0,2411.044773,2411.044773,2404.718417,2408.233059
20241213,0,2408.233059,2408.935988,2403.31256,2404.015488
20241216,0,2405.421345,2408.935988,2401.906703,2408.935988
20241217,0,2405.421345,2416.668201,2404.015488,2415.262344
20241218,0,2414.559416,2418.776987,2408.935988,2412.45063
20241219,0,2413.153559,2413.153559,2393.47156,2404.015488
20241220,0,2404.015488,2411.747702,2396.986203,2408.935988
20241223,0,2408.935988,2413.856487,2392.065703,2393.47156
20241224,0,2392.768632,2395.580346,2387.848132,2392.065703
20241225,0,2392.768632,2394.174489,2387.848132,2391.362775
20241226,0,2388.551061,2392.768632,2387.848132,2387.848132
20241227,0,2387.848132,2395.580346,2387.145204,2392.768632
20241230,0,2392.768632,2415.262344,2392.065703,2404.718417
20241231,0,2404.015488,2411.044773,2403.31256,2408.935988
20250102,0,2405.421345,2410.341845,2395.580346,2401.203774
20250103,0,2399.808131,2403.99506,2391.434273,2401.901596
20250106,0,2401.901596,2426.325348,2401.203774,2417.253669
20250107,0,2417.95149,2437.490492,2415.160204,2428.418812
20250108,0,2428.418812,2452.144743,2424.231883,2447.259993
20250109,0,2447.259993,2459.82078,2445.166528,2452.842565
20250110,0,2452.842565,2464.007709,2450.7491,2462.612066
20250113,0,2464.007709,2469.590281,2453.540386,2457.029494
20250114,0,2456.331672,2461.216423,2450.7491,2452.144743
20250115,0,2452.144743,2459.82078,2448.655636,2452.842565
20250116,0,2451.446922,2457.727315,2450.051279,2450.051279
20250117,0,2450.051279,2456.331672,2443.770885,2454.936029
20250120,0,2454.936029,2459.82078,2445.166528,2451.446922
20250121,0,2451.446922,2472.381567,2443.073064,2452.144743
20250122,0,2452.842565,2459.122958,2450.051279,2452.144743
20250123,0,2453.540386,2457.727315,2452.842565,2456.331672
20250124,0,2454.936029,2458.425137,2443.073064,2455.633851
20250127,0,2456.331672,2471.683745,2453.540386,2464.007709
20250205,0,2464.007709,2470.985924,2459.82078,2470.288102
20250206,0,2469.590281,2473.079388,2464.70553,2465.403352
20250207,0,2466.101173,2472.381567,2463.309887,2471.683745
20250210,0,2471.683745,2480.755425,2468.892459,2476.568496
20250211,0,2477.266317,2480.057603,2473.77721,2479.359782
20250212,0,2477.964139,2483.546711,2477.964139,2482.848889
20250213,0,2482.848889,2485.640175,2475.172853,2482.151068
20250214,0,2482.848889,2487.73364,2481.453246,2484.942354
20250217,0,2486.337997,2501.69007,2477.266317,2489.129283
20250218,0,2489.129283,2510.761749,2484.942354,2489.129283
20250219,0,2489.129283,2489.827104,2466.798995,2480.755425
20250220,0,2482.173404,2503.443099,2480.755425,2497.771181
20250221,0,2499.18916,2505.570069,2487.845323,2497.771181
20250224,0,2497.771181,2503.443099,2493.517242,2496.353201
20250225,0,2497.062191,2510.532998,2492.808252,2494.935221
20250226,0,2494.226232,2503.443099,2489.263303,2494.226232
20250227,0,2492.808252,2498.480171,2482.173404,2494.935221
20250228,0,2493.517242,2505.570069,2491.390272,2494.226232
20250303,0,2494.226232,2500.60714,2484.300374,2485.718354
20250304,0,2486.427343,2497.771181,2486.427343,2495.644211
20250305,0,2496.353201,2497.771181,2489.972293,2494.935221
20250306,0,2494.22279,2497.072516,2492.797927,2494.935221
20250307,0,2494.935221,2497.784948,2489.235769,2494.22279
20250310,0,2494.22279,2495.647653,2477.124433,2477.124433
20250311,0,2480.686591,2485.673612,2478.549296,2482.111454
20250312,0,2482.111454,2486.386043,2477.836865,2484.96118
20250313,0,2484.96118,2502.771968,2481.399022,2493.510358
20250314,0,2494.22279,2494.935221,2479.974159,2488.523338
20250317,0,2488.523338,2496.360085,2482.823885,2496.360085
20250318,0,2496.360085,2499.922242,2489.235769,2499.922242
20250319,0,2497.784948,2504.196831,2490.660632,2499.922242
20250320,0,2497.784948,2502.771968,2494.935221,2497.072516
20250321,0,2498.497379,2501.347105,2472.137412,2474.987139
20250324,0,2476.412002,2511.321147,2472.849844,2505.621694
20250325,0,2507.046557,2519.870325,2506.334126,2515.595736
20250326,0,2515.595736,2518.445462,2494.935221,2497.784948
20250327,0,2497.072516,2497.072516,2480.686591,2484.96118
20250328,0,2484.96118,2497.072516,2472.849844,2472.849844
20250331,0,2474.274707,2489.235769,2474.274707,2488.523338
20250401,0,2487.810906,2495.647653,2485.673612,2495.647653
20250402,0,2492.797927,2496.360085,2485.673612,2491.373064
20250403,0,2494.935221,2494.935221,2487.810906,2489.948201
20250407,0,2489.948201,2496.360085,2486.386043,2489.948201
20250408,0,2493.510358,2497.784948,2487.098475,2489.948201
20250409,0,2487.098475,2496.360085,2487.098475,2495.647653
20250410,0,2495.647653,2498.479594,2480.07198,2482.90392
20250411,0,2483.611905,2490.691757,2475.824069,2482.195935
20250414,0,2482.195935,2487.859816,2482.195935,2486.443846
20250415,0,2485.027876,2495.647653,2484.319891,2491.399742
20250416,0,2492.107727,2494.939668,2488.567801,2492.815712
20250417,0,2493.523698,2495.647653,2486.443846,2494.231683
20250418,0,2494.231683,2496.355638,2490.691757,2496.355638
20250421,0,2496.355638,2533.170866,2495.647653,2526.091014
20250422,0,2531.754896,2545.206613,2523.259074,2539.542732
20250423,0,2538.834747,2538.834747,2523.967059,2531.04691
20250424,0,2534.586836,2539.542732,2528.922955,2532.462881
20250425,0,2532.462881,2545.206613,2532.462881,2544.498628
20250428,0,2540.958703,2547.330569,2536.710792,2537.418777
20250429,0,2536.002807,2544.498628,2531.04691,2542.374673
20250430,0,2540.958703,2541.666688,2534.586836,2537.418777
20250506,0,2536.710792,2544.498628,2536.710792,2538.834747
20250507,0,2538.834747,2539.542732,2531.04691,2534.586836
20250508,0,2535.291867,2539.522054,2528.946587,2535.291867
20250509,0,2532.471743,2545.162303,2532.471743,2545.162303
20250512,0,2545.867334,2559.262925,2533.881805,2535.291867
20250513,0,2538.111992,2540.227085,2533.176774,2540.227085
20250514,0,2540.932116,2557.147832,2539.522054,2550.802552
20250515,0,2552.212614,2553.622676,2547.982427,2552.917645
20250516,0,2553.622676,2564.903174,2551.507583,2554.327707
20250519,0,2555.737769,2569.133361,2552.917645,2567.018267
20250520,0,2567.723298,2569.133361,2536.70193,2559.967956
20250521,0,2562.083049,2565.608205,2559.262925,2560.672987
20250522,0,2561.378018,2563.493112,2557.147832,2558.557894
20250523,0,2559.262925,2562.788081,2555.737769,2560.672987
20250526,0,2561.378018,2564.903174,2557.147832,2557.852863
20250527,0,2559.262925,2564.903174,2552.917645,2562.788081
20250528,0,2561.378018,2564.198143,2557.852863,2560.672987
20250529,0,2559.262925,2565.608205,2558.557894,2561.378018
20250530,0,2561.378018,2564.903174,2559.262925,2562.083049
20250603,0,2562.083049,2604.384916,2552.917645,2552.917645
20250604,0,2556.442801,2565.608205,2552.917645,2560.672987
20250605,0,2559.967956,2560.672987,2556.442801,2559.967956
20250606,0,2559.262925,2564.198143,2557.147832,2559.262925
20250609,0,2559.262925,2562.788081,2551.507583,2557.147832
20250610,0,2556.442801,2561.378018,2546.572365,2561.378018
20250611,0,2560.672987,2561.378018,2550.802552,2552.917645
20250612,0,2553.625805,2557.166606,2549.376844,2553.625805
20250613,0,2549.376844,2562.831888,2549.376844,2555.042126
20250616,0,2554.333966,2561.415568,2550.793164,2552.209485
20250617,0,2555.042126,2555.042126,2547.960523,2547.960523
20250618,0,2547.960523,2554.333966,2546.544203,2550.085004
20250619,0,2547.960523,2570.621651,2547.960523,2569.20533
20250620,0,2571.329811,2575.578773,2558.582927,2559.999247
20250623,0,2562.831888,2565.664529,2545.127882,2547.960523
20250624,0,2547.960523,2550.793164,2538.75444,2539.462601
20250625,0,2537.33812,2539.462601,2522.466755,2534.505479
20250626,0,2532.380998,2546.544203,2530.256518,2540.878921
20250627,0,2540.170761,2543.711562,2538.75444,2540.170761
20250630,0,2539.462601,2542.295242,2536.62996,2538.04628
20250701,0,2538.75444,2541.587081,2523.883075,2526.715716
20250702,0,2524.61304,2527.416608,2521.10858,2521.809472
20250703,0,2521.809472,2526.715716,2514.09966,2518.305012
20250704,0,2519.706796,2528.1175,2517.60412,2523.912148
20250707,0,2524.61304,2528.1175,2516.903228,2521.809472
20250708,0,2521.10858,2523.211256,2517.60412,2520.407688
20250709,0,2518.305012,2521.809472,2517.60412,2520.407688
20250710,0,2520.407688,2526.715716,2511.996984,2519.706796
20250711,0,2520.407688,2523.211256,2519.005904,2522.510364
20250714,0,2521.809472,2535.827313,2515.501444,2521.809472
20250715,0,2522.510364,2533.023745,2520.407688,2531.62196
20250716,0,2530.921068,2538.630881,2526.014824,2537.229097
20250717,0,2536.528205,2537.929989,2533.023745,2536.528205
20250718,0,2537.229097,2537.929989,2533.724637,2536.528205
20250721,0,2536.528205,2548.443369,2512.697876,2529.519284
20250722,0,2530.220176,2533.023745,2519.005904,2528.1175
20250723,0,2526.715716,2530.921068,2518.305012,2530.921068
20250724,0,2531.62196,2546.340693,2523.912148,2524.61304
20250725,0,2524.61304,2531.62196,2521.809472,2527.416608
20250728,0,2528.1175,2528.818392,2525.313932,2525.313932
20250729,0,2524.61304,2542.135341,2521.10858,2540.032665
20250730,0,2537.229097,2542.135341,2530.921068,2535.827313
20250731,0,2535.126421,2541.434449,2528.818392,2531.62196
20250801,0,2527.416608,2537.229097,2526.715716,2533.023745
20250804,0,2523.912148,2536.528205,2523.912148,2532.322853
20250805,0,2530.921068,2535.126421,2521.10858,2521.10858
20250806,0,2521.10858,2533.724637,2519.005904,2527.416608
20250807,0,2528.818392,2529.519284,2491.671116,2497.278252
20250808,0,2497.278252,2508.492524,2497.278252,2506.389848
20250811,0,2505.695172,2513.336605,2505.695172,2511.947253
20250812,0,2512.641929,2513.336605,2507.084524,2511.252578
20250813,0,2509.863226,2513.336605,2501.527118,2509.168551
20250814,0,2506.389848,2511.947253,2506.389848,2511.252578
20250815,0,2509.863226,2513.336605,2505.695172,2509.168551
20250818,0,2509.863226,2513.336605,2507.779199,2510.557902
20250819,0,2511.252578,2511.252578,2500.832443,2502.91647
20250820,0,2504.305821,2512.641929,2503.611145,2511.947253
20250821,0,2510.557902,2511.947253,2505.000497,2509.168551
20250822,0,2509.168551,2512.641929,2505.695172,2509.863226
20250825,0,2508.473875,2509.863226,2507.084524,2509.168551
20250826,0,2508.473875,2509.863226,2507.084524,2509.863226
20250827,0,2509.168551,2511.252578,2507.084524,2507.779199
20250828,0,2508.473875,2509.863226,2507.084524,2509.863226
20250829,0,2509.863226,2511.252578,2504.305821,2508.473875
20250901,0,2509.863226,2511.252578,2507.084524,2509.863226
20250902,0,2509.863226,2511.252578,2507.779199,2508.473875
