date,time,open,high,low,close
20191206,0,1580,1585,1546,1561
20191209,0,1564,1591,1556,1572
20191210,0,1572,1634,1570,1634
20191211,0,1649,1674,1637,1649
20191212,0,1642,1654,1625,1630
20191213,0,1633,1639,1623,1630
20191216,0,1634,1659,1626,1632
20191217,0,1629,1636,1578,1623
20191218,0,1623,1650,1622,1628
20191219,0,1628,1641,1623,1626
20191220,0,1626,1630,1611,1611
20191223,0,1610,1616,1596,1601
20191224,0,1603,1614,1600,1604
20191225,0,1602,1610,1599,1603
20191226,0,1602,1617,1602,1609
20191227,0,1609,1629,1607,1608
20191230,0,1609,1636,1608,1633
20191231,0,1633,1643,1629,1633
20200102,0,1633,1641,1618,1625
20200103,0,1626,1634,1620,1629
20200106,0,1629,1646,1628,1638
20200107,0,1636,1640,1624,1627
20200108,0,1626,1638,1624,1630
20200109,0,1629,1635,1621,1632
20200110,0,1633,1675,1633,1658
20200113,0,1659,1661,1646,1653
20200114,0,1657,1660,1648,1653
20200115,0,1654,1691,1652,1665
20200116,0,1667,1679,1665,1668
20200117,0,1674,1684,1667,1677
20200120,0,1678,1680,1658,1667
20200121,0,1668,1674,1655,1655
20200122,0,1657,1657,1631,1642
20200123,0,1644,1651,1591,1615
20200203,0,1517,1546,1509,1519
20200204,0,1528,1570,1528,1561
20200205,0,1558,1569,1551,1560
20200206,0,1562,1577,1561,1574
20200207,0,1574,1609,1571,1574
20200210,0,1573,1577,1562,1568
20200211,0,1569,1581,1564,1579
20200212,0,1578,1588,1572,1578
20200213,0,1579,1587,1573,1581
20200214,0,1580,1583,1572,1578
20200217,0,1578,1588,1577,1586
20200218,0,1590,1595,1581,1583
20200219,0,1583,1590,1583,1587
20200220,0,1588,1590,1565,1586
20200221,0,1580,1588,1570,1579
20200224,0,1575,1590,1567,1587
20200225,0,1585,1637,1584,1605
20200226,0,1604,1607,1577,1581
20200227,0,1582,1585,1567,1575
20200228,0,1564,1574,1542,1565
20200302,0,1564,1592,1563,1587
20200303,0,1589,1600,1568,1571
20200304,0,1578,1580,1569,1574
20200305,0,1574,1575,1550,1556
20200306,0,1555,1558,1544,1553
20200309,0,1506,1538,1501,1527
20200310,0,1530,1549,1529,1539
20200311,0,1538,1600,1534,1542
20200312,0,1542,1542,1521,1522
20200313,0,1518,1528,1512,1518
20200316,0,1523,1527,1505,1505
20200317,0,1498,1504,1485,1486
20200318,0,1483,1498,1465,1466
20200319,0,1470,1470,1417,1441
20200320,0,1449,1461,1438,1450
20200323,0,1428,1437,1414,1427
20200324,0,1436,1436,1409,1424
20200325,0,1430,1436,1416,1419
20200326,0,1415,1415,1390,1396
20200327,0,1397,1398,1373,1383
20200330,0,1378,1378,1336,1339
20200331,0,1341,1385,1338,1365
20200401,0,1358,1376,1358,1371
20200402,0,1375,1395,1366,1385
20200403,0,1390,1390,1358,1371
20200407,0,1385,1394,1365,1372
20200408,0,1375,1385,1366,1371
20200409,0,1381,1387,1372,1384
20200410,0,1380,1382,1354,1360
20200413,0,1360,1371,1333,1335
20200414,0,1338,1350,1322,1347
20200415,0,1342,1388,1339,1388
20200416,0,1410,1429,1353,1355
20200417,0,1355,1382.938144,1350.343643,1370.831615
20200420,0,1364.312715,1413.670103,1364.312715,1391.319588
20200421,0,1385.731959,1393.182131,1365.243986,1373.62543
20200422,0,1368.969072,1372.694158,1348.4811,1366.175258
20200423,0,1368.969072,1395.044674,1363.381443,1379.213058
20200424,0,1376.419244,1384.800687,1366.175258,1377.350515
20200427,0,1371.762887,1388.525773,1371.762887,1375.487973
20200428,0,1371.762887,1374.556701,1350.343643,1351.274914
20200429,0,1359.656357,1371.762887,1339.168385,1343.824742
20200430,0,1345.687285,1355,1336.37457,1347.549828
20200506,0,1354.068729,1367.106529,1344.756014,1355
20200507,0,1358.725086,1361.5189,1350.343643,1355
20200508,0,1359.656357,1359.656357,1337.305842,1340.099656
20200511,0,1342.893471,1342.893471,1301.917526,1317.749141
20200512,0,1315.886598,1331.718213,1311.230241,1328.924399
20200513,0,1328.924399,1347.549828,1319.611684,1333.580756
20200514,0,1331.718213,1337.305842,1321.474227,1327.993127
20200515,0,1331.718213,1343.824742,1327.993127,1336.37457
20200518,0,1334.512027,1355.931271,1331.718213,1348.4811
20200519,0,1352.206186,1360.587629,1339.168385,1341.962199
20200520,0,1345.687285,1353.137457,1340.099656,1350.343643
20200521,0,1355,1356.862543,1345.687285,1350.343643
20200522,0,1353.137457,1353.137457,1321.474227,1324.268041
20200525,0,1325.199313,1343.824742,1311.230241,1341.962199
20200526,0,1338.237113,1372.694158,1338.237113,1363.381443
20200527,0,1361.5189,1376.419244,1342.893471,1358.725086
20200528,0,1360.587629,1368.037801,1353.137457,1361.5189
20200529,0,1362.450172,1384.800687,1361.5189,1374.556701
20200601,0,1376.419244,1382.938144,1368.969072,1374.556701
20200602,0,1370.831615,1375.487973,1355.931271,1369.900344
20200603,0,1373.62543,1383.869416,1366.175258,1382.938144
20200604,0,1383.869416,1387.594502,1361.5189,1365.243986
20200605,0,1367.106529,1370.831615,1363.381443,1368.969072
20200608,0,1371.762887,1376.419244,1360.587629,1364.312715
20200609,0,1364.312715,1365.243986,1334.512027,1337.305842
20200610,0,1337.305842,1345.687285,1332.649485,1333.580756
20200611,0,1335.443299,1338.237113,1325.199313,1332.649485
20200612,0,1327.061856,1344.756014,1324.268041,1337.305842
20200615,0,1339.168385,1355,1333.580756,1345.687285
20200616,0,1343.824742,1352.206186,1337.305842,1348.4811
20200617,0,1350.343643,1353.137457,1336.37457,1340.099656
20200618,0,1341.030928,1342.893471,1330.786942,1333.580756
20200619,0,1333.580756,1341.030928,1329.85567,1341.030928
20200622,0,1341.962199,1345.687285,1332.649485,1337.305842
20200623,0,1337.305842,1339.168385,1327.061856,1328.924399
20200624,0,1328.924399,1330.786942,1300.054983,1304.71134
20200629,0,1300.054983,1310.298969,1286.085911,1298.19244
20200630,0,1302.848797,1308.436426,1291.67354,1297.261168
20200701,0,1295.398625,1298.19244,1264.666667,1273.979381
20200702,0,1267.460481,1277.704467,1264.666667,1275.841924
20200703,0,1276.773196,1285.154639,1273.979381,1280.498282
20200706,0,1280.498282,1287.948454,1276.773196,1286.085911
20200707,0,1288.879725,1288.879725,1272.116838,1274.910653
20200708,0,1274.910653,1296.329897,1269.323024,1295.398625
20200709,0,1296.329897,1301.917526,1290.742268,1298.19244
20200710,0,1301.917526,1302.848797,1286.085911,1293.536082
20200713,0,1293.536082,1318.680412,1291.67354,1300.986254
20200714,0,1299.123711,1306.573883,1278.635739,1292.604811
20200715,0,1292.604811,1299.123711,1281.429553,1286.085911
20200716,0,1286.085911,1288.879725,1276.773196,1278.635739
20200717,0,1278.635739,1285.154639,1248.835052,1262.804124
20200720,0,1262.804124,1263.735395,1216.24055,1216.24055
20200721,0,1215.309278,1226.484536,1199.477663,1213.446735
20200722,0,1216.24055,1247.90378,1216.24055,1225.553265
20200723,0,1224.621993,1240.453608,1222.75945,1233.003436
20200724,0,1237.659794,1240.453608,1224.621993,1229.278351
20200727,0,1229.278351,1244.178694,1215.309278,1233.003436
20200728,0,1233.934708,1240.453608,1226.484536,1233.934708
20200729,0,1233.934708,1243.247423,1232.072165,1235.797251
20200730,0,1234.865979,1237.659794,1220.896907,1226.484536
20200731,0,1227.415808,1246.041237,1226.484536,1235.797251
20200803,0,1238.591065,1286.085911,1229.278351,1281.429553
20200804,0,1285.154639,1316.817869,1275.841924,1316.817869
20200805,0,1363.381443,1365.243986,1281.429553,1309.367698
20200806,0,1308.436426,1338.237113,1297.261168,1319.611684
20200807,0,1319.611684,1370.831615,1310.298969,1370.831615
20200810,0,1375.487973,1400.632302,1334.512027,1341.030928
20200811,0,1345.687285,1388.525773,1329.85567,1340.099656
20200812,0,1343.824742,1343.824742,1307.505155,1314.024055
20200813,0,1318.680412,1327.993127,1296.329897,1307.505155
20200814,0,1310.298969,1318.680412,1273.979381,1279.56701
20200817,0,1288.879725,1288.879725,1246.972509,1283.292096
20200818,0,1287.948454,1300.986254,1268.391753,1291.67354
20200819,0,1294.467354,1313.092784,1287.017182,1312.161512
20200820,0,1319.688251,1335.578034,1311.325208,1331.396512
20200821,0,1334.741729,1374.048033,1332.232816,1340.59586
20200824,0,1346.44999,1381.574772,1340.59586,1379.902164
20200825,0,1385.756294,1415.026946,1376.556946,1408.336511
20200826,0,1407.500207,1410.845424,1392.446729,1400.809772
20200827,0,1400.809772,1419.208468,1384.91999,1392.446729
20200828,0,1393.283033,1416.699555,1383.247381,1407.500207
20200831,0,1410.845424,1456.842163,1402.482381,1456.842163
20200901,0,1456.842163,1491.130641,1452.660641,1470.223033
20200902,0,1470.223033,1502.838902,1464.368902,1502.002598
20200903,0,1502.002598,1523.74651,1476.913467,1492.80325
20200904,0,1491.966945,1499.493685,1435.934555,1476.077163
20200907,0,1478.586076,1504.511511,1471.895641,1494.475859
20200908,0,1494.475859,1499.493685,1467.71412,1473.56825
20200909,0,1456.842163,1469.386728,1435.09825,1444.297598
20200910,0,1450.988033,1474.404554,1444.297598,1454.33325
20200911,0,1457.678467,1487.785424,1449.315424,1486.112815
20200914,0,1488.621728,1491.966945,1440.116076,1445.970207
20200915,0,1441.788685,1451.824337,1390.77412,1394.119338
20200916,0,1394.955642,1410.00912,1384.083685,1404.991294
20200917,0,1409.172816,1416.699555,1396.628251,1400.809772
20200918,0,1399.973468,1440.952381,1388.265207,1429.24412
20200921,0,1422.553685,1432.589337,1398.300859,1406.663903
20200922,0,1404.991294,1451.824337,1390.77412,1446.806511
20200923,0,1450.151728,1468.550424,1424.226294,1464.368902
20200924,0,1464.368902,1473.56825,1440.116076,1456.842163
20200925,0,1459.351076,1460.18738,1433.425642,1441.788685
20200928,0,1443.461294,1466.877815,1423.389989,1428.407816
20200929,0,1428.407816,1437.607163,1415.026946,1426.735207
20200930,0,1428.407816,1444.297598,1412.518033,1435.934555
20201009,0,1445.133902,1451.824337,1389.937816,1414.190642
20201012,0,1413.354337,1449.315424,1408.336511,1442.624989
20201013,0,1444.297598,1462.696294,1437.607163,1446.806511
20201014,0,1446.806511,1452.660641,1414.190642,1427.571511
20201015,0,1425.898902,1435.934555,1397.464555,1399.137164
20201016,0,1391.610424,1412.518033,1382.411077,1404.991294
20201019,0,1406.663903,1413.354337,1353.140425,1355.649338
20201020,0,1356.485642,1369.866512,1343.941077,1369.030207
20201021,0,1369.866512,1371.53912,1358.158251,1371.53912
20201022,0,1369.866512,1381.574772,1352.30412,1360.667164
20201023,0,1360.667164,1369.866512,1340.59586,1342.268468
20201026,0,1348.958903,1358.158251,1328.887599,1351.467816
20201027,0,1351.467816,1358.994555,1340.59586,1352.30412
20201028,0,1353.140425,1357.321946,1323.869773,1346.44999
20201029,0,1338.086947,1346.44999,1317.179338,1323.869773
20201030,0,1318.015642,1330.560208,1305.471077,1311.325208
20201102,0,1312.997816,1344.777381,1307.97999,1343.104773
20201103,0,1343.104773,1343.941077,1318.015642,1319.688251
20201104,0,1323.033468,1326.378686,1312.161512,1316.343034
20201105,0,1317.179338,1323.033468,1294.599121,1298.780643
20201106,0,1301.289556,1323.033468,1296.27173,1297.944338
20201109,0,1297.108034,1302.962164,1269.509991,1272.855208
20201110,0,1280.381947,1286.236077,1270.346295,1281.218251
20201111,0,1283.727164,1298.780643,1261.146947,1272.855208
20201112,0,1274.527817,1277.873034,1264.492165,1273.691512
20201113,0,1272.018904,1292.926512,1267.837382,1282.89086
20201116,0,1285.399773,1305.471077,1281.218251,1290.417599
20201117,0,1293.762817,1301.289556,1279.545643,1290.417599
20201118,0,1292.926512,1297.108034,1265.328469,1279.545643
20201119,0,1287.908686,1299.616947,1280.381947,1295.435425
20201120,0,1294.599121,1295.435425,1271.182599,1273.691512
20201123,0,1273.691512,1277.873034,1250.274991,1267.001078
20201124,0,1265.328469,1270.346295,1243.584556,1249.438686
20201125,0,1250.274991,1257.80173,1241.075643,1243.584556
20201126,0,1244.42086,1251.947599,1240.239339,1246.929773
20201127,0,1247.766078,1276.200425,1233.548904,1271.182599
20201130,0,1269.509991,1269.509991,1235.221513,1235.221513
20201201,0,1236.894121,1241.075643,1205.950861,1209.296078
20201202,0,1212.641295,1221.840643,1200.933035,1205.114556
20201203,0,1205.114556,1213.4776,1196.751513,1208.459774
20201204,0,1207.623469,1231.039991,1200.933035,1208.459774
20201207,0,1211.804991,1219.33173,1174.171296,1183.370643
20201208,0,1185.043252,1196.751513,1183.370643,1187.552165
20201209,0,1185.879556,1198.424122,1148.245861,1149.91847
20201210,0,1153.263687,1157.445209,1114.793687,1118.975209
20201211,0,1127.338253,1144.064339,1104.758035,1112.284774
20201214,0,1114.793687,1167.480861,1101.412818,1160.790426
20201215,0,1158.281513,1169.15347,1144.064339,1158.281513
20201216,0,1158.281513,1175.843904,1144.900644,1158.281513
20201217,0,1159.117818,1196.751513,1154.099991,1186.715861
20201218,0,1191.733687,1202.605643,1161.626731,1184.206948
20201221,0,1185.712615,1257.984622,1174.420113,1254.220455
20201222,0,1251.209121,1251.209121,1203.027783,1218.084451
20201223,0,1220.342951,1240.669453,1195.499449,1237.65812
20201224,0,1240.669453,1261.748789,1228.624119,1247.444954
20201225,0,1248.197787,1259.490288,1232.388286,1242.17512
20201228,0,1241.422287,1266.265789,1214.320284,1218.837284
20201229,0,1218.084451,1232.388286,1184.206948,1199.263616
20201230,0,1199.263616,1209.803284,1193.993782,1204.53345
20201231,0,1206.039117,1223.354285,1190.982448,1212.814617
20210104,0,1212.814617,1231.635452,1195.499449,1211.30895
20210105,0,1210.556117,1224.859952,1198.510782,1203.780616
20210106,0,1207.544783,1242.17512,1193.240949,1242.17512
20210107,0,1242.17512,1266.265789,1228.624119,1232.388286
20210108,0,1231.635452,1243.680787,1206.79195,1210.556117
20210111,0,1208.297617,1210.556117,1165.386113,1165.386113
20210112,0,1162.374779,1166.138946,1132.261443,1151.082278
20210113,0,1152.587945,1157.857779,1120.968942,1131.508609
20210114,0,1129.250109,1151.835111,1128.497276,1145.812444
20210115,0,1146.565277,1169.15028,1134.519943,1164.633279
20210118,0,1164.633279,1174.420113,1141.295444,1171.40878
20210119,0,1171.40878,1175.92578,1154.093612,1164.633279
20210120,0,1165.386113,1192.488115,1161.621946,1191.735282
20210121,0,1193.993782,1193.993782,1176.678614,1181.948448
20210122,0,1181.948448,1199.263616,1160.116279,1168.397446
20210125,0,1167.644613,1187.971115,1155.599278,1187.971115
20210126,0,1185.712615,1195.499449,1179.689947,1186.465448
20210127,0,1186.465448,1199.263616,1163.127612,1173.66728
20210128,0,1171.40878,1209.803284,1169.15028,1206.79195
20210129,0,1206.79195,1224.107118,1202.27495,1218.084451
20210201,0,1218.084451,1226.365618,1199.263616,1201.522116
20210202,0,1201.522116,1225.612785,1201.522116,1215.073117
20210203,0,1214.320284,1234.646786,1202.27495,1232.388286
20210204,0,1233.893953,1236.905286,1218.837284,1229.376952
20210205,0,1230.129786,1233.893953,1216.578784,1224.859952
20210208,0,1225.612785,1244.43362,1212.814617,1238.410953
20210209,0,1238.410953,1239.91662,1208.297617,1218.084451
20210210,0,1218.084451,1227.118452,1197.005116,1203.027783
20210218,0,1215.073117,1255.726121,1212.814617,1255.726121
20210219,0,1255.726121,1260.243122,1240.669453,1254.220455
20210222,0,1253.467621,1313.694294,1246.69212,1313.694294
20210223,0,1322.728294,1358.111465,1314.447127,1327.245295
20210224,0,1326.492462,1352.841631,1321.975461,1340.796296
20210225,0,1345.313297,1405.539969,1331.009462,1390.483301
20210226,0,1390.483301,1412.31547,1359.617131,1382.202134
20210301,0,1376.9323,1453.721307,1366.392632,1436.406139
20210302,0,1436.406139,1461.249641,1396.505968,1435.653305
20210303,0,1442.428806,1495.127144,1428.124971,1434.147639
20210304,0,1434.147639,1434.147639,1391.236134,1391.236134
20210305,0,1385.213467,1403.281469,1343.054796,1385.966301
20210308,0,1400.270135,1443.181639,1399.517302,1443.181639
20210309,0,1449.95714,1486.093144,1434.900472,1462.002475
20210310,0,1468.025142,1481.576143,1440.923139,1477.811976
20210311,0,1486.845977,1492.868644,1386.719134,1424.360804
20210312,0,1421.349471,1443.934473,1401.775802,1414.57397
20210315,0,1415.326803,1462.002475,1403.281469,1461.249641
20210316,0,1459.743974,1474.800643,1438.664639,1445.44014
20210317,0,1445.44014,1504.913979,1434.147639,1503.408312
20210318,0,1505.666812,1513.195146,1481.576143,1502.655479
20210319,0,1502.655479,1503.408312,1455.226974,1463.508141
20210322,0,1469.530809,1507.172479,1446.192973,1448.451473
20210323,0,1448.451473,1462.755308,1434.900472,1447.69864
20210324,0,1437.158972,1453.721307,1407.045636,1445.44014
20210325,0,1443.934473,1449.95714,1413.821137,1420.596637
20210326,0,1410.809803,1440.170306,1395.753135,1432.641972
20210329,0,1437.911806,1449.95714,1393.494635,1406.292803
20210330,0,1407.045636,1424.360804,1389.730468,1417.585304
20210331,0,1413.821137,1437.158972,1404.034302,1411.562636
20210401,0,1413.068303,1449.95714,1396.505968,1433.394805
20210402,0,1437.911806,1471.789309,1426.619305,1440.170306
20210406,0,1444.687306,1455.226974,1412.31547,1418.338137
20210407,0,1419.09097,1426.619305,1381.4493,1394.247468
20210408,0,1394.94986,1397.057035,1364.044626,1381.604418
20210409,0,1381.604418,1385.116376,1340.865701,1343.675268
20210412,0,1341.568093,1345.782443,1301.531767,1328.222651
20210413,0,1331.032218,1352.806359,1315.579601,1339.460918
20210414,0,1340.163309,1359.830276,1321.901126,1342.972876
20210415,0,1346.484834,1351.401576,1310.662859,1315.579601
20210416,0,1314.877209,1345.782443,1305.746117,1337.353743
20210419,0,1337.353743,1391.437901,1331.734609,1382.30681
20210420,0,1382.30681,1394.247468,1373.87811,1387.925943
20210421,0,1387.925943,1391.437901,1354.913534,1359.127884
20210422,0,1359.127884,1381.604418,1340.865701,1357.723101
20210423,0,1359.830276,1368.258976,1345.782443,1350.699184
20210426,0,1347.889618,1375.282893,1341.568093,1367.556585
20210427,0,1366.151801,1407.59291,1357.020709,1405.485735
20210428,0,1405.485735,1413.212043,1395.652251,1408.295301
20210429,0,1408.295301,1445.52206,1408.295301,1436.390968
20210430,0,1442.010102,1466.59381,1422.343135,1465.891419
20210506,0,1471.510552,1545.261677,1465.891419,1538.237761
20210507,0,1538.237761,1539.642544,1505.225352,1518.570794
20210510,0,1516.463619,1564.226253,1458.867502,1525.594711
20210511,0,1527.701886,1548.773636,1489.772735,1511.546877
20210512,0,1510.142094,1600.048228,1500.30861,1579.678869
20210513,0,1570.547778,1635.870203,1515.761227,1552.987986
20210514,0,1555.797553,1612.691278,1491.177519,1545.964069
20210517,0,1556.499944,1616.203236,1549.476027,1571.952561
20210518,0,1566.333428,1580.381261,1536.130586,1565.631036
20210519,0,1564.226253,1569.845386,1473.617727,1496.796652
20210520,0,1471.510552,1485.558385,1424.45031,1461.677069
20210521,0,1461.677069,1490.475127,1448.331627,1465.891419
20210524,0,1472.212944,1484.855994,1430.069443,1475.724902
20210525,0,1481.344035,1512.951661,1458.16511,1501.713394
20210526,0,1492.582302,1513.654052,1481.344035,1499.606219
20210527,0,1482.046427,1510.142094,1467.998594,1495.391869
20210528,0,1495.391869,1543.856894,1488.367952,1528.404277
20210531,0,1526.297102,1552.987986,1517.868402,1531.916236
20210601,0,1531.916236,1612.691278,1518.570794,1607.774536
20210602,0,1607.072145,1629.548678,1587.405178,1607.072145
20210603,0,1607.072145,1621.82237,1569.142994,1590.917136
20210604,0,1578.976478,1598.643444,1556.499944,1576.869303
20210607,0,1586.000394,1597.941053,1567.738211,1569.845386
20210608,0,1568.440603,1590.917136,1537.535369,1576.166911
20210609,0,1576.869303,1583.893219,1543.154502,1543.154502
20210610,0,1540.344936,1541.749719,1502.415785,1504.52296
20210611,0,1504.52296,1532.618627,1498.903827,1527.701886
20210615,0,1524.189927,1538.237761,1496.09426,1522.785144
20210616,0,1522.082752,1534.725802,1507.332527,1526.999494
20210617,0,1527.701886,1562.821469,1521.380361,1560.714294
20210618,0,1555.797553,1564.226253,1519.273186,1534.725802
20210621,0,1534.725802,1562.119078,1533.321019,1537.535369
20210622,0,1534.725802,1555.797553,1513.654052,1553.690377
20210623,0,1553.690377,1557.904728,1524.892319,1527.701886
20210624,0,1528.404277,1578.976478,1526.999494,1571.952561
20210625,0,1573.357344,1612.691278,1566.333428,1603.560186
20210628,0,1607.072145,1608.476928,1560.714294,1565.631036
20210629,0,1565.631036,1571.952561,1541.047327,1541.749719
20210630,0,1541.749719,1569.845386,1538.940152,1567.738211
20210701,0,1569.142994,1576.166911,1532.618627,1536.130586
20210702,0,1545.261677,1597.941053,1541.047327,1591.619528
20210705,0,1593.726703,1603.560186,1580.381261,1593.726703
20210706,0,1593.726703,1640.786945,1589.512353,1628.846286
20210707,0,1628.143895,1628.143895,1580.381261,1593.024311
20210708,0,1593.024311,1614.096061,1587.405178,1596.536269
20210709,0,1590.917136,1600.048228,1567.738211,1595.833878
20210712,0,1601.453011,1619.012803,1581.083653,1594.429094
20210713,0,1594.429094,1615.500845,1591.619528,1613.39367
20210714,0,1614.096061,1623.227153,1595.833878,1611.286495
20210715,0,1611.988886,1627.441503,1571.952561,1595.833878
20210716,0,1600.750619,1646.406078,1581.083653,1638.67977
20210719,0,1638.67977,1663.263478,1612.691278,1623.227153
20210720,0,1609.881711,1634.46542,1602.857795,1627.441503
20210721,0,1633.060636,1682.930445,1629.548678,1671.692178
20210722,0,1674.501745,1688.549578,1661.858695,1681.525662
20210723,0,1670.287395,1681.525662,1635.870203,1642.89412
20210726,0,1640.786945,1656.239562,1623.929545,1640.084553
20210727,0,1637.977378,1660.453912,1587.405178,1594.429094
20210728,0,1594.429094,1628.846286,1594.429094,1623.929545
20210729,0,1623.929545,1642.89412,1620.417586,1633.060636
20210730,0,1633.060636,1663.209448,1624.895333,1649.391243
20210802,0,1643.738341,1650.019343,1594.118421,1615.47383
20210803,0,1617.986231,1621.126732,1574.019213,1577.159715
20210804,0,1570.250612,1611.705228,1564.59771,1610.449028
20210805,0,1607.308526,1612.961429,1573.391113,1573.391113
20210806,0,1582.812617,1654.416045,1576.531614,1646.878842
20210809,0,1651.903644,1661.325147,1628.035834,1653.787944
20210810,0,1649.391243,1675.143353,1645.622641,1668.23425
20210811,0,1671.374751,1682.680556,1658.812746,1682.680556
20210812,0,1683.308656,1714.085568,1666.349949,1669.490451
20210813,0,1668.86235,1726.019473,1665.721849,1715.969869
20210816,0,1717.226069,1767.474089,1715.969869,1731.672375
20210817,0,1729.159974,1735.440976,1707.176465,1710.945067
20210818,0,1714.713668,1731.044275,1686.449157,1693.35826
20210819,0,1693.35826,1710.316966,1661.325147,1693.35826
20210820,0,1678.911954,1726.019473,1667.60615,1722.250871
20210823,0,1719.11037,1739.837678,1697.754962,1715.969869
20210824,0,1710.316966,1739.209578,1708.432666,1717.854169
20210825,0,1711.573167,1727.903773,1686.449157,1714.713668
20210826,0,1713.457468,1714.085568,1661.953248,1662.581348
20210827,0,1660.697047,1699.639262,1651.903644,1692.102059
20210830,0,1699.011162,1713.457468,1684.564856,1707.176465
20210831,0,1708.432666,1717.854169,1682.052455,1688.961558
20210901,0,1683.308656,1707.804566,1672.002852,1698.383062
20210902,0,1699.011162,1728.531874,1680.796255,1687.705358
20210903,0,1689.589658,1720.36657,1684.564856,1712.829367
20210906,0,1715.341768,1732.928575,1704.035964,1720.36657
20210907,0,1720.36657,1816.465908,1712.829367,1799.507201
20210908,0,1799.507201,1844.730419,1791.969998,1823.375011
20210909,0,1819.606409,1895.606539,1815.837808,1874.25113
20210910,0,1871.738729,1923.242949,1856.664324,1861.689125
20210913,0,1872.99493,1903.143742,1843.474218,1857.920524
20210914,0,1859.176724,1862.945326,1799.507201,1810.184905
20210915,0,1804.532003,1840.961817,1768.730289,1813.953507
20210916,0,1813.953507,1889.953636,1787.573297,1884.300734
20210917,0,1883.044534,1918.846248,1793.854299,1829.027913
20210922,0,1893.722238,1999.243079,1893.722238,1993.590177
20210923,0,1996.730678,2037.557194,1976.63147,2019.970387
20210924,0,2020.598487,2024.995189,1915.077646,1958.416563
20210927,0,1977.887671,2125.491228,1957.788463,2125.491228
20210928,0,2134.912732,2168.830145,2080.268011,2129.25983
20210929,0,2128.63173,2183.904551,2109.788722,2157.524341
20210930,0,2160.036742,2207.77236,2117.325925,2205.88806
20211008,0,2180.13595,2182.648351,2030.019991,2111.673023
20211011,0,2107.276321,2225.987267,2085.292813,2198.350857
20211012,0,2192.069854,2291.309693,2162.549143,2250.483177
20211013,0,2254.251778,2283.14439,2078.38371,2184.532651
20211014,0,2185.160752,2217.193864,2072.730808,2154.38384
20211015,0,2154.38384,2173.854947,2088.433314,2157.524341
20211018,0,2165.689644,2248.598876,2138.053233,2242.317874
20211019,0,2242.317874,2246.714576,2155.01194,2172.598747
20211020,0,2152.499539,2173.854947,2023.110888,2023.110888
20211021,0,2022.482788,2112.301123,1920.730548,1968.466167
20211022,0,1947.738859,1989.821575,1890.581737,1890.581737
20211025,0,1839.705617,1851.011421,1720.994671,1776.267492
20211026,0,1780.664194,1796.9948,1650.019343,1744.86248
20211027,0,1752.399683,1798.879101,1700.267363,1779.407993
20211028,0,1793.854299,1830.912213,1675.771453,1796.3667
20211029,0,1798.879101,1830.284113,1717.226069,1759.308786
20211101,0,1738.581478,1749.259182,1626.779634,1635.573037
20211102,0,1639.341639,1677.655754,1529.424096,1609.820927
20211103,0,1611.077128,1769.98649,1560.829108,1759.936886
20211104,0,1753.027783,1758.680685,1636.201138,1656.928446
20211105,0,1666.349949,1678.911954,1578.415915,1611.077128
20211108,0,1614.217629,1665.093749,1555.176206,1578.415915
20211109,0,1574.647314,1617.35813,1548.267103,1590.97792
20211110,0,1582.812617,1594.746521,1514.97779,1577.787815
20211111,0,1582.812617,1708.432666,1562.085309,1685.821057
20211112,0,1677.027654,1686.449157,1572.134913,1587.209319
20211115,0,1572.134913,1611.077128,1541.986101,1568.366311
20211116,0,1582.184517,1642.48214,1553.920006,1597.887023
20211117,0,1597.887023,1645.622641,1574.019213,1637.457338
20211118,0,1639.969739,1664.465649,1614.217629,1624.267233
20211119,0,1620.498631,1727.275673,1608.564727,1695.242561
20211122,0,1664.465649,1736.697177,1663.837548,1685.821057
20211123,0,1685.821057,1720.36657,1662.581348,1664.465649
20211124,0,1664.465649,1697.754962,1655.044145,1685.821057
20211125,0,1686.449157,1710.945067,1658.812746,1666.97805
20211126,0,1658.812746,1664.465649,1601.655624,1602.283724
20211129,0,1583.440717,1654.416045,1575.903514,1647.506942
20211130,0,1647.506942,1680.796255,1616.10193,1644.994541
20211201,0,1646.250742,1727.275673,1645.622641,1688.333458
20211202,0,1690.845859,1705.920265,1637.457338,1658.812746
20211203,0,1637.89785,1679.727643,1612.407819,1649.008889
20211206,0,1651.623251,1680.381234,1614.368591,1673.845328
20211207,0,1673.845328,1722.211027,1664.041471,1667.963014
20211208,0,1669.923785,1674.498919,1554.238263,1554.238263
20211209,0,1535.937728,1537.8985,1456.853275,1462.73559
20211210,0,1460.121228,1480.382534,1432.670426,1475.8074
20211213,0,1475.8074,1503.258202,1437.89915,1495.415116
20211214,0,1490.839982,1520.905146,1479.075353,1505.872564
20211215,0,1505.872564,1518.290784,1447.703008,1452.931732
20211216,0,1450.97096,1530.709004,1448.356598,1520.905146
20211217,0,1523.519508,1559.466987,1515.022831,1551.623901
20211220,0,1558.813396,1562.081349,1477.768172,1493.454344
20211221,0,1490.839982,1540.512862,1485.611258,1526.13387
20211222,0,1526.787461,1545.741586,1505.218974,1522.212327
20211223,0,1522.212327,1535.937728,1497.375887,1515.022831
20211224,0,1509.794107,1526.13387,1474.500219,1498.683068
20211227,0,1494.761525,1507.833336,1465.349952,1493.454344
20211228,0,1493.454344,1518.944375,1481.689715,1493.454344
20211229,0,1498.683068,1516.983603,1480.382534,1494.107935
20211230,0,1490.186392,1494.107935,1458.160456,1466.657133
20211231,0,1462.081999,1466.657133,1421.559387,1426.788111
20220104,0,1432.670426,1457.506865,1411.755529,1451.624551
20220105,0,1451.624551,1473.846629,1447.703008,1470.578676
20220106,0,1471.885857,1513.71565,1458.160456,1511.101288
20220107,0,1511.101288,1534.630547,1506.526155,1527.441051
20220110,0,1529.401823,1578.421112,1529.401823,1577.113931
20220111,0,1577.113931,1624.172449,1566.002892,1614.368591
20220112,0,1614.368591,1630.708354,1608.486276,1624.826039
20220113,0,1627.440401,1684.302777,1602.603961,1608.486276
20220114,0,1609.139867,1697.374587,1609.139867,1694.760225
20220117,0,1692.799454,1701.29613,1647.701708,1668.616604
20220118,0,1668.616604,1677.766872,1638.55144,1671.884557
20220119,0,1679.074053,1713.06076,1660.119927,1696.720997
20220120,0,1694.106635,1704.564083,1672.538147,1682.342005
20220121,0,1682.342005,1794.759575,1682.342005,1772.537497
20220124,0,1775.80545,1794.105985,1746.393876,1754.890553
20220125,0,1750.31542,1784.302127,1726.786161,1764.694411
20220126,0,1767.962364,1811.099338,1755.544144,1809.138567
20220127,0,1815.020881,1864.693761,1809.138567,1862.079399
20220128,0,1869.268895,1897.373287,1841.818093,1882.340705
20220207,0,1912.405869,1963.38593,1877.765571,1939.856671
20220208,0,1933.974356,1966.653883,1920.248955,1952.274891
20220209,0,1945.738986,1949.660529,1902.602011,1932.667175
20220210,0,1930.052813,2076.45709,1912.405869,2042.470383
20220211,0,2050.313469,2062.078099,1933.320766,1943.124624
20220214,0,1954.889253,1955.542844,1874.497619,1930.706404
20220215,0,1915.020231,1915.020231,1815.674472,1873.844028
20220216,0,1873.190438,1932.013585,1861.425808,1903.255602
20220217,0,1907.177145,1907.177145,1799.988299,1801.29548
20220218,0,1787.570079,1859.465037,1781.034174,1832.014235
20220221,0,1835.282188,1907.830736,1818.288834,1903.255602
20220222,0,1895.412516,1926.13127,1862.732989,1865.347352
20220223,0,1862.732989,1899.987649,1845.739636,1879.726343
20220224,0,1875.8048,1889.530201,1808.484976,1821.556787
20220225,0,1816.981653,1840.510912,1702.603311,1702.603311
20220228,0,1702.603311,1725.47898,1663.38788,1694.760225
20220301,0,1694.760225,1713.06076,1648.355298,1702.603311
20220302,0,1711.099988,1788.87726,1694.760225,1744.433105
20220303,0,1746.393876,1802.602661,1723.518208,1788.22367
20220304,0,1784.302127,1800.64189,1741.818743,1769.923135
20220307,0,1782.994946,1862.079399,1771.230316,1796.720347
20220308,0,1777.766222,1790.184441,1665.348652,1733.322066
20220309,0,1721.557437,1758.812096,1618.290134,1637.244259
20220310,0,1610.447048,1756.851325,1601.950371,1726.786161
20220311,0,1728.746932,1741.818743,1669.270195,1681.688415
20220314,0,1666.655833,1682.995596,1586.264198,1601.29678
20220315,0,1601.29678,1654.237613,1591.492923,1600.64319
20220316,0,1588.22497,1639.205031,1575.80675,1603.257552
20220317,0,1607.179095,1616.982953,1566.002892,1605.871914
20220318,0,1607.179095,1653.584022,1591.492923,1650.96966
20220321,0,1639.858621,1662.73429,1589.532151,1601.950371
20220322,0,1596.721647,1644.433755,1582.342655,1621.558087
20220323,0,1624.172449,1675.8061,1620.904496,1672.538147
20220324,0,1696.720997,1739.857971,1685.609958,1706.524855
20220325,0,1707.178445,1828.746282,1707.178445,1803.256252
20220328,0,1786.496211,1825.602973,1772.839881,1804.497736
20220329,0,1805.118479,1855.398601,1782.151015,1843.604499
20220330,0,1824.361489,1886.435714,1809.463674,1877.745323
20220331,0,1884.573487,1900.092044,1841.742272,1870.917158
20220401,0,1857.88157,1896.36759,1833.05188,1887.056456
20220406,0,1867.813446,1905.678724,1823.740746,1825.602973
20220407,0,1828.085942,1839.880045,1791.462149,1810.084417
20220408,0,1810.084417,1829.948169,1787.737696,1827.4652
20220411,0,1832.431138,1842.363014,1793.324376,1829.327427
20220412,0,1824.982231,1939.198806,1815.671097,1923.680249
20220413,0,1927.404703,1940.44029,1902.575013,1912.506889
20220414,0,1921.19728,1989.478929,1903.195755,1947.889197
20220415,0,1949.130682,1983.271506,1931.749899,1946.026971
20220418,0,1942.923259,2024.861237,1919.335054,2013.687876
20220419,0,2012.446392,2029.206433,1978.92631,1994.444867
20220420,0,1986.375217,2017.41233,1919.955796,1928.646188
20220421,0,1929.26693,1944.785486,1902.575013,1930.508414
20220422,0,1921.818023,1946.647713,1895.126106,1928.025445
20220425,0,1926.783961,1934.85361,1783.3925,1795.807345
20220426,0,1788.358438,1831.810396,1753.596871,1790.220665
20220427,0,1793.945118,1857.260828,1793.945118,1841.121529
20220428,0,1841.121529,1874.641611,1813.80887,1869.675673
20220429,0,1868.434189,1879.607549,1833.672622,1864.709735
20220505,0,1856.019344,1907.540951,1814.429613,1900.092044
20220506,0,1903.816497,1910.02392,1847.949694,1851.053406
20220509,0,1851.053406,1872.158642,1810.705159,1817.533324
20220510,0,1800.152541,1810.084417,1676.00409,1724.421985
20220511,0,1729.387924,1781.530273,1708.282687,1772.219139
20220512,0,1762.908005,1785.875469,1705.178976,1726.284212
20220513,0,1716.973078,1754.217614,1707.661945,1742.423511
20220516,0,1745.527222,1790.841407,1721.939016,1784.013242
20220517,0,1788.97918,1810.705159,1759.183552,1769.73617
20220518,0,1775.32285,1786.496211,1746.768707,1749.251676
20220519,0,1755.459098,1831.810396,1739.3198,1829.327427
20220520,0,1826.223715,1872.158642,1816.912582,1853.536375
20220523,0,1852.915632,1859.123055,1785.254727,1817.533324
20220524,0,1806.980705,1825.602973,1790.841407,1801.394025
20220525,0,1811.325901,1856.019344,1802.63551,1854.157117
20220526,0,1849.811921,1874.020869,1812.567386,1861.606024
20220527,0,1861.606024,1914.369116,1854.777859,1887.677199
20220530,0,1883.952745,1931.749899,1878.986807,1906.920209
20220531,0,1908.161693,1944.785486,1896.988332,1910.644662
20220601,0,1914.369116,1930.508414,1900.712786,1922.438765
20220602,0,1924.921734,1941.061033,1898.229817,1941.061033
20220606,0,1939.819548,1949.130682,1873.400127,1882.711261
20220607,0,1881.469776,1929.26693,1880.849034,1901.954271
20220608,0,1895.126106,1937.957321,1884.573487,1923.059507
20220609,0,1923.059507,1964.649238,1888.918683,1892.022394
20220610,0,1888.297941,1901.333528,1857.88157,1868.434189
20220613,0,1868.434189,1886.435714,1837.397076,1877.745323
20220614,0,1877.745323,1888.297941,1787.116953,1808.842932
20220615,0,1806.359963,1830.568911,1785.254727,1805.118479
20220616,0,1805.118479,1828.085942,1800.773283,1806.359963
20220617,0,1797.048829,1800.152541,1744.285738,1792.082891
20220620,0,1800.152541,1807.601448,1761.666521,1782.771757
20220621,0,1775.32285,1785.254727,1695.867842,1713.248625
20220622,0,1713.248625,1738.078315,1640.001039,1651.795142
20220623,0,1655.519595,1709.524171,1644.966977,1705.178976
20220624,0,1710.765656,1721.318274,1671.658894,1682.832254
20220627,0,1691.522646,1728.767181,1653.657368,1710.144914
20220628,0,1716.352336,1766.632459,1707.661945,1764.770232
20220629,0,1761.045779,1805.118479,1745.527222,1783.3925
20220630,0,1792.703634,1801.394025,1770.977655,1776.564335
20220701,0,1767.873943,1772.839881,1702.075264,1703.316749
20220704,0,1713.869367,1726.904955,1656.140337,1683.452997
20220705,0,1685.315223,1702.075264,1658.623306,1659.864791
20220706,0,1638.759554,1654.898853,1585.996463,1648.69143
20220707,0,1653.036626,1696.488584,1621.999513,1658.002564
20220708,0,1668.555182,1692.76413,1583.513494,1585.996463
20220711,0,1582.892751,1599.03205,1525.784464,1584.134236
20220712,0,1582.892751,1598.411308,1512.128134,1518.335557
20220713,0,1509.024423,1553.097123,1497.23032,1540.061536
20220714,0,1520.818526,1559.925288,1509.024423,1511.507392
20220715,0,1497.851062,1554.95935,1491.022897,1522.06001
20220718,0,1531.371144,1600.273534,1529.508917,1597.790565
20220719,0,1596.549081,1617.654318,1512.128134,1519.577041
20220720,0,1510.88665,1576.685329,1504.058485,1556.200834
20220721,0,1561.166772,1576.064586,1515.231845,1536.957824
20220722,0,1523.922237,1592.824627,1517.094072,1577.306071
20220725,0,1589.100174,1615.171349,1540.682278,1570.477906
20220726,0,1579.168298,1610.826153,1571.719391,1601.515019
20220727,0,1610.826153,1633.172874,1587.858689,1597.169823
20220728,0,1598.411308,1627.586194,1580.409782,1621.999513
20220729,0,1615.792091,1662.34776,1592.203885,1628.827678
20220801,0,1635.035101,1656.76108,1596.549081,1608.963926
20220802,0,1601.515019,1638.138812,1600.273534,1635.655843
20220803,0,1635.655843,1640.001039,1589.720916,1630.069163
20220804,0,1637.51807,1643.725492,1598.411308,1602.756503
20220805,0,1607.000342,1621.146472,1579.415389,1601.34189
20220808,0,1594.976132,1694.706347,1587.903067,1690.462508
20220809,0,1684.804056,1706.730557,1664.999474,1683.389443
20220810,0,1691.877121,1699.657492,1629.63415,1648.731425
20220811,0,1655.097184,1696.828266,1619.024553,1686.925976
20220812,0,1697.535573,1702.486718,1659.341023,1679.145604
20220815,0,1669.243313,1715.925542,1648.024119,1661.462942
20220816,0,1648.024119,1679.145604,1635.999908,1657.219103
20220817,0,1658.633716,1667.8287,1607.707649,1614.780714
20220818,0,1607.707649,1650.853345,1603.46381,1629.63415
20220819,0,1637.414521,1638.121828,1572.342324,1582.951922
20220822,0,1582.951922,1674.194459,1581.537309,1667.8287
20220823,0,1671.365233,1698.950186,1652.975264,1678.438298
20220824,0,1679.852911,1686.925976,1662.877555,1672.779846
20220825,0,1674.194459,1727.949752,1670.657926,1678.438298
20220826,0,1678.438298,1713.803622,1673.487152,1710.26709
20220829,0,1711.681703,1715.218235,1657.92641,1687.633282
20220830,0,1693.291734,1700.364799,1642.365667,1653.682571
20220831,0,1645.902199,1686.218669,1645.194893,1674.194459
20220901,0,1669.243313,1678.438298,1630.341456,1637.414521
20220902,0,1633.877989,1643.072973,1608.414955,1628.219537
20220905,0,1631.048763,1662.170248,1617.60994,1658.633716
20220906,0,1660.048329,1672.779846,1612.658794,1618.317246
20220907,0,1608.414955,1625.390311,1587.195761,1611.951488
20220908,0,1616.195327,1628.926844,1600.634584,1609.829568
20220909,0,1609.122262,1643.072973,1607.707649,1631.048763
20220913,0,1644.487586,1679.145604,1640.951054,1669.243313
20220914,0,1669.243313,1670.657926,1617.60994,1631.048763
20220915,0,1630.341456,1648.024119,1616.195327,1627.512231
20220916,0,1623.975698,1637.414521,1602.756503,1614.073407
20220919,0,1614.780714,1651.560651,1614.073407,1631.756069
20220920,0,1626.804924,1654.389877,1616.902633,1640.243747
20220921,0,1640.951054,1647.316812,1614.073407,1639.536441
20220922,0,1637.414521,1703.194025,1636.707215,1696.828266
20220923,0,1696.12096,1710.974396,1686.925976,1695.413653
20220926,0,1682.682137,1722.2913,1677.023685,1715.218235
20220927,0,1718.754768,1744.217801,1702.486718,1744.217801
20220928,0,1747.754334,1756.949318,1733.608204,1744.925108
20220929,0,1751.998173,1767.558915,1727.242445,1759.778544
20220930,0,1766.851609,1795.143868,1754.120092,1794.436562
20221010,0,1801.509627,1809.289998,1751.290866,1789.485416
20221011,0,1791.607336,1794.436562,1748.46164,1756.949318
20221012,0,1761.193157,1784.534271,1753.412786,1774.63198
20221013,0,1770.388141,1778.168513,1749.168947,1757.656624
20221014,0,1747.047027,1770.388141,1740.681269,1758.363931
20221017,0,1756.242011,1761.193157,1728.657058,1755.534705
20221018,0,1758.363931,1758.363931,1717.340155,1737.852043
20221019,0,1732.900897,1749.876253,1723.705913,1731.486284
20221020,0,1731.486284,1742.095882,1715.218235,1722.998607
20221021,0,1725.827832,1739.973962,1715.218235,1720.169381
20221024,0,1717.340155,1751.290866,1690.462508,1691.169815
20221025,0,1691.169815,1701.072105,1679.852911,1684.804056
20221026,0,1684.804056,1712.389009,1681.97483,1703.194025
20221027,0,1704.608638,1725.827832,1697.535573,1699.657492
20221028,0,1704.608638,1705.315944,1669.95062,1678.438298
20221031,0,1676.316378,1681.97483,1614.073407,1631.756069
20221101,0,1631.756069,1670.657926,1626.804924,1664.292168
20221102,0,1668.536007,1672.779846,1626.804924,1646.609506
20221103,0,1641.65836,1657.219103,1632.463376,1634.585295
20221104,0,1626.804924,1701.779412,1624.683005,1701.072105
20221107,0,1708.14517,1717.340155,1670.657926,1698.242879
20221108,0,1698.242879,1748.46164,1696.828266,1746.339721
20221109,0,1749.168947,1765.436996,1742.095882,1760.48585
20221110,0,1755.534705,1792.314642,1747.047027,1780.997739
20221111,0,1776.046593,1802.216933,1772.510061,1782.412352
20221114,0,1785.948884,1816.363063,1770.388141,1778.168513
20221115,0,1778.168513,1800.80232,1771.802754,1795.143868
20221116,0,1797.265788,1834.753032,1792.314642,1821.314208
20221117,0,1822.728821,1841.826097,1807.875385,1832.631112
20221118,0,1834.045725,1849.606468,1821.314208,1846.069936
20221121,0,1844.655323,1857.386839,1824.143434,1853.143
20221122,0,1851.728387,1869.41105,1839.704177,1845.362629
20221123,0,1846.069936,1865.874517,1837.582258,1863.752598
20221124,0,1863.752598,1906.190987,1861.630678,1901.239842
20221125,0,1899.117922,1919.62981,1884.971792,1916.800584
20221128,0,1916.800584,1926.702875,1896.288696,1909.020213
20221129,0,1910.434826,1929.532101,1895.58139,1909.72752
20221130,0,1909.72752,1915.385971,1894.166777,1907.6056
20221201,0,1913.264052,1941.556312,1901.239842,1922.459036
20221202,0,1922.459036,1924.580956,1902.654455,1914.678665
20221205,0,1920.615653,1961.432446,1867.18276,1869.409131
20221206,0,1873.861872,1880.540983,1841.950561,1870.151254
20221207,0,1870.151254,1894.64133,1853.082413,1870.893378
20221208,0,1873.861872,1910.968047,1865.698513,1907.25743
20221209,0,1913.194418,1970.337928,1909.4838,1959.206076
20221212,0,1953.269088,1987.406769,1953.269088,1969.595805
20221213,0,1967.369434,1991.117387,1952.526964,1974.048546
20221214,0,1976.274917,1986.664646,1962.916693,1975.532793
20221215,0,1977.759164,2043.808156,1974.048546,2038.613292
20221216,0,2040.839662,2080.914332,2014.865339,2043.808156
20221219,0,2043.808156,2043.808156,1971.822175,1986.664646
20221220,0,1986.664646,2043.066033,1977.01704,2021.544451
20221221,0,2026.739315,2042.323909,2014.123216,2033.418427
20221222,0,2040.839662,2043.808156,1964.40094,1965.143064
20221223,0,1962.916693,1971.080052,1939.910864,1968.111558
20221226,0,1965.143064,2013.381092,1951.042717,1994.828004
20221227,0,2000.022869,2037.871168,1986.664646,2025.997192
20221228,0,2022.286574,2041.581786,2007.444104,2026.739315
20221229,0,2022.286574,2028.965686,1982.211905,2009.670475
20221230,0,2003.733487,2037.871168,1988.891016,2033.418427
20230103,0,2033.418427,2063.845491,1981.469781,2054.940009
20230104,0,2051.971515,2069.782479,2039.355415,2057.908503
20230105,0,2051.229391,2074.977344,2041.581786,2060.876997
20230106,0,2064.587615,2094.272555,2046.77665,2092.046185
20230109,0,2085.367073,2097.983173,2056.424256,2072.750973
20230110,0,2079.430085,2089.819814,2043.066033,2065.329738
20230111,0,2068.298232,2127.668113,2053.455762,2124.699619
20230112,0,2126.183866,2158.837301,2121.731125,2155.126683
20230113,0,2158.837301,2198.169847,2154.38456,2193.717106
20230116,0,2189.264365,2189.264365,2144.736954,2166.258536
20230117,0,2169.22703,2186.295871,2162.547918,2172.195524
20230118,0,2181.84313,2213.754441,2168.484907,2192.232859
20230119,0,2195.943477,2222.659923,2190.748612,2216.722935
20230120,0,2223.402047,2243.439381,2215.980811,2242.697258
20230130,0,2267.187334,2277.577063,2201.138341,2218.949306
20230131,0,2220.433553,2230.823282,2181.101006,2216.722935
20230201,0,2217.465058,2263.476716,2208.559576,2235.276023
20230202,0,2233.049652,2250.118493,2201.138341,2207.075329
20230203,0,2204.106835,2236.018146,2171.453401,2221.9178
20230206,0,2222.659923,2227.112664,2161.805795,2203.364712
20230207,0,2200.396218,2206.333206,2138.799966,2173.679771
20230208,0,2171.453401,2199.654094,2166.258536,2194.45923
20230209,0,2198.911971,2201.880465,2164.032166,2173.679771
20230210,0,2172.937648,2182.585253,2126.92599,2151.416066
20230213,0,2155.868807,2161.805795,2111.341396,2149.189695
20230214,0,2148.447572,2184.811624,2135.831472,2178.874636
20230215,0,2179.616759,2187.037994,2126.183866,2135.089348
20230216,0,2132.862978,2177.390389,2131.378731,2158.837301
20230217,0,2162.547918,2184.811624,2157.353054,2172.937648
20230220,0,2163.290042,2166.258536,2124.699619,2145.479078
20230221,0,2145.479078,2217.465058,2139.54209,2215.238688
20230222,0,2215.238688,2221.9178,2198.911971,2213.012317
20230223,0,2218.949306,2219.691429,2192.232859,2193.717106
20230224,0,2198.169847,2200.396218,2155.868807,2165.516413
20230227,0,2165.516413,2175.164018,2145.479078,2153.642436
20230228,0,2156.61093,2184.0695,2155.126683,2173.679771
20230301,0,2180.358883,2207.817453,2162.547918,2198.911971
20230302,0,2196.6856,2211.52807,2184.811624,2204.106835
20230303,0,2196.6856,2221.175676,2186.295871,2215.980811
20230306,0,2211.52807,2216.722935,2162.547918,2180.358883
20230307,0,2179.616759,2193.717106,2160.321548,2166.258536
20230308,0,2167.00066,2176.648265,2126.92599,2143.252707
20230309,0,2143.252707,2165.516413,2132.862978,2151.416066
20230310,0,2152.158189,2186.295871,2143.252707,2146.963325
20230313,0,2150.673942,2173.679771,2122.473249,2123.215372
20230314,0,2100.951667,2130.636607,2088.335567,2097.983173
20230315,0,2100.951667,2138.057843,2100.951667,2118.762631
20230316,0,2108.372902,2116.536261,2079.430085,2083.882826
20230317,0,2082.398579,2118.762631,2065.329738,2105.404408
20230320,0,2108.372902,2130.636607,2097.241049,2109.857149
20230321,0,2115.794137,2129.15236,2075.719467,2082.398579
20230322,0,2091.304061,2109.115025,2081.656455,2103.920161
20230323,0,2103.920161,2112.825643,2089.077691,2106.146531
20230324,0,2107.630778,2136.573595,2095.756802,2133.605101
20230327,0,2125.053578,2178.928176,2115.646902,2163.535434
20230328,0,2167.811195,2171.231805,2130.184492,2143.86693
20230329,0,2145.577234,2146.432387,2083.151113,2096.833551
20230330,0,2092.557789,2116.502055,2090.847484,2108.805683
20230331,0,2107.095379,2128.474187,2087.426875,2106.240226
20230403,0,2106.240226,2133.605101,2074.59959,2080.585656
20230404,0,2080.585656,2088.282027,2070.323828,2086.571722
20230406,0,2086.571722,2117.357207,2041.248648,2059.206847
20230407,0,2055.786238,2086.571722,2054.075933,2080.585656
20230410,0,2083.151113,2094.268094,2029.276515,2031.841972
20230411,0,2030.98682,2037.828039,1986.518898,2003.621945
20230412,0,2009.608011,2009.608011,1971.981308,1992.504964
20230413,0,2001.056488,2004.477097,1971.981308,1978.822527
20230414,0,1983.953441,2035.262582,1980.532832,2007.897707
20230417,0,2011.318316,2049.800172,1994.215269,2025.855906
20230418,0,2025.855906,2042.103801,2012.173468,2023.290449
20230419,0,2025.855906,2058.351695,1979.677679,1981.387984
20230420,0,1962.574632,1968.560699,1881.33516,1898.438206
20230421,0,1900.148511,1924.947929,1888.176378,1903.569121
20230424,0,1906.98973,1914.686101,1818.053886,1824.039952
20230425,0,1825.750257,1841.998152,1805.226601,1813.778124
20230426,0,1809.502363,1857.390894,1792.399316,1832.591476
20230427,0,1833.446628,1852.25998,1814.633277,1830.881171
20230428,0,1830.881171,1838.577542,1782.137488,1790.689011
20230504,0,1759.903527,1789.833859,1739.37987,1753.91746
20230505,0,1749.641698,1757.33807,1721.421671,1740.235023
20230508,0,1745.365937,1777.861726,1707.739234,1770.165355
20230509,0,1770.165355,1774.441116,1699.18771,1700.042862
20230510,0,1700.898015,1723.987128,1683.794968,1686.360425
20230511,0,1696.622253,1704.318624,1631.630675,1642.747655
20230512,0,1636.761589,1643.602808,1596.569429,1602.555495
20230515,0,1607.686409,1639.327046,1568.349401,1585.452448
20230516,0,1590.583362,1596.569429,1565.783944,1582.031839
20230517,0,1586.3076,1599.990038,1551.246354,1555.522116
20230518,0,1560.65303,1576.045772,1544.405136,1552.101507
20230519,0,1546.11544,1546.11544,1446.062616,1490.530538
20230522,0,1496.516604,1499.937214,1369.098905,1369.098905
20230523,0,1378.505581,1406.725608,1354.561315,1387.057104
20230524,0,1393.04317,1399.884389,1356.27162,1382.781342
20230525,0,1380.215885,1383.636495,1330.617049,1342.589182
20230526,0,1340.878877,1397.318932,1325.486135,1376.795276
20230529,0,1375.940124,1464.020815,1369.098905,1446.062616
20230530,0,1438.366245,1452.903835,1364.823143,1370.809209
20230531,0,1363.967991,1390.477713,1331.472202,1382.781342
20230601,0,1381.071038,1419.552893,1370.809209,1410.146217
20230602,0,1411.00137,1495.661452,1411.00137,1463.165663
20230605,0,1469.151729,1480.26871,1416.132284,1436.65594
20230606,0,1445.207464,1455.469292,1405.015303,1415.277131
20230607,0,1411.856522,1429.814721,1386.201952,1397.318932
20230608,0,1399.029237,1428.959569,1381.071038,1390.477713
20230609,0,1396.46378,1423.828655,1390.477713,1416.132284
20230612,0,1419.552893,1432.380178,1356.27162,1358.837077
20230613,0,1357.981924,1438.366245,1351.140706,1436.65594
20230614,0,1445.207464,1476.8481,1433.235331,1443.497159
20230615,0,1434.945635,1456.324444,1407.58076,1438.366245
20230616,0,1442.642006,1476.8481,1438.366245,1451.19353
20230619,0,1449.483225,1479.413557,1421.263198,1446.062616
20230620,0,1447.772921,1477.703253,1441.786854,1468.296577
20230621,0,1461.455358,1468.296577,1427.249264,1428.959569
20230626,0,1410.146217,1441.786854,1393.898323,1432.380178
20230627,0,1437.511092,1456.324444,1422.11835,1438.366245
20230628,0,1433.235331,1434.945635,1379.360733,1397.318932
20230629,0,1397.318932,1443.497159,1397.318932,1442.642006
20230630,0,1442.642006,1464.875967,1434.090483,1443.497159
20230703,0,1441.786854,1454.614139,1432.380178,1445.207464
20230704,0,1446.917768,1462.31051,1424.683807,1456.324444
20230705,0,1460.600206,1467.441424,1436.65594,1441.786854
20230706,0,1441.786854,1458.034749,1433.235331,1443.497159
20230707,0,1445.207464,1472.572339,1438.366245,1450.338378
20230710,0,1453.758987,1489.675385,1445.207464,1477.703253
20230711,0,1481.123862,1559.797878,1475.137796,1534.143307
20230712,0,1532.433003,1569.204554,1529.012393,1563.218487
20230713,0,1573.480315,1575.19062,1541.839679,1570.059706
20230714,0,1576.045772,1588.017905,1558.087573,1585.452448
20230717,0,1586.3076,1593.148819,1542.694831,1547.825745
20230718,0,1551.246354,1578.611229,1534.143307,1577.756077
20230719,0,1580.321534,1624.789456,1566.639097,1622.223999
20230720,0,1624.789456,1698.332558,1624.789456,1688.925882
20230721,0,1694.056796,1712.870148,1676.098597,1701.753167
20230724,0,1706.028929,1739.37987,1685.505273,1718.856214
20230725,0,1725.697433,1737.669566,1712.014995,1727.407737
20230726,0,1735.959261,1877.91455,1735.104109,1831.736324
20230727,0,1838.577542,1887.321226,1823.1848,1836.012085
20230728,0,1849.694523,1855.680589,1745.365937,1783.847792
20230731,0,1786.047358,1809.142798,1776.149312,1799.244752
20230801,0,1805.843449,1865.231724,1791.546272,1863.032158
20230802,0,1880.628684,1880.628684,1790.446489,1813.541929
20230803,0,1812.442146,1831.138455,1726.659084,1746.455175
20230804,0,1751.954089,1784.947575,1717.860821,1736.557129
20230807,0,1736.557129,1737.656912,1667.27081,1678.268638
20230808,0,1678.268638,1701.364078,1658.472547,1691.466032
20230809,0,1687.066901,1721.160169,1681.567987,1715.661255
20230810,0,1713.461689,1723.359735,1687.066901,1712.361907
20230811,0,1715.661255,1769.550615,1711.262124,1767.351049
20230814,0,1773.949747,1787.147141,1713.461689,1742.056044
20230815,0,1744.255609,1748.654741,1698.064729,1736.557129
20230816,0,1732.157998,1760.752352,1723.359735,1748.654741
20230817,0,1756.353221,1857.533244,1754.153655,1850.934546
20230818,0,1869.630855,1885.027815,1828.938889,1859.732809
20230821,0,1871.830421,2021.400889,1837.737152,2021.400889
20230822,0,2012.602626,2103.884603,1995.006101,2042.296763
20230823,0,2058.793506,2071.9909,2007.103712,2024.700238
20230824,0,2031.298935,2201.765277,2025.800021,2113.782649
20230825,0,2113.782649,2188.567883,2111.583083,2177.570055
20230828,0,2190.767449,2223.760935,2054.394375,2087.38786
20230829,0,2073.090683,2076.390032,1940.016958,1940.016958
20230830,0,1940.016958,2085.188295,1940.016958,2084.088512
20230831,0,2078.589598,2110.4833,2043.396546,2073.090683
20230901,0,2084.088512,2280.949643,2073.090683,2257.854203
20230904,0,2244.656809,2266.652466,2062.092855,2092.886775
20230905,0,2092.886775,2184.168752,2076.390032,2150.075483
20230906,0,2128.079826,2150.075483,2069.791335,2102.78482
20230907,0,2106.084169,2117.081998,2013.702409,2054.394375
20230908,0,2047.795678,2082.988729,1964.212181,1971.910661
20230911,0,1979.609141,2040.097198,1951.014786,2020.301106
20230912,0,2019.201323,2047.795678,1974.110226,1996.105883
20230913,0,1991.706752,1997.205666,1927.919346,1969.711095
20230914,0,1968.611312,2006.003929,1964.212181,1993.906318
20230915,0,2007.103712,2038.997415,1974.110226,2024.700238
20230918,0,2024.700238,2063.192638,1991.706752,2059.893289
20230919,0,2059.893289,2122.580912,2036.797849,2092.886775
20230920,0,2096.186123,2136.878089,2065.392203,2082.988729
20230921,0,2080.789163,2082.988729,1918.021301,2006.003929
20230922,0,2006.003929,2054.394375,2006.003929,2037.897632
20230925,0,2045.596112,2071.9909,1966.411746,1980.708923
20230926,0,1985.108055,2010.403061,1969.711095,1980.708923
20230927,0,1986.207838,2006.003929,1951.014786,1962.012615
20230928,0,1968.611312,1985.108055,1910.322821,1913.622169
20231009,0,1891.626512,1940.016958,1891.626512,1922.420432
20231010,0,1924.619998,1924.619998,1832.238238,1872.930204
20231011,0,1866.331506,1889.426946,1848.734981,1863.032158
20231012,0,1865.231724,1897.125426,1856.433461,1896.025644
20231013,0,1907.023472,1911.422604,1864.131941,1896.025644
20231016,0,1900.424775,1920.220866,1872.930204,1915.821735
20231017,0,1915.821735,1918.021301,1868.531072,1880.628684
20231018,0,1879.528901,1898.225209,1860.832592,1872.930204
20231019,0,1879.528901,1922.420432,1865.231724,1904.823906
20231020,0,1899.324992,1905.923689,1872.930204,1879.528901
20231023,0,1882.828249,1893.826078,1823.439975,1858.633026
20231024,0,1857.533244,1877.329335,1841.036501,1858.633026
20231025,0,1860.832592,1890.526729,1848.734981,1860.832592
20231026,0,1868.531072,1868.531072,1816.841278,1831.138455
20231027,0,1828.938889,1864.131941,1823.439975,1856.433461
20231030,0,1859.732809,1946.615655,1848.734981,1923.520215
20231031,0,1919.121084,1924.619998,1879.528901,1901.524558
20231101,0,1900.424775,1918.021301,1881.728466,1902.624341
20231102,0,1907.023472,1919.121084,1897.125426,1911.422604
20231103,0,1913.622169,1976.309792,1907.023472,1965.311963
20231106,0,1969.711095,2043.396546,1966.411746,2041.196981
20231107,0,2038.997415,2129.179609,2021.400889,2068.691552
20231108,0,2057.693723,2114.882432,2052.194809,2104.984386
20231109,0,2092.886775,2184.168752,2075.290249,2175.370489
20231110,0,2212.763106,2338.138352,2192.967015,2338.138352
20231113,0,2355.734877,2450.316203,2251.255506,2263.353117
20231114,0,2275.450729,2289.747906,2208.363975,2234.758763
20231115,0,2240.257677,2301.845517,2233.65898,2261.153552
20231116,0,2250.155723,2265.552683,2210.56354,2258.953986
20231117,0,2261.153552,2370.032054,2256.75442,2320.541826
20231120,0,2341.4377,2467.912729,2317.242477,2459.114466
20231121,0,2469.012511,2485.509254,2383.229449,2426.12098
20231122,0,2436.019026,2582.290146,2430.520111,2574.591666
20231123,0,2574.591666,2604.285803,2520.702306,2587.78906
20231124,0,2573.491883,2587.78906,2469.012511,2554.795574
20231127,0,2573.491883,2759.355185,2560.294488,2731.860614
20231128,0,2720.862785,2736.259745,2507.504911,2539.398614
20231129,0,2578.990797,2672.47234,2553.695791,2622.982111
20231130,0,2617.483197,2703.26626,2594.387757,2685.669734
20231201,0,2676.871471,2808.845414,2626.28146,2808.845414
20231204,0,2793.448454,2932.021094,2774.752145,2900.127391
20231205,0,2910.025437,3066.194602,2895.72826,3052.997208
20231206,0,3035.400682,3049.697859,2919.923482,2994.708717
20231207,0,2976.012408,3098.088305,2941.919139,3002.407197
20231208,0,3036.660197,3178.941889,3001.089773,3072.23062
20231211,0,3044.564735,3089.35712,2927.314081,3024.803389
20231212,0,3003.72462,3060.373812,2983.963273,3023.485966
20231213,0,3024.803389,3053.786697,2788.984658,2916.774696
20231214,0,2925.996658,2931.26635,2819.285389,2877.252004
20231215,0,2898.330773,3011.629158,2889.108812,2907.552735
20231218,0,2885.156543,2898.330773,2808.746004,2868.030043
20231219,0,2871.982312,2940.488312,2781.080119,2794.25435
20231220,0,2806.111158,2862.76035,2785.032389,2798.206619
20231221,0,2792.936927,2858.808081,2708.62185,2856.173235
20231222,0,2839.046735,2960.249658,2816.650542,2871.982312
20231225,0,2849.586119,2865.395196,2750.779388,2779.762696
20231226,0,2806.111158,2839.046735,2767.905889,2767.905889
20231227,0,2758.683927,2778.445273,2720.478658,2738.922581
20231228,0,2740.240004,2740.240004,2663.829465,2707.304427
20231229,0,2705.987004,2737.605158,2677.003696,2692.812773
20240102,0,2648.020388,2696.765042,2634.846158,2658.559773
20240103,0,2648.020388,2756.049081,2615.084811,2732.335465
20240104,0,2729.700619,2760.00135,2616.402234,2624.306773
20240105,0,2619.037081,2630.893888,2547.896234,2555.800773
20240108,0,2568.975004,2584.784081,2520.23035,2566.340157
20240109,0,2572.927273,2601.910581,2532.087157,2538.674273
20240110,0,2516.27808,2528.134888,2428.010734,2434.59785
20240111,0,2424.058465,2466.216003,2401.662273,2453.041773
20240112,0,2462.263734,2462.263734,2388.488042,2406.931965
20240115,0,2413.51908,2443.819811,2381.900926,2421.423619
20240116,0,2424.058465,2542.626542,2422.741042,2518.912927
20240117,0,2537.35685,2579.514388,2475.437965,2493.881888
20240118,0,2470.168273,2526.817465,2431.963003,2509.690965
20240119,0,2516.27808,2520.23035,2474.120542,2512.325811
20240122,0,2516.27808,2746.827119,2505.738696,2746.827119
20240123,0,2766.588465,2853.538389,2704.669581,2810.063427
20240124,0,2821.920235,2845.63385,2720.478658,2785.032389
20240125,0,2799.524042,2804.793735,2720.478658,2725.74835
20240126,0,2719.161235,2719.161235,2621.671927,2625.624196
20240129,0,2619.037081,2666.464311,2600.593158,2658.559773
20240130,0,2648.020388,2684.908235,2530.769734,2546.578811
20240131,0,2550.531081,2571.60985,2518.912927,2558.435619
20240201,0,2549.213657,2583.466657,2499.15158,2520.23035
20240202,0,2518.912927,2637.481004,2508.373542,2590.053773
20240205,0,2588.73635,2600.593158,2536.039427,2557.118196
20240206,0,2549.213657,2579.514388,2529.452311,2555.800773
20240207,0,2549.213657,2582.149234,2530.769734,2563.705311
20240208,0,2574.244696,2622.98935,2549.213657,2566.340157
20240219,0,2489.929619,2489.929619,2391.122888,2425.375888
20240220,0,2408.249388,2455.676619,2377.948657,2431.963003
20240221,0,2437.232696,2482.02508,2405.614542,2422.741042
20240222,0,2421.423619,2460.946311,2417.47135,2439.867542
20240223,0,2437.232696,2464.89858,2413.51908,2430.64558
20240226,0,2417.47135,2430.64558,2339.743388,2339.743388
20240227,0,2326.569157,2368.726696,2323.934311,2356.869888
20240228,0,2366.091849,2375.313811,2309.442657,2317.347196
20240229,0,2316.029772,2383.21835,2306.807811,2345.01308
20240301,0,2337.108542,2376.631234,2335.791119,2366.091849
20240304,0,2366.091849,2414.836503,2319.982042,2413.51908
20240305,0,2414.836503,2568.975004,2404.297119,2483.342504
20240306,0,2485.97735,2508.373542,2430.64558,2497.834157
20240307,0,2529.452311,2594.006042,2512.325811,2547.896234
20240308,0,2574.244696,2576.879542,2516.27808,2555.800773
20240311,0,2555.800773,2562.387888,2454.359196,2487.294773
20240312,0,2474.120542,2512.325811,2443.819811,2456.994042
20240313,0,2466.216003,2503.10385,2456.994042,2475.437965
20240314,0,2462.263734,2485.97735,2379.26608,2387.170619
20240315,0,2395.075157,2426.693311,2375.313811,2383.21835
20240318,0,2381.900926,2405.614542,2327.88658,2402.979696
20240319,0,2402.979696,2479.390234,2381.900926,2460.946311
20240320,0,2476.755388,2485.97735,2381.900926,2381.900926
20240321,0,2379.26608,2467.533427,2372.678965,2449.089503
20240322,0,2441.235662,2447.78053,2392.803641,2400.657482
20240325,0,2388.87672,2415.056191,2310.338308,2323.428043
20240326,0,2326.04599,2358.770329,2306.411387,2328.663937
20240327,0,2331.281884,2360.079302,2264.524234,2272.378075
20240328,0,2263.21526,2314.265228,2260.597313,2282.849863
20240329,0,2290.703704,2343.062646,2273.687048,2341.753673
20240401,0,2331.281884,2362.697249,2277.613969,2333.899831
20240402,0,2340.444699,2360.079302,2316.883175,2360.079302
20240403,0,2362.697249,2438.617715,2353.534435,2390.185694
20240408,0,2408.511324,2477.886921,2371.860064,2473.960001
20240409,0,2480.504869,2518.465101,2441.235662,2511.920234
20240410,0,2523.700996,2570.824043,2490.976657,2545.953546
20240411,0,2545.953546,2560.352255,2488.35871,2494.903578
20240412,0,2485.740763,2531.554837,2456.943345,2506.684339
20240415,0,2514.538181,2545.953546,2494.903578,2528.93689
20240416,0,2523.700996,2530.245863,2477.886921,2485.740763
20240417,0,2476.577948,2531.554837,2445.162583,2530.245863
20240418,0,2532.86381,2727.900869,2532.86381,2709.575239
20240419,0,2716.120107,2832.618752,2689.940636,2750.153419
20240422,0,2748.844445,2861.41617,2729.209842,2814.293123
20240423,0,2820.83799,2822.146964,2727.900869,2763.243154
20240424,0,2755.389313,2864.034117,2748.844445,2811.675176
20240425,0,2820.83799,2983.15071,2814.293123,2972.678922
20240426,0,2984.459684,3036.818625,2919.011006,3000.167366
20240429,0,3009.330181,3025.037863,2922.937927,2941.263557
20240430,0,2929.482795,2939.954583,2828.691832,2848.326435
20240506,0,2809.057228,2960.89816,2802.512361,2960.89816
20240507,0,2968.752001,3010.639154,2887.595641,2915.084086
20240508,0,2899.376403,2926.864848,2843.090541,2862.725144
20240509,0,2869.270012,2917.702033,2848.326435,2895.449482
20240510,0,2916.393059,2947.808424,2822.146964,2843.090541
20240513,0,2835.236699,2903.303324,2816.91107,2900.685377
20240514,0,2899.376403,2900.685377,2781.568784,2789.422625
20240515,0,2781.568784,2806.439281,2737.063683,2793.349546
20240516,0,2789.422625,2839.16362,2761.934181,2827.382858
20240517,0,2843.090541,3015.875049,2823.455937,3011.948128
20240520,0,3021.110943,3131.064721,2992.313525,3117.974985
20240521,0,3097.031408,3136.300615,3028.964784,3093.104488
20240522,0,3107.503197,3199.131345,3091.795514,3174.260848
20240523,0,3150.699324,3171.642901,3060.380149,3110.121144
20240524,0,3142.845483,3187.350583,3108.81217,3144.154456
20240527,0,3158.553165,3234.473631,3132.373694,3196.513398
20240528,0,3182.114689,3191.277504,3082.632699,3090.486541
20240529,0,3097.031408,3186.04161,3051.217334,3184.732636
20240530,0,3200.440319,3206.985186,3053.835281,3068.23399
20240531,0,3052.526308,3100.958329,3001.47634,3017.184022
20240603,0,3028.964784,3047.290414,2873.196932,2879.7418
20240604,0,2891.522562,2939.954583,2861.41617,2922.937927
20240605,0,2903.303324,2926.864848,2847.017461,2873.196932
20240606,0,2891.522562,2922.937927,2857.48925,2921.628953
20240607,0,2929.482795,3028.964784,2879.7418,2909.848191
20240611,0,2903.303324,2934.718689,2815.602096,2840.472594
20240612,0,2836.545673,2870.578985,2815.602096,2847.017461
20240613,0,2871.887959,2879.7418,2772.405969,2810.366202
20240614,0,2814.293123,2847.017461,2765.861101,2822.146964
20240617,0,2830.000805,2850.944382,2755.389313,2775.023916
20240618,0,2761.934181,2806.439281,2712.193186,2717.42908
20240619,0,2710.884213,2734.445736,2691.249609,2716.120107
20240620,0,2722.664974,2782.877758,2703.030371,2775.023916
20240621,0,2777.641863,2845.708488,2752.771366,2760.625207
20240624,0,2752.771366,2771.096996,2642.817588,2648.053482
20240625,0,2648.053482,2663.761165,2625.800932,2654.59835
20240626,0,2654.59835,2710.884213,2640.199641,2708.266265
20240627,0,2705.648318,2709.575239,2636.27272,2646.744509
20240628,0,2653.289377,2742.299578,2642.817588,2739.681631
20240701,0,2746.226498,2823.455937,2725.282922,2782.877758
20240702,0,2775.023916,2865.343091,2773.714943,2864.034117
20240703,0,2875.814879,2912.466139,2833.927726,2911.157165
20240704,0,2901.99435,2922.937927,2858.798223,2882.359747
20240705,0,2882.359747,2896.758456,2764.552128,2773.714943
20240708,0,2776.33289,2784.186731,2661.143218,2670.306033
20240709,0,2670.306033,2703.030371,2644.126562,2682.086795
20240710,0,2689.940636,2689.940636,2547.262519,2555.116361
20240711,0,2562.970202,2582.604805,2521.083048,2555.116361
20240712,0,2561.661228,2594.385567,2530.245863,2574.750964
20240715,0,2573.44199,2620.565038,2507.993313,2568.206096
20240716,0,2552.498414,2561.661228,2515.847154,2540.717652
20240717,0,2530.245863,2574.750964,2481.813842,2525.009969
20240718,0,2532.86381,2566.897123,2497.521525,2562.970202
20240719,0,2549.880466,2583.913779,2523.700996,2536.790731
20240722,0,2526.318943,2555.116361,2475.268974,2479.195895
20240723,0,2471.342054,2483.122816,2425.52798,2426.836953
20240724,0,2435.999768,2454.325398,2412.438244,2445.162583
20240725,0,2453.016424,2462.179239,2416.365165,2433.381821
20240726,0,2432.072847,2473.960001,2399.348509,2400.657482
20240729,0,2392.803641,2403.275429,2298.557546,2319.501122
20240730,0,2323.428043,2328.663937,2274.996022,2277.613969
20240731,0,2277.613969,2337.826752,2239.653736,2315.574202
20240801,0,2327.354964,2361.388276,2267.142181,2289.394731
20240802,0,2286.776784,2375.786985,2272.378075,2373.169038
20240805,0,2364.006223,2386.258773,2306.411387,2343.062646
20240806,0,2328.663937,2367.933144,2278.922943,2281.54089
20240807,0,2271.069101,2295.939599,2242.271683,2247.507577
20240808,0,2254.052445,2272.378075,2216.092212,2234.417842
20240809,0,2239.653736,2306.411387,2233.108868,2237.035789
20240812,0,2239.653736,2251.434498,2175.514032,2203.002477
20240813,0,2212.165292,2212.165292,2163.733271,2170.278138
20240814,0,2167.668062,2168.9731,2039.774342,2065.875101
20240815,0,2072.400291,2089.365784,2030.639076,2068.485177
20240816,0,2072.400291,2132.432037,2059.349911,2064.570063
20240819,0,2059.349911,2105.02624,2033.249152,2082.840595
20240820,0,2084.145632,2119.381658,2060.654949,2108.941354
20240821,0,2118.07662,2148.092493,2098.50105,2146.787455
20240822,0,2140.262265,2149.397531,2033.249152,2042.384418
20240823,0,2033.249152,2055.434797,2005.843355,2017.588696
20240826,0,2022.808848,2065.875101,1995.403051,2060.654949
20240827,0,2063.265025,2116.771582,2041.07938,2106.331278
20240828,0,2111.55143,2127.211885,2033.249152,2046.299531
20240829,0,2035.859228,2099.806088,2024.113886,2082.840595
20240830,0,2086.755708,2116.771582,2055.434797,2082.840595
20240902,0,2075.010367,2078.925481,1954.946874,1961.472064
20240903,0,1961.472064,1974.522443,1930.151152,1956.251912
20240904,0,1951.03176,1983.657709,1924.931001,1937.98138
20240905,0,1947.116646,1957.55695,1863.594216,1868.814368
20240906,0,1902.745355,1904.050393,1844.018647,1866.204292
20240909,0,1870.119406,1871.424444,1785.291938,1815.307811
20240910,0,1824.443077,1837.493457,1770.936521,1774.851634
20240911,0,1773.546596,1844.018647,1746.140799,1838.798495
20240912,0,1840.103533,1842.713609,1768.326445,1810.08766
20240913,0,1814.002773,1828.358191,1756.581103,1763.106293
20240918,0,1755.276065,1797.03728,1718.735002,1772.241559
20240919,0,1774.851634,1820.527963,1738.310571,1798.342318
20240920,0,1793.122166,1806.172546,1740.920647,1750.055913
20240923,0,1747.445837,1800.952394,1734.395457,1776.156672
20240924,0,1772.241559,1888.389938,1768.326445,1881.864748
20240925,0,1898.830241,2003.233279,1881.864748,1924.931001
20240926,0,1915.795735,1996.708089,1906.660469,1977.132519
20240927,0,2016.283658,2086.755708,1992.792975,2060.654949
20240930,0,2052.824721,2245.97034,2039.774342,2217.259505
20241008,0,2283.816441,2289.036593,1944.50657,1951.03176
20241009,0,1961.472064,2013.673582,1931.45619,1951.03176
20241010,0,1937.98138,1998.013127,1896.220165,1921.015887
20241011,0,1922.320925,1981.047633,1921.015887,1979.742595
20241014,0,1982.352671,2077.620443,1952.336798,1996.708089
20241015,0,1975.827481,2097.196012,1966.692216,2052.824721
20241016,0,2064.570063,2095.890974,1992.792975,2020.198772
20241017,0,2029.334038,2041.07938,1854.45895,1874.03452
20241018,0,1881.864748,1923.625963,1845.323685,1892.305051
20241021,0,1884.474824,1935.371304,1851.848874,1932.761228
20241022,0,1931.45619,1998.013127,1911.880621,1984.962747
20241023,0,1984.962747,2016.283658,1949.726722,1973.217405
20241024,0,1967.997253,2042.384418,1958.861988,2033.249152
20241025,0,2039.774342,2046.299531,1978.437557,1981.047633
20241028,0,1957.55695,2067.180139,1924.931001,2035.859228
20241029,0,2029.334038,2068.485177,1961.472064,1979.742595
20241030,0,2009.758468,2052.824721,1979.742595,2035.859228
20241031,0,2048.909607,2072.400291,2017.588696,2055.434797
20241101,0,2046.299531,2052.824721,1987.572823,2008.45343
20241104,0,2012.368544,2030.639076,1932.761228,1990.182899
20241105,0,1995.403051,2017.588696,1962.777102,2013.673582
20241106,0,2022.808848,2048.909607,1947.116646,1979.742595
20241107,0,1964.08214,2025.418924,1964.08214,2017.588696
20241108,0,2018.893734,2059.349911,1970.607329,1975.827481
20241111,0,1957.55695,1998.013127,1898.830241,1937.98138
20241112,0,1931.45619,1974.522443,1901.440317,1953.641836
20241113,0,1964.08214,2007.148392,1948.421684,1988.877861
20241114,0,1996.708089,2007.148392,1956.251912,1957.55695
20241115,0,1967.997253,1992.792975,1914.490697,1918.405811
20241118,0,1917.100773,1952.336798,1894.915127,1935.371304
20241119,0,1932.761228,1939.286418,1887.0849,1931.45619
20241120,0,1924.931001,1930.151152,1897.525203,1911.880621
20241121,0,1913.185659,1974.522443,1906.660469,1967.997253
20241122,0,1967.997253,1967.997253,1913.185659,1932.761228
20241125,0,1928.846114,1995.403051,1928.846114,1960.167026
20241126,0,1960.167026,1973.217405,1937.98138,1960.167026
20241127,0,1961.472064,1970.607329,1928.846114,1964.08214
20241128,0,1957.55695,1962.777102,1922.320925,1940.591456
20241129,0,1939.286418,1956.251912,1911.880621,1928.846114
20241202,0,1932.761228,1949.726722,1905.355431,1934.066266
20241203,0,1937.98138,1941.896494,1909.270545,1921.015887
20241204,0,1914.490697,1922.320925,1846.628723,1857.069026
20241205,0,1854.45895,1864.899254,1817.917887,1850.543836
20241206,0,1850.543836,1880.55971,1842.713609,1863.594216
20241209,0,1860.98414,1868.814368,1838.798495,1853.153912
20241210,0,1891.000013,1924.931001,1855.763988,1870.119406
20241211,0,1866.204292,1887.0849,1864.899254,1879.254672
20241212,0,1875.339558,1894.915127,1866.204292,1889.694975
20241213,0,1872.335573,1878.535359,1843.816554,1850.016341
20241216,0,1848.776383,1852.496255,1792.978304,1814.057578
20241217,0,1815.297536,1830.177024,1805.377877,1812.817621
20241218,0,1810.337706,1816.537493,1763.219328,1778.098816
20241219,0,1780.57873,1822.73728,1771.899029,1812.817621
20241220,0,1814.057578,1828.937066,1802.897962,1812.817621
20241223,0,1804.13792,1816.537493,1791.738346,1800.418048
20241224,0,1796.698176,1848.776383,1785.53856,1842.576597
20241225,0,1842.576597,1850.016341,1810.337706,1819.017408
20241226,0,1812.817621,1837.616767,1805.377877,1816.537493
20241227,0,1816.537493,1820.257365,1795.458218,1799.17809
20241230,0,1797.938133,1804.13792,1780.57873,1789.258432
20241231,0,1789.258432,1792.978304,1757.019541,1776.858858
20250102,0,1783.058645,1805.377877,1776.858858,1790.498389
20250103,0,1788.018474,1791.738346,1744.619968,1755.779584
20250106,0,1754.539626,1775.618901,1728.500522,1755.779584
20250107,0,1761.97937,1766.9392,1735.940266,1740.900096
20250108,0,1735.940266,1748.33984,1714.860992,1718.580864
20250109,0,1717.340906,1753.299669,1709.901162,1745.859925
20250110,0,1742.140053,1747.099882,1719.820821,1740.900096
20250113,0,1747.099882,1779.338773,1740.900096,1769.419114
20250114,0,1770.659072,1815.297536,1757.019541,1811.577664
20250115,0,1812.817621,1814.057578,1783.058645,1800.418048
20250116,0,1797.938133,1837.616767,1788.018474,1833.896896
20250117,0,1835.136853,1904.574463,1819.017408,1873.57553
20250120,0,1871.095615,1890.934933,1825.217194,1846.296469
20250121,0,1847.536426,1867.375743,1835.136853,1842.576597
20250122,0,1838.856725,1848.776383,1807.857792,1840.096682
20250123,0,1835.136853,1872.335573,1835.136853,1848.776383
20250124,0,1847.536426,1882.255231,1836.37681,1869.855658
20250127,0,1872.335573,1872.335573,1836.37681,1836.37681
20250205,0,1816.537493,1845.056511,1775.618901,1795.458218
20250206,0,1790.498389,1800.418048,1760.739413,1776.858858
20250207,0,1770.659072,1817.77745,1765.699242,1802.897962
20250210,0,1804.13792,1814.057578,1786.778517,1814.057578
20250211,0,1816.537493,1836.37681,1789.258432,1804.13792
20250212,0,1801.658005,1828.937066,1781.818688,1822.73728
20250213,0,1822.73728,1831.416981,1766.9392,1766.9392
20250214,0,1765.699242,1823.977237,1765.699242,1807.857792
20250217,0,1811.577664,1885.975103,1800.418048,1877.295402
20250218,0,1874.815487,1884.735146,1857.456085,1866.135786
20250219,0,1863.655871,1874.815487,1837.616767,1864.895829
20250220,0,1862.415914,1912.014207,1862.415914,1899.614634
20250221,0,1903.334506,1908.294335,1869.855658,1878.535359
20250224,0,1878.535359,1897.134719,1852.496255,1888.455018
20250225,0,1887.215061,1899.614634,1847.536426,1856.216127
20250226,0,1854.97617,1884.735146,1853.736213,1868.615701
20250227,0,1874.815487,1935.573397,1861.175957,1929.37361
20250228,0,1943.013141,1955.412714,1923.173823,1945.493055
20250303,0,1946.733013,1965.332373,1904.574463,1919.453951
20250304,0,1915.734079,1926.893695,1877.295402,1887.215061
20250305,0,1883.495189,1890.934933,1810.337706,1817.77745
20250306,0,1815.297536,1825.217194,1795.458218,1821.497322
20250307,0,1817.77745,1827.697109,1775.618901,1783.058645
20250310,0,1781.818688,1800.418048,1755.779584,1778.098816
20250311,0,1781.818688,1796.698176,1769.419114,1774.378944
20250312,0,1778.098816,1790.498389,1753.299669,1775.618901
20250313,0,1779.338773,1790.498389,1753.299669,1786.778517
20250314,0,1785.53856,1805.377877,1769.419114,1794.218261
20250317,0,1797.938133,1807.857792,1764.459285,1773.138986
20250318,0,1769.419114,1785.53856,1755.779584,1757.019541
20250319,0,1761.97937,1764.459285,1737.180224,1759.499456
20250320,0,1765.699242,1776.858858,1750.819754,1774.378944
20250321,0,1775.618901,1776.858858,1729.74048,1748.33984
20250324,0,1750.819754,1801.658005,1739.660138,1796.698176
20250325,0,1796.698176,1800.418048,1765.699242,1784.298602
20250326,0,1784.298602,1804.13792,1766.9392,1769.419114
20250327,0,1766.9392,1775.618901,1753.299669,1758.259498
20250328,0,1755.779584,1763.219328,1717.340906,1727.260565
20250331,0,1724.78065,1732.220394,1697.501589,1702.461418
20250401,0,1704.941333,1738.420181,1699.981504,1721.060778
20250402,0,1721.060778,1728.500522,1703.701376,1728.500522
20250403,0,1728.500522,1738.420181,1707.421248,1712.381077
20250407,0,1667.742613,1706.18129,1645.423381,1683.862058
20250408,0,1688.821888,1706.18129,1631.78385,1641.703509
20250409,0,1640.463552,1646.663338,1569.785984,1628.063978
20250410,0,1620.624234,1670.222528,1618.14432,1636.74368
20250411,0,1631.78385,1654.103082,1625.584064,1645.423381
20250414,0,1651.623168,1666.502656,1642.943466,1660.302869
20250415,0,1660.302869,1661.542826,1635.503722,1650.38321
20250416,0,1647.970369,1652.796051,1629.874062,1631.080483
20250417,0,1635.906165,1650.38321,1614.190596,1638.319005
20250418,0,1635.906165,1638.319005,1586.442925,1597.300709
20250421,0,1593.681448,1626.254801,1590.062186,1616.603437
20250422,0,1616.603437,1620.222698,1580.410823,1586.442925
20250423,0,1586.442925,1658.828154,1584.030084,1656.415313
20250424,0,1657.621733,1668.479517,1637.112585,1664.860256
20250425,0,1660.034574,1664.860256,1637.112585,1646.763949
20250428,0,1634.699744,1679.337302,1634.699744,1645.557528
20250429,0,1650.38321,1663.653835,1641.938267,1660.034574
20250430,0,1658.828154,1661.240994,1610.571335,1631.080483
20250506,0,1623.84196,1645.557528,1592.475027,1604.539232
20250507,0,1604.539232,1633.493324,1587.649346,1596.094289
20250508,0,1587.649346,1600.919971,1562.314516,1596.094289
20250509,0,1590.062186,1603.332812,1568.346618,1574.37872
20250512,0,1567.140197,1597.300709,1550.250311,1590.062186
20250513,0,1602.126391,1611.777755,1552.663152,1557.488834
20250514,0,1550.250311,1626.254801,1546.631049,1622.635539
20250515,0,1621.429119,1633.493324,1594.887868,1604.539232
20250516,0,1597.300709,1603.332812,1555.075993,1555.075993
20250519,0,1546.631049,1574.37872,1534.566845,1549.04389
20250520,0,1544.218208,1558.695254,1533.360424,1544.218208
20250521,0,1540.598947,1555.075993,1529.741163,1553.869572
20250522,0,1549.04389,1563.520936,1541.805367,1551.456731
20250523,0,1546.631049,1555.075993,1511.644856,1511.644856
20250526,0,1509.232015,1533.360424,1509.232015,1512.851276
20250527,0,1511.644856,1518.883378,1479.071503,1485.103605
20250528,0,1481.484344,1491.135707,1457.355934,1465.800877
20250529,0,1460.975196,1474.245821,1429.608263,1451.323832
20250530,0,1445.291729,1463.388037,1429.608263,1446.49815
20250603,0,1429.608263,1435.640366,1415.131218,1429.608263
20250604,0,1429.608263,1486.310026,1429.608263,1477.865082
20250605,0,1464.594457,1470.626559,1432.021104,1451.323832
20250606,0,1445.291729,1479.071503,1445.291729,1462.181616
20250609,0,1456.149514,1488.722867,1441.672468,1450.117411
20250610,0,1442.878888,1468.213718,1434.433945,1457.355934
20250611,0,1454.943093,1465.800877,1435.640366,1450.117411
20250612,0,1445.291729,1446.49815,1412.718377,1417.544058
20250613,0,1411.511956,1421.16332,1392.209229,1394.622069
20250616,0,1389.796388,1419.956899,1388.589967,1416.337638
20250617,0,1406.686274,1417.544058,1392.209229,1398.241331
20250618,0,1394.622069,1422.36974,1394.622069,1411.511956
20250619,0,1407.892695,1428.401843,1407.892695,1418.750479
20250620,0,1416.337638,1439.259627,1404.273433,1415.131218
20250623,0,1411.511956,1422.36974,1400.654172,1415.131218
20250624,0,1410.305536,1419.956899,1383.764285,1400.654172
20250625,0,1397.03491,1409.099115,1389.796388,1406.686274
20250626,0,1404.273433,1423.576161,1401.860592,1423.576161
20250627,0,1421.16332,1453.736673,1418.750479,1442.878888
20250630,0,1440.466048,1470.626559,1423.576161,1424.782581
20250701,0,1421.16332,1423.576161,1399.447751,1405.479854
20250702,0,1403.067013,1460.975196,1397.03491,1453.736673
20250703,0,1450.117411,1457.355934,1415.131218,1427.195422
20250704,0,1417.544058,1448.910991,1411.511956,1416.337638
20250707,0,1411.511956,1419.956899,1403.067013,1409.099115
20250708,0,1406.686274,1433.227525,1405.479854,1421.16332
20250709,0,1421.16332,1445.291729,1417.544058,1440.466048
20250710,0,1440.466048,1500.787071,1435.640366,1485.103605
20250711,0,1483.897185,1498.37423,1464.594457,1468.213718
20250714,0,1465.800877,1501.993492,1454.943093,1497.16781
20250715,0,1495.961389,1504.406333,1450.117411,1464.594457
20250716,0,1463.388037,1473.0394,1450.117411,1457.355934
20250717,0,1456.149514,1481.484344,1456.149514,1477.865082
20250718,0,1477.865082,1497.16781,1462.181616,1467.007298
20250721,0,1486.310026,1579.204402,1479.071503,1562.314516
20250722,0,1563.520936,1658.828154,1558.695254,1658.828154
20250723,0,1660.034574,1681.750143,1568.346618,1614.190596
20250724,0,1604.539232,1757.754633,1574.37872,1698.640029
20250725,0,1702.259291,1756.548212,1695.020768,1737.245484
20250728,0,1725.18128,1727.594121,1587.649346,1587.649346
20250729,0,1590.062186,1604.539232,1527.328322,1590.062186
20250730,0,1590.062186,1651.589631,1558.695254,1581.617243
20250731,0,1563.520936,1564.727356,1481.484344,1504.406333
20250801,0,1505.612753,1529.741163,1494.754969,1515.264117
20250804,0,1521.296219,1526.121901,1471.83298,1511.644856
20250805,0,1505.612753,1551.456731,1492.342128,1533.360424
20250806,0,1543.448322,1555.777974,1500.854977,1535.602179
20250807,0,1535.602179,1547.931832,1501.975854,1521.030772
20250808,0,1521.030772,1523.272527,1480.679181,1493.008834
20250811,0,1486.283569,1514.305507,1480.679181,1507.580242
20250812,0,1507.580242,1601.733952,1493.008834,1579.316402
20250813,0,1578.195524,1595.008687,1541.206567,1550.173587
20250814,0,1535.602179,1574.832892,1528.876914,1569.228504
20250815,0,1574.832892,1616.305359,1545.690077,1563.624117
20250818,0,1566.986749,1583.799912,1535.602179,1553.536219
20250819,0,1555.777974,1566.986749,1518.789017,1522.151649
20250820,0,1522.151649,1528.876914,1444.811101,1467.228651
20250821,0,1472.833039,1481.800059,1456.019876,1463.866019
20250822,0,1461.624264,1487.404446,1457.140754,1486.283569
20250825,0,1488.525324,1517.668139,1480.679181,1498.613222
20250826,0,1497.492344,1503.096732,1466.107774,1469.470406
20250827,0,1470.591284,1485.162691,1461.624264,1464.986896
20250828,0,1466.107774,1470.591284,1438.085836,1469.470406
20250829,0,1475.074794,1477.316549,1440.327591,1452.657244
20250901,0,1452.657244,1452.657244,1406.701266,1424.635306
20250902,0,1424.635306,1435.844081,1416.789164,1420.151796
