date,time,open,high,low,close
20180326,0,440,447.1,426.3,429.9
20180327,0,429.9,431.7,412.6,424
20180328,0,429,429.2,406.5,410.4
20180329,0,410.5,412,401.6,409.7
20180330,0,407.4,421.7,405,420.3
20180402,0,420.5,421.3,413.8,416.6
20180403,0,414.3,414.3,400.5,402.5
20180404,0,403.8,406.9,399,401.5
20180409,0,398.2,403.5,397.7,402.3
20180410,0,404.2,415.2,403.8,413.5
20180411,0,415,421.8,414.1,417.8
20180412,0,421,429.9,416.9,428.7
20180413,0,425.3,428.7,423.3,427
20180416,0,427.7,431,423.5,424.4
20180417,0,426,427.5,421.5,427.4
20180418,0,422.8,431.4,420.6,429.7
20180419,0,435,444,432.5,440.6
20180420,0,440.7,443,435.3,436.7
20180423,0,435.1,441.2,432.4,439.7
20180424,0,434.2,449.2,432.2,447.3
20180425,0,447,448.9,436.6,438
20180426,0,437.1,445,434.4,441.4
20180427,0,444,445.5,440.4,444.2
20180502,0,439.7,444.4,436,443.5
20180503,0,441.6,448,439.1,447
20180504,0,443.8,448.8,442.8,446.9
20180507,0,448.3,461.6,448.3,458.3
20180508,0,460.6,462.4,456.9,459.1
20180509,0,459.1,466.6,445.3,465.2
20180510,0,466.3,478.4,466,476.4
20180511,0,474.2,474.3,467,471.2
20180514,0,471.7,472.6,462.7,465.6
20180515,0,467.5,475.6,467.5,472.8
20180516,0,478,478,470.5,473.1
20180517,0,472,485.3,470.5,481.9
20180518,0,485,488.6,481.9,486.5
20180521,0,484.8,486,477,482.4
20180522,0,480,486.5,478.3,485.1
20180523,0,486,493.8,482.6,484.6
20180524,0,484.5,487.4,478.1,485
20180525,0,481.1,483.8,476.6,477.4
20180528,0,467.4,470.5,456.6,462.8
20180529,0,462.5,466,459.2,463.8
20180530,0,467,468.3,458.5,463.9
20180531,0,466,476.8,465.3,472.5
20180601,0,470.5,483.9,469.9,474.7
20180604,0,472.9,473.1,467.6,470.9
20180605,0,468.7,471.4,461.6,466.2
20180606,0,461.7,466.7,455.8,465
20180607,0,461,466,458,465.8
20180608,0,467.7,474.2,466.6,468.3
20180611,0,469,476.3,466.8,467.5
20180612,0,466.4,473,463.9,472.1
20180613,0,469.2,471.7,463,464.5
20180614,0,466.3,472,464.4,468.1
20180615,0,470.7,472.2,465.5,467.2
20180619,0,463.1,465.5,458,460.3
20180620,0,461.1,465.7,458.8,464.2
20180621,0,465,468.7,458.7,459.8
20180622,0,458,461.8,453.7,459
20180625,0,464.4,472,464.3,466.5
20180626,0,468.4,471.9,465.3,471.5
20180627,0,472.2,486.1,469.6,485
20180628,0,487,495,486.3,491
20180629,0,490.4,498,490.4,494.8
20180702,0,498,510,497.6,501.6
20180703,0,502.4,505.2,496.8,503.5
20180704,0,504.1,504.5,491.3,496.7
20180705,0,496,501.8,494.4,497.6
20180706,0,498.8,502,492.8,495.7
20180709,0,491,498.7,487,497.7
20180710,0,497.6,505,496.3,504.9
20180711,0,506.7,511.5,502.6,507.9
20180712,0,503.2,508.6,490,492.6
20180713,0,492.5,495.8,487.6,491.1
20180716,0,494,499.5,491.8,491.9
20180717,0,486.2,488.7,478.5,479.2
20180718,0,483,485.3,478.6,481.5
20180719,0,482.6,489.1,479,486.1
20180720,0,483.5,494.5,483.3,493.4
20180723,0,493.6,494.7,489.1,490.4
20180724,0,495.5,499.7,493.1,494.7
20180725,0,495,504.3,492.9,503.1
20180726,0,501.7,504.7,497.3,503.8
20180727,0,501.3,508.7,501.3,506.9
20180730,0,508.3,510,503.7,510
20180731,0,514.1,515.5,512.4,513.2
20180801,0,512.8,514.1,501.3,503.3
20180802,0,497.6,504.3,497.4,503.7
20180803,0,501,515.3,501,513.5
20180806,0,512.7,519.6,506,518.6
20180807,0,520.9,537.2,520.5,537.2
20180808,0,545.6,550,510.2,523.2
20180809,0,518.469257,526.420931,513.637861,516.154213
20180810,0,518.670566,520.98561,507.195998,509.611697
20180813,0,513.13459,518.871874,510.9202,512.63132
20180814,0,513.537207,522.596075,508.303194,519.375144
20180815,0,523.401308,525.213082,511.524125,513.436553
20180816,0,512.128049,515.650943,497.231243,501.156753
20180817,0,503.270489,505.082262,498.237784,499.948903
20180820,0,504.7803,506.793382,483.139669,494.614236
20180821,0,494.412928,505.182917,491.695267,499.646941
20180822,0,503.270489,511.322816,500.049558,507.900577
20180823,0,512.430012,517.0601,508.202539,511.322816
20180824,0,511.322816,518.066641,507.497961,515.147672
20180827,0,515.550289,517.664025,511.020854,514.141131
20180828,0,515.852251,519.576452,512.933282,515.34898
20180829,0,516.858792,517.462716,511.423471,511.826087
20180830,0,516.355521,527.024856,514.040477,526.219623
20180831,0,526.924202,528.735975,522.495421,527.427472
20180903,0,526.320277,527.830088,521.388226,524.609157
20180904,0,525.41439,530.447095,523.602616,527.326818
20180905,0,533.76868,535.98307,523.803925,524.709811
20180906,0,523.904579,527.729434,522.092805,523.401308
20180907,0,525.213082,526.018315,515.34898,520.180377
20180910,0,520.079723,528.836629,514.241785,527.930743
20180911,0,526.622239,528.434013,521.690189,527.729434
20180912,0,526.219623,543.83409,525.615698,539.40531
20180913,0,540.613159,544.035398,533.668026,536.788303
20180914,0,534.976529,536.888957,526.924202,529.239246
20180917,0,528.735975,533.969988,524.609157,531.252328
20180918,0,532.963447,534.070643,525.817007,526.722893
20180919,0,533.466718,536.385687,529.3399,532.158215
20180920,0,530.849711,541.116429,529.138592,539.40531
20180921,0,536.486341,538.298115,532.661485,535.580454
20180925,0,546.249788,555.912582,545.142593,552.691651
20180926,0,554.40277,559.133513,554.201462,557.82501
20180927,0,554.604078,563.662947,553.698192,561.347903
20180928,0,560.442016,568.293036,554.906041,567.286495
20181008,0,576.345364,578.761062,569.299577,576.24471
20181009,0,572.923124,601.911504,572.923124,596.778145
20181010,0,597.985995,602.414775,588.927126,601.206926
20181011,0,599.193844,601.206926,571.010696,577.955829
20181012,0,578.358446,580.371528,564.065564,577.049942
20181015,0,575.439477,579.063024,564.971451,576.848634
20181016,0,576.24471,577.351905,558.932205,563.662947
20181017,0,560.743978,569.903501,556.61716,569.702193
20181018,0,564.568834,565.474721,550.879877,558.32828
20181019,0,549.168757,563.360985,549.168757,555.409311
20181022,0,559.334821,565.575375,556.013236,562.958369
20181023,0,559.234167,561.347903,554.604078,557.724356
20181024,0,549.97399,551.181839,534.573913,539.707272
20181025,0,543.33082,547.256329,534.573913,539.807926
20181026,0,545.142593,546.249788,539.002693,541.821008
20181029,0,541.519046,548.766141,538.499423,539.606618
20181030,0,540.009234,546.551751,539.103347,544.941285
20181031,0,538.499423,540.109888,528.132051,538.600077
20181101,0,536.486341,537.19092,522.998692,526.018315
20181102,0,524.810466,527.729434,506.592074,514.040477
20181105,0,511.725433,514.745056,507.598615,512.933282
20181106,0,515.34898,520.784302,508.403848,510.9202
20181107,0,510.819546,515.550289,500.85479,501.861331
20181108,0,508.605156,510.316275,502.465256,506.692728
20181109,0,505.484879,506.088803,495.721431,498.6404
20181112,0,491.99723,503.471797,487.065179,501.861331
20181113,0,500.049558,501.961985,486.763217,487.568449
20181114,0,486.3606,489.883494,471.061177,471.061177
20181115,0,468.041554,470.859869,459.08334,466.934359
20181116,0,467.538284,471.967064,463.713428,469.752674
20181119,0,473.110872,474.987513,461.159637,466.592017
20181120,0,462.246113,465.999394,456.418652,459.282997
20181121,0,459.282997,459.480538,438.146102,441.998153
20181122,0,445.455122,448.81332,435.578068,437.65225
20181123,0,439.133808,443.380941,423.626833,427.676425
20181126,0,422.046505,422.145275,413.74978,413.74978
20181127,0,410.391581,421.25634,410.391581,412.959615
20181128,0,414.836256,423.725604,408.910023,421.453881
20181129,0,415.72519,418.885848,401.699774,404.465349
20181130,0,409.798958,414.737485,406.53953,412.959615
20181203,0,407.724777,432.417411,400.316987,426.392408
20181204,0,422.639128,428.960442,417.601831,426.886261
20181205,0,429.157983,430.738312,415.823961,419.873553
20181206,0,424.81208,429.849377,415.527649,417.206748
20181207,0,408.910023,414.836256,401.601004,406.737071
20181210,0,412.169451,431.923558,411.576828,423.626833
20181211,0,420.268635,422.244046,409.996499,413.651009
20181212,0,416.811666,421.651423,414.935026,420.169865
20181213,0,421.848964,423.429292,415.132567,417.009207
20181214,0,412.860845,423.330522,411.675598,416.614125
20181217,0,416.811666,420.367406,407.724777,412.663304
20181218,0,415.756587,416.433243,400.290171,401.933478
20181219,0,400.096841,403.383454,383.760439,386.080402
20181220,0,385.693741,392.170303,382.407128,384.823755
20181221,0,381.440477,384.72709,372.933948,376.607222
20181224,0,369.260675,376.607222,362.977443,371.967297
20181225,0,367.714033,370.033995,339.874485,343.741089
20181226,0,345.191065,352.730943,340.937801,345.384395
20181227,0,349.250999,372.837283,344.90107,370.613986
20181228,0,365.587401,370.517321,360.657481,366.457387
20190102,0,368.100693,370.227326,357.080872,358.530849
20190103,0,358.530849,384.050435,357.854193,372.547288
20190104,0,378.347194,388.400364,373.320609,384.72709
20190107,0,388.497029,397.776879,385.597076,393.910275
20190108,0,395.456916,401.643483,389.27035,391.976973
20190109,0,395.360251,405.800082,393.716944,402.416803
20190110,0,405.510086,414.596606,402.610134,407.443388
20190111,0,409.860016,413.243294,405.703417,412.663304
20190114,0,412.276643,412.276643,398.74353,400.966827
20190115,0,402.223473,406.186742,399.32352,402.416803
20190116,0,403.190124,409.37669,400.676832,408.7967
20190117,0,405.993412,411.599988,404.06011,411.019997
20190118,0,405.220091,418.84987,404.25344,417.593224
20190121,0,416.626573,426.776408,415.079931,424.16645
20190122,0,423.58646,427.453064,417.786554,420.009851
20190123,0,416.529908,418.753205,409.763351,417.979884
20190124,0,420.106516,421.169832,407.443388,411.503323
20190125,0,409.860016,418.559875,409.086695,416.433243
20190128,0,412.276643,416.336577,407.830049,407.926714
20190129,0,407.540054,409.280025,399.226855,404.543435
20190130,0,406.476737,414.886601,405.510086,410.923332
20190131,0,415.079931,419.526526,412.953299,417.206563
20190201,0,415.659922,423.006469,408.60337,409.086695
20190211,0,410.730002,416.433243,408.893365,415.273261
20190212,0,416.626573,420.009851,410.053346,413.146629
20190213,0,417.979884,423.77979,414.789936,418.076549
20190214,0,417.593224,428.033054,415.756587,427.066403
20190215,0,427.066403,432.672979,420.009851,429.483031
20190218,0,432.339902,445.576741,429.387802,445.576741
20190219,0,438.053646,439.958227,434.244483,439.196394
20190220,0,438.910707,438.910707,432.054215,434.6254
20190221,0,431.958986,440.529601,429.006886,435.482461
20190222,0,435.006316,435.672919,430.816238,435.006316
20190225,0,437.672729,438.720249,424.912036,427.57845
20190226,0,420.245813,420.817187,407.104203,412.43703
20190227,0,416.150963,419.48398,412.341801,417.388941
20190228,0,421.959936,423.769288,417.293712,418.722148
20190301,0,419.388751,428.721198,418.817377,427.864137
20190304,0,423.769288,425.864327,411.008594,415.293902
20190305,0,417.103254,422.436081,412.532259,413.770237
20190306,0,417.103254,419.007835,405.770996,417.674628
20190307,0,417.293712,424.435891,414.151153,419.007835
20190308,0,423.578829,424.245433,415.674818,416.150963
20190311,0,410.43722,419.864896,406.151913,418.722148
20190312,0,419.007835,427.102304,418.722148,423.007455
20190313,0,426.150014,426.626159,419.769667,424.245433
20190314,0,425.102494,432.244673,425.007265,431.101925
20190315,0,431.482841,435.57769,426.721388,433.292193
20190318,0,429.285528,433.006003,422.98934,430.430289
20190319,0,432.147431,437.585048,430.811877,436.249493
20190320,0,437.871239,438.634413,431.479654,436.440287
20190321,0,432.910606,443.499649,432.338225,442.545681
20190322,0,441.305523,442.068697,435.963303,439.683777
20190325,0,435.772509,436.154096,427.949973,429.476322
20190326,0,431.384257,435.581716,429.667115,433.864574
20190327,0,437.203461,439.588381,435.581716,437.680445
20190328,0,437.871239,439.969968,432.242828,432.338225
20190329,0,429.285528,438.443619,426.328228,436.821874
20190401,0,440.733142,442.259491,434.818541,439.874571
20190402,0,442.164094,451.226788,439.492984,448.555678
20190403,0,446.361552,453.611708,446.361552,450.654408
20190404,0,449.795837,450.749804,445.502981,447.410917
20190408,0,455.138056,457.332182,454.184089,454.184089
20190409,0,453.134724,459.717102,453.134724,456.187421
20190410,0,455.04266,457.045992,451.035995,453.802501
20190411,0,454.088692,460.575673,453.707105,457.99996
20190412,0,456.950595,457.618373,450.654408,453.325518
20190415,0,457.332182,458.095357,445.979965,450.082027
20190416,0,448.174091,450.463614,443.308855,444.167426
20190417,0,445.965292,451.832011,443.883553,450.696517
20190418,0,450.507268,450.507268,446.249165,447.19541
20190419,0,450.412644,451.264264,447.952406,450.318019
20190422,0,450.318019,468.580549,449.561023,463.849323
20190423,0,464.133197,472.460153,462.335331,471.513908
20190424,0,468.769798,473.406398,468.580549,470.28379
20190425,0,473.122525,479.651616,471.230035,478.705371
20190426,0,479.74624,480.976359,470.567663,471.230035
20190429,0,465.836438,468.769798,455.333118,456.84711
20190430,0,459.212723,462.808454,457.130983,461.389086
20190506,0,446.533039,449.27715,440.287822,446.627663
20190507,0,453.06213,460.348217,451.075015,459.118098
20190508,0,454.95462,456.84711,449.561023,456.373987
20190509,0,454.859995,460.442841,451.16964,455.80624
20190510,0,457.604106,465.363315,455.238493,461.483711
20190513,0,461.578335,465.268691,460.348217,463.660074
20190514,0,473.974145,483.909718,464.606319,469.621418
20190515,0,473.879521,476.339758,471.419284,473.974145
20190516,0,473.0279,482.584975,472.270904,479.273118
20190517,0,482.963473,487.316201,479.935489,484.477465
20190520,0,486.180706,493.466793,481.260232,492.520548
20190521,0,487.199084,488.719502,479.692018,483.58809
20190522,0,483.683116,484.538352,476.841233,479.596992
20190523,0,477.41139,481.11741,467.338618,468.478932
20190524,0,460.401709,460.87684,440.541243,448.99857
20190527,0,450.423963,454.129983,441.776583,446.337838
20190528,0,448.808518,457.17082,446.147786,453.179721
20190529,0,453.274747,455.555375,449.473701,450.23391
20190530,0,442.061661,453.274747,437.785484,452.419512
20190531,0,449.093597,450.614015,425.147006,425.432085
20190603,0,421.821091,423.626588,408.232351,408.232351
20190604,0,416.214548,417.164809,397.589422,401.485494
20190605,0,400.060102,408.99256,398.444657,403.861148
20190606,0,402.720834,405.191514,389.322147,395.498847
20190610,0,413.078685,415.739417,408.897534,413.173711
20190611,0,412.318476,414.884182,404.336279,409.562717
20190612,0,410.512979,412.223449,398.254605,401.960625
20190613,0,398.159579,414.218999,392.553036,406.426854
20190614,0,410.322926,412.318476,399.584971,404.526331
20190617,0,405.001462,410.2279,403.195965,404.81141
20190618,0,403.385683,405.286652,391.884818,393.0254
20190619,0,395.876854,410.704414,395.781805,403.765876
20190620,0,401.199568,414.886547,397.302581,411.559851
20190621,0,412.035093,422.965666,410.894511,417.738001
20190624,0,421.159745,426.577508,419.068679,425.436926
20190625,0,424.296345,425.151781,414.981595,418.213243
20190626,0,419.543922,429.143816,418.878582,427.813138
20190627,0,426.767605,432.755658,424.296345,425.722072
20190628,0,426.577508,429.619059,421.159745,421.539939
20190701,0,424.676539,430.949737,416.312274,429.238865
20190702,0,429.52401,429.999253,412.700432,422.205279
20190703,0,416.312274,420.969649,402.625295,406.522282
20190704,0,408.233154,415.741983,405.856943,409.08859
20190705,0,411.940044,412.795481,407.377718,410.704414
20190708,0,408.423251,420.494406,408.423251,419.829067
20190709,0,419.163728,427.337896,417.072661,419.448873
20190710,0,423.726054,423.726054,415.551886,421.825085
20190711,0,425.722072,439.314002,425.056732,438.743711
20190712,0,437.032839,439.123905,431.615077,435.512064
20190715,0,433.135852,434.941773,428.668574,431.99527
20190716,0,433.420997,437.60313,426.862653,429.238865
20190717,0,431.692198,432.918864,411.876818,416.594766
20190718,0,419.708611,421.218354,410.461434,412.348613
20190719,0,413.103484,413.669638,396.496309,407.064512
20190722,0,405.460409,412.159895,400.365026,410.178357
20190723,0,409.517844,413.197843,406.30964,412.159895
20190724,0,409.329126,417.915791,407.725024,415.651176
20190725,0,416.500407,421.501431,408.668614,415.745535
20190726,0,419.425534,420.180406,414.047074,419.142457
20190729,0,420.180406,420.180406,413.48092,414.42451
20190730,0,416.122971,419.897329,411.593741,419.048098
20190731,0,418.670662,424.332199,415.462458,421.218354
20190801,0,422.44502,423.38861,413.386561,417.915791
20190802,0,416.028612,417.821432,392.910669,404.233743
20190805,0,406.120922,413.103484,404.799897,408.574255
20190806,0,407.913742,408.762973,377.058365,406.215281
20190807,0,403.195795,404.233743,393.854259,395.458361
20190808,0,388.947593,391.589644,378.851185,390.174259
20190809,0,387.532209,389.702465,383.002979,388.947593
20190812,0,392.155797,399.421437,390.362977,394.326053
20190813,0,395.835797,398.855283,393.288105,394.420412
20190814,0,394.892207,410.461434,394.137335,407.253229
20190815,0,401.273981,403.836516,392.922016,398.616538
20190816,0,396.24382,397.382725,389.884937,396.718364
20190819,0,395.199825,404.026334,393.016925,403.172155
20190820,0,402.602703,406.114325,401.36889,405.260147
20190821,0,404.31106,406.304142,396.813273,404.690695
20190822,0,406.778686,410.954669,401.558708,404.026334
20190823,0,408.107408,408.297225,399.850351,405.355055
20190826,0,394.535464,403.172155,394.440555,400.609621
20190827,0,406.019416,407.537956,397.857268,400.324894
20190828,0,401.558708,408.107408,396.623455,405.544873
20190829,0,407.158321,413.707021,406.019416,408.487043
20190830,0,409.815764,419.686269,407.063412,417.123734
20190902,0,417.883004,419.401543,407.348138,409.531038
20190903,0,409.531038,411.713938,403.55179,407.727773
20190904,0,401.938342,408.012499,398.901264,408.012499
20190905,0,412.947751,422.248804,411.049577,416.649191
20190906,0,421.394626,428.512778,418.642273,420.730265
20190909,0,413.80193,427.6586,412.852843,427.563691
20190910,0,426.218547,433.328595,424.873403,429.677489
20190911,0,431.310879,437.075782,428.428427,431.310879
20190912,0,431.791287,434.001167,416.610374,419.396744
20190916,0,458.790253,458.790253,450.046816,451.872368
20190917,0,459.270662,476.565373,453.121431,470.704387
20190918,0,470.127897,470.608305,446.780037,452.160614
20190919,0,446.011383,449.662489,439.477825,440.438643
20190920,0,447.644772,448.797753,442.936768,445.723138
20190923,0,446.39571,451.872368,444.858402,448.221263
20190924,0,445.050566,448.797753,443.128931,443.897585
20190925,0,442.744604,445.146647,434.289412,434.865903
20190926,0,432.367778,435.730638,427.851936,432.848186
20190927,0,431.022633,435.730638,427.659773,430.926552
20190930,0,426.602874,434.481576,425.353811,429.485326
20191008,0,415.361312,424.489076,414.592658,422.759605
20191009,0,417.282946,450.911551,417.186865,431.695205
20191010,0,434.19333,439.18958,430.350061,432.752105
20191011,0,435.250229,452.833186,433.61684,448.893835
20191014,0,447.723316,457.86781,447.138057,455.234143
20191015,0,451.625045,453.185736,444.211761,444.699477
20191016,0,446.357712,448.113489,440.407576,441.968267
20191017,0,440.895292,442.260897,432.116403,433.189379
20191018,0,434.067268,436.310761,431.433601,436.310761
20191021,0,438.944428,439.724773,430.165539,435.140243
20191022,0,434.067268,434.554984,429.482737,431.433601
20191023,0,434.75007,436.310761,431.531144,432.701663
20191024,0,429.28765,439.041971,428.214675,437.383737
20191025,0,440.895292,444.211761,438.944428,440.602662
20191028,0,438.164082,446.065082,438.066539,445.08965
20191029,0,445.967539,449.186464,442.163354,443.724045
20191030,0,440.505119,447.040514,439.724773,441.480551
20191031,0,442.06581,444.79702,437.091107,438.261625
20191101,0,436.115675,437.286193,431.140971,432.701663
20191104,0,436.018132,443.333872,434.75007,439.139514
20191105,0,444.992107,449.576637,442.260897,447.430687
20191106,0,450.064353,451.332415,446.260168,446.747884
20191107,0,447.138057,452.015217,441.773181,442.65107
20191108,0,446.552798,447.82086,439.822317,440.505119
20191111,0,438.944428,446.650341,434.45744,441.187922
20191112,0,441.090378,448.113489,440.21249,445.967539
20191113,0,446.065082,447.918403,438.066539,439.041971
20191114,0,439.237057,447.333144,437.091107,444.406847
20191115,0,445.479823,446.942971,438.554255,438.554255
20191118,0,436.705047,444.296532,434.563859,443.615245
20191119,0,443.615245,443.615245,438.067621,440.987423
20191120,0,438.748908,439.332869,429.989503,431.449404
20191121,0,434.271879,440.890097,432.811978,440.306136
20191122,0,441.08475,447.702968,441.08475,446.632374
20191125,0,448.286928,452.471978,445.2698,450.91475
20191126,0,449.552176,450.817423,446.14574,447.897621
20191127,0,449.844156,453.347918,447.216334,450.91475
20191128,0,451.985344,452.861285,447.410988,449.454849
20191129,0,449.844156,451.596037,448.189601,451.109403
20191202,0,450.428116,451.012077,438.651582,439.430196
20191203,0,441.766037,442.836631,437.775641,438.456928
20191204,0,435.245146,439.916829,433.493265,436.705047
20191205,0,440.306136,446.924354,438.359602,443.517918
20191206,0,446.340394,448.676235,442.836631,445.756433
20191209,0,445.659106,456.949007,442.933958,455.39178
20191210,0,453.238627,458.719379,451.672698,456.761968
20191211,0,455.098168,458.523638,454.706686,455.48965
20191212,0,456.076874,458.132156,450.791863,456.468356
20191213,0,457.15345,460.676791,454.902427,456.272615
20191216,0,457.838544,463.808649,457.251321,460.872532
20191217,0,462.24272,464.102261,459.698085,460.676791
20191218,0,462.144849,467.723472,461.655496,463.515037
20191219,0,464.787355,468.800048,463.612908,468.310695
20191220,0,467.919213,471.638295,466.842637,469.974495
20191223,0,468.897919,470.75746,466.059672,466.646896
20191224,0,468.212825,471.442554,467.136249,470.170236
20191225,0,471.442554,478.391365,469.974495,473.889318
20191226,0,473.889318,475.650988,470.85533,474.476542
20191227,0,473.889318,481.523223,472.51913,479.174329
20191230,0,478.489235,482.991281,476.923306,478.880717
20191231,0,480.544517,483.676375,470.953201,473.204224
20200102,0,472.812742,474.085059,470.268107,472.225518
20200103,0,471.147154,492.518373,469.186492,489.185247
20200106,0,493.204605,507.321374,487.616718,505.94891
20200107,0,500.949221,503.007917,488.989181,492.322307
20200108,0,490.85181,519.379447,488.400982,498.106261
20200109,0,490.165579,492.812473,469.676657,472.029452
20200110,0,472.421585,473.401916,466.441565,469.676657
20200113,0,470.755022,470.951088,464.186803,467.519929
20200114,0,466.441565,467.127796,452.814961,456.24612
20200115,0,458.402849,461.735975,453.501193,454.187425
20200116,0,454.775624,456.442187,449.579869,454.481524
20200117,0,452.030697,458.794982,451.932663,454.873657
20200120,0,456.050054,461.539909,454.481524,456.834319
20200121,0,455.853988,457.226452,451.050365,451.83463
20200122,0,451.050365,455.167756,448.109372,450.756266
20200123,0,449.187736,450.168067,434.972934,438.404093
20200203,0,407.327596,407.327596,407.327596,407.327596
20200204,0,382.525217,391.544264,372.329773,389.681635
20200205,0,381.697154,392.700158,381.697154,388.513174
20200206,0,396.302912,400.392524,393.089645,398.347718
20200207,0,395.426567,396.789771,391.823813,394.258106
20200210,0,381.599782,391.239583,381.50241,389.38952
20200211,0,386.176253,389.97375,385.884138,387.344714
20200212,0,387.636829,392.894902,387.636829,392.700158
20200213,0,395.62131,399.808294,394.647593,395.426567
20200214,0,399.321435,399.710922,395.329195,397.471373
20200217,0,399.710922,400.392524,397.763488,399.613551
20200218,0,399.224064,399.710922,395.134451,395.329195
20200219,0,398.834577,404.287393,396.595027,402.632074
20200220,0,407.987519,410.908671,406.137456,408.571749
20200221,0,407.013802,408.279634,402.729446,404.482137
20200224,0,394.355478,394.355478,389.292148,389.681635
20200225,0,386.56574,389.194776,384.715677,388.805289
20200226,0,378.873374,380.041834,372.349468,372.349468
20200227,0,362.709668,363.099155,355.893647,359.009542
20200228,0,349.529162,352.018959,343.496193,344.741091
20200302,0,340.144544,356.040938,339.282691,352.306243
20200303,0,368.681445,369.064491,356.040938,360.541725
20200304,0,360.062918,361.882385,357.381598,359.201065
20200305,0,358.434974,359.967156,356.615507,357.860405
20200306,0,349.529162,351.061345,339.474214,342.155533
20200309,0,323.769342,323.769342,323.769342,323.769342
20200310,0,294.56211,294.56211,294.56211,294.56211
20200311,0,274.835259,281.730081,262.098991,263.343889
20200312,0,258.555819,260.854093,245.340743,250.033053
20200313,0,246.106835,257.98125,240.169627,255.778738
20200316,0,244.766175,252.52285,237.201023,237.67983
20200317,0,239.403536,240.935718,231.263816,236.051886
20200318,0,225.326608,231.742623,224.847801,226.763029
20200319,0,211.708222,225.822104,207.097688,222.246587
20200320,0,234.290433,236.642746,229.679898,236.642746
20200323,0,211.708222,234.760895,209.826371,234.19634
20200324,0,244.54652,246.992926,238.430504,244.640612
20200325,0,245.29926,251.321183,245.29926,248.780684
20200326,0,251.038905,251.132998,242.006021,243.417409
20200327,0,245.393353,245.393353,238.054134,240.50054
20200330,0,235.231358,238.242319,229.02125,237.113209
20200331,0,238.336412,254.990792,238.336412,249.627517
20200401,0,248.404314,250.192072,244.264242,246.710648
20200402,0,250.286165,271.92745,248.216129,271.92745
20200403,0,279.454853,282.089444,259.977697,266.75236
20200407,0,280.395779,280.866241,275.126596,280.113501
20200408,0,272.868375,278.890298,269.386951,275.502966
20200409,0,279.454853,285.006313,279.454853,283.78311
20200410,0,270.233784,277.573002,269.104674,272.868375
20200413,0,277.667095,286.888164,267.787378,268.257841
20200414,0,270.798339,272.397913,262.706381,264.211861
20200415,0,256.872643,262.518195,254.426237,258.284031
20200416,0,259.507234,262.047733,243.229224,243.323317
20200417,0,246.710648,248.027944,227.798047,238.712782
20200420,0,227.703955,231.279471,220.364736,228.456695
20200421,0,219.235626,225.445733,213.401888,215.660109
20200422,0,198.158896,204.839467,198.158896,198.158896
20200423,0,198.158896,223.940253,193.171991,214.060536
20200424,0,216.224664,223.84616,213.966443,217.447867
20200427,0,211.708222,213.590073,202.298968,202.487153
20200428,0,197.594341,202.769431,192.983806,194.395194
20200429,0,202.298968,214.248721,201.546228,211.237759
20200430,0,221.72597,224.846429,214.878295,215.571731
20200506,0,249.029989,249.029989,226.840056,228.486965
20200507,0,223.372879,229.527118,220.079061,226.580018
20200508,0,235.507999,237.328266,218.258793,227.360133
20200511,0,225.539865,228.573645,220.859176,224.326353
20200512,0,224.499712,225.193147,217.998755,219.472305
20200513,0,222.159367,222.332726,215.65841,217.825396
20200514,0,218.432152,218.952228,208.724056,212.62463
20200515,0,212.62463,227.273453,211.931195,224.933109
20200518,0,225.626544,233.601051,222.072688,231.954142
20200519,0,234.034448,242.268994,228.140247,231.780783
20200520,0,232.30086,234.727884,229.700477,232.820936
20200521,0,235.681357,241.835597,235.161281,241.142161
20200522,0,242.095635,242.702391,225.453185,230.307233
20200525,0,232.30086,237.674984,229.007042,235.507999
20200526,0,235.161281,239.148534,234.207807,238.195061
20200527,0,238.628458,239.84197,234.207807,236.461472
20200528,0,235.161281,239.928649,234.207807,236.72151
20200529,0,237.935022,241.662238,236.634831,238.541778
20200601,0,237.674984,242.615711,237.414946,241.055482
20200602,0,241.488879,242.529032,239.321893,241.488879
20200603,0,242.442353,253.623998,241.922276,251.89041
20200604,0,248.769951,248.943309,239.84197,243.049109
20200605,0,244.089262,247.903156,242.095635,246.949683
20200608,0,254.577472,258.391367,248.769951,256.311061
20200609,0,251.370333,254.404113,247.38308,250.676898
20200610,0,248.77543,251.548404,247.190873,247.983151
20200611,0,248.300063,249.646936,242.674886,244.180215
20200612,0,240.060367,241.644924,229.760747,232.296038
20200615,0,236.098975,240.69419,228.493102,229.602291
20200616,0,228.968469,241.565696,228.968469,241.011101
20200617,0,245.606316,248.220835,241.090329,244.021759
20200618,0,243.773264,245.429895,241.785307,244.60158
20200619,0,245.595559,248.991652,243.441938,247.914842
20200622,0,249.819968,250.813947,243.856096,246.258211
20200623,0,246.175379,249.985631,245.098569,247.335021
20200624,0,249.074484,249.488642,245.595559,247.666347
20200629,0,240.87416,241.702476,234.910288,236.649751
20200630,0,239.466024,243.938928,239.134697,242.199465
20200701,0,241.039823,243.52477,239.134697,242.944949
20200702,0,242.696454,248.494663,241.039823,247.003695
20200703,0,248.080505,249.737136,245.429895,246.672369
20200706,0,246.258211,248.080505,243.607601,247.417853
20200707,0,247.003695,248.163337,244.270254,245.098569
20200708,0,246.7552,251.228104,245.264232,247.417853
20200709,0,248.690333,249.167513,247.179263,247.974563
20200710,0,247.974563,248.610803,240.975922,242.407462
20200713,0,244.157123,246.940673,243.759472,245.191013
20200714,0,245.350073,246.383963,239.623912,242.805112
20200715,0,242.168872,245.747723,241.134982,244.872893
20200716,0,246.145373,246.861143,237.874252,239.782972
20200717,0,240.419212,242.805112,238.749082,239.146732
20200720,0,239.385322,240.498742,232.625271,233.261511
20200721,0,233.420572,240.737332,233.022921,238.112842
20200722,0,243.123232,243.123232,238.271902,239.623912
20200723,0,238.590022,239.942032,236.760832,239.464852
20200724,0,237.715192,240.260152,233.897752,235.249762
20200727,0,235.965532,237.397072,232.863861,234.454462
20200728,0,235.806472,236.204122,229.523601,232.148091
20200729,0,230.796081,232.386681,229.046421,231.511851
20200730,0,231.989031,235.011172,230.875611,231.352791
20200731,0,229.682661,231.670911,222.28637,227.535351
20200803,0,227.694411,228.171591,221.01389,222.445431
20200804,0,224.036031,225.944751,222.20684,223.717911
20200805,0,221.88872,225.626631,220.37765,222.684021
20200806,0,228.251121,228.569241,220.93436,224.990391
20200807,0,226.183341,226.660521,222.445431,224.115561
20200810,0,224.115561,228.251121,222.20684,226.103811
20200811,0,226.660521,228.092061,224.910861,226.899111
20200812,0,228.251121,228.569241,221.72966,226.024281
20200813,0,227.17943,227.56448,225.100161,225.562221
20200814,0,226.409331,226.409331,223.559962,224.792121
20200817,0,224.330061,224.484081,222.712852,222.789862
20200818,0,221.711722,224.792121,218.554313,218.785343
20200819,0,219.401423,224.715111,218.323283,222.404812
20200820,0,222.250792,223.713982,221.634712,222.404812
20200821,0,222.558832,222.789862,218.939363,220.479563
20200824,0,219.324413,223.945011,217.322153,222.327802
20200825,0,223.328932,227.17943,222.327802,225.870261
20200826,0,227.79551,228.41159,225.716241,226.717371
20200827,0,226.486341,227.79551,225.870261,227.102421
20200828,0,226.486341,228.10355,224.407071,226.101291
20200831,0,226.101291,230.952919,226.101291,229.48973
20200901,0,229.41272,229.95179,225.023151,227.025411
20200902,0,226.409331,227.64149,224.869131,225.408201
20200903,0,225.485211,225.562221,218.785343,220.094513
20200904,0,218.554313,221.018632,217.399163,219.016373
20200907,0,219.632453,219.863483,209.621156,209.852186
20200908,0,209.852186,211.931455,206.463747,207.233847
20200909,0,202.459228,202.536238,193.295041,193.295041
20200910,0,195.341264,196.875932,191.175738,192.929644
20200911,0,191.175738,194.756629,189.348753,189.860309
20200914,0,188.544879,193.295041,187.667926,191.468056
20200915,0,190.079547,191.906532,189.056435,190.518023
20200916,0,193.002723,198.995235,191.321897,197.752885
20200917,0,198.118282,200.091426,196.072058,197.314408
20200918,0,198.045203,204.037714,197.314408,203.014602
20200921,0,201.041458,205.572382,200.529902,202.210729
20200922,0,200.968379,202.429967,188.983356,193.514279
20200923,0,195.414344,196.656694,191.614214,193.660438
20200924,0,194.68355,196.949011,189.787229,191.248817
20200925,0,191.468056,196.656694,191.102659,194.902788
20200928,0,193.806597,196.218217,190.88342,191.687294
20200929,0,193.879676,195.268185,191.833453,194.098914
20200930,0,194.3086,194.727971,186.130864,186.340549
20201009,0,194.3086,195.217237,191.652583,193.609648
20201012,0,192.980591,194.937657,190.184784,192.351535
20201013,0,191.932164,192.701011,188.227719,190.044994
20201014,0,190.53426,191.093422,187.458872,188.437405
20201015,0,189.625623,192.491325,189.555728,190.743946
20201016,0,187.319082,193.819334,184.034008,189.695518
20201019,0,189.765413,192.910696,188.64709,189.835308
20201020,0,189.346042,191.932164,187.109396,189.206252
20201021,0,188.996566,190.324575,187.668558,188.577195
20201022,0,188.087929,189.695518,184.313589,186.410445
20201023,0,186.690025,187.528767,184.942646,185.431912
20201026,0,186.410445,186.410445,178.442394,178.79187
20201027,0,178.79187,180.049983,177.114386,179.211241
20201028,0,178.65208,181.098411,174.318578,176.135853
20201029,0,171.662562,172.920675,164.673044,166.140842
20201030,0,158.312582,164.043987,155.097404,156.355517
20201102,0,158.801849,159.640591,150.274637,154.468347
20201103,0,157.36505,162.484803,156.354572,160.800674
20201104,0,164.640489,167.806652,162.417438,166.930905
20201105,0,167.537191,168.884495,162.888994,163.832107
20201106,0,166.055158,167.604557,159.588101,161.945882
20201109,0,161.27223,166.661444,160.733309,165.381506
20201110,0,175.014726,176.294664,169.558147,172.72431
20201111,0,173.936883,179.595558,172.72431,179.124002
20201112,0,179.797653,180.336575,174.408439,175.823108
20201113,0,174.879996,178.248254,172.791675,173.263231
20201116,0,173.263231,176.159934,171.511737,175.688378
20201117,0,178.652445,179.326097,174.138979,175.014726
20201118,0,174.408439,177.103046,172.72431,174.947361
20201119,0,177.844063,178.180889,173.397962,175.755743
20201120,0,175.621013,177.844063,174.745265,175.553647
20201123,0,175.688378,180.606035,175.486282,180.471305
20201124,0,180.875496,190.373986,178.45035,189.565604
20201125,0,189.969795,197.986251,188.891952,195.224279
20201126,0,195.224279,200.344032,193.540149,194.348531
20201127,0,191.99075,196.841043,191.317098,194.752722
20201130,0,196.234756,197.514695,186.870997,189.700334
20201201,0,190.643447,196.369487,190.373986,193.135958
20201202,0,193.607514,194.011705,188.353031,191.384464
20201203,0,192.058115,197.043138,191.047638,193.203323
20201204,0,193.135958,203.847021,190.17189,199.333554
20201207,0,198.688044,200.495473,196.106003,197.977983
20201208,0,197.332473,199.462656,189.909105,191.071024
20201209,0,191.910187,193.846717,189.263595,192.039289
20201210,0,192.039289,195.26684,189.973656,190.554615
20201211,0,192.362044,200.366371,191.974738,194.62133
20201214,0,194.62133,197.267922,193.782166,196.816064
20201215,0,196.364207,200.043616,190.87737,193.97582
20201216,0,195.525044,196.816064,193.523962,194.814983
20201217,0,195.073187,204.433085,194.944085,203.142065
20201218,0,202.367452,206.305065,201.140983,203.593922
20201221,0,203.981228,208.306146,197.590677,199.333554
20201222,0,198.817146,199.785411,190.102758,190.554615
20201223,0,193.265758,194.685881,184.938676,188.101677
20201224,0,190.102758,199.204452,189.392697,198.300738
20201225,0,196.493309,200.366371,195.008636,199.849962
20201228,0,199.849962,202.044697,196.106003,197.913432
20201229,0,199.72086,201.851044,194.685881,196.880615
20201230,0,197.977983,199.269003,193.588513,196.945166
20201231,0,197.977983,198.236187,194.169473,194.750432
20210104,0,195.525044,207.531534,194.685881,206.62782
20210105,0,202.367452,206.175963,198.817146,200.818228
20210106,0,204.11033,211.017289,200.882779,208.951656
20210107,0,206.603172,218.282122,206.603172,216.758781
20210108,0,216.377946,219.932409,212.379175,218.72643
20210111,0,220.567134,223.423399,210.474998,210.982778
20210112,0,211.617504,219.868936,209.7768,218.536013
20210113,0,220.313244,224.565905,217.076144,222.344366
20210114,0,221.20186,222.153948,215.933638,217.330034
20210115,0,217.076144,220.630607,212.633065,215.425857
20210118,0,214.727659,215.298912,207.428315,211.363614
20210119,0,211.046251,214.918077,210.601943,212.188757
20210120,0,212.886955,218.21865,212.696537,217.520452
20210121,0,217.330034,218.536013,214.029461,215.806693
20210122,0,215.298912,216.949199,210.728888,210.919306
20210125,0,208.824711,213.712098,206.031919,210.792361
20210126,0,209.7768,211.236669,207.999568,208.189986
20210127,0,211.046251,213.077373,209.713327,212.633065
20210128,0,210.855833,215.362385,208.824711,211.554031
20210129,0,212.315702,216.377946,211.236669,212.633065
20210201,0,213.585153,215.679747,209.269019,213.458208
20210202,0,213.775571,220.630607,212.379175,220.122826
20210203,0,223.359927,223.359927,218.345595,220.313244
20210204,0,221.392278,228.501204,220.821025,226.91439
20210205,0,226.539222,229.165401,223.66293,227.789783
20210208,0,228.665176,233.229726,227.977367,230.916187
20210209,0,231.416412,237.98186,230.728603,236.481186
20210210,0,235.168096,235.418208,229.665625,232.10422
20210218,0,245.172588,253.426294,245.172588,249.487026
20210219,0,248.674161,250.487475,237.669219,242.85905
20210222,0,242.358825,247.611183,240.482983,245.235116
20210223,0,244.359723,262.117697,243.859499,258.178428
20210224,0,255.864889,257.80326,250.299891,253.738935
20210225,0,257.615676,263.993539,255.177081,261.242304
20210226,0,261.36736,262.117697,251.425396,253.801463
20210301,0,251.550452,259.178878,248.924273,255.739833
20210302,0,254.676856,255.177081,240.983207,242.046185
20210303,0,246.235566,248.861745,241.671016,245.610285
20210304,0,246.53479,251.712021,244.069442,249.924644
20210305,0,249.924644,264.593464,248.1989,264.03876
20210308,0,265.394702,277.53654,264.285295,273.961786
20210309,0,270.017229,270.510299,262.004848,263.915493
20210310,0,266.319207,267.120445,253.745933,257.19742
20210311,0,260.710541,262.004848,256.272915,259.909303
20210312,0,261.388512,265.517969,260.587273,260.957076
20210315,0,262.18975,267.736782,259.662768,263.853859
20210316,0,260.155838,260.52564,255.53331,256.396182
20210317,0,256.088014,260.217471,252.821428,259.416233
20210318,0,255.163508,256.519449,251.095684,253.622666
20210319,0,251.835288,252.020189,233.899882,233.899882
20210322,0,233.53008,242.651867,232.667208,240.433054
20210323,0,240.433054,244.007809,239.508549,240.86449
20210324,0,233.961516,239.262014,229.708791,233.037011
20210325,0,235.502359,243.514739,234.762754,236.180329
20210326,0,233.899882,238.399142,230.941465,236.8583
20210329,0,237.721172,244.809047,237.474637,239.138747
20210330,0,244.809047,248.1989,240.433054,245.671919
20210331,0,242.282065,247.02786,241.604095,246.349889
20210401,0,244.007809,246.164988,236.36523,242.097164
20210402,0,242.158798,252.081823,238.892212,251.958556
20210406,0,240.802857,242.282065,236.426864,239.20038
20210407,0,239.508549,242.960036,236.735032,237.906073
20210408,0,238.953846,239.69345,233.838249,236.36523
20210409,0,237.104835,240.18652,235.748893,238.275875
20210412,0,237.844439,242.343699,235.379091,235.68726
20210413,0,239.262014,243.453106,238.152608,242.097164
20210414,0,243.448976,245.845369,240.561015,245.783923
20210415,0,245.169463,255.185158,245.169463,254.755036
20210416,0,253.218887,257.212875,252.727319,256.168294
20210419,0,255.983956,256.414078,251.191169,253.341779
20210420,0,254.509252,257.151429,252.174305,254.570698
20210421,0,253.649009,254.632144,245.783923,247.320073
20210422,0,243.448976,247.934532,240.683907,242.895962
20210423,0,244.309219,245.968261,242.281502,245.169463
20210426,0,243.203192,249.286344,242.46584,243.633314
20210427,0,242.097164,248.610438,240.376677,247.258627
20210428,0,247.258627,250.822493,245.968261,250.761047
20210429,0,251.928521,255.92251,250.822493,254.939374
20210430,0,259.240593,260.285174,255.123712,258.134565
20210506,0,260.285174,265.692421,260.100837,263.173136
20210507,0,263.050244,263.296028,258.196011,261.57554
20210510,0,257.888781,264.893623,256.659862,263.173136
20210511,0,261.944216,262.80446,255.983956,257.212875
20210512,0,255.501383,262.163979,254.829011,262.163979
20210513,0,262.897476,266.748334,258.43537,259.718989
20210514,0,257.151751,258.863243,250.978153,253.362017
20210517,0,256.23488,262.897476,255.684757,260.819235
20210518,0,259.780114,267.726329,259.291116,266.870583
20210519,0,266.870583,266.870583,256.11263,257.457374
20210520,0,255.012385,255.501383,247.738542,251.222652
20210521,0,249.877907,251.100402,244.376682,244.62118
20210524,0,248.655413,254.156639,247.921916,253.056394
20210525,0,254.095514,260.513611,253.667641,259.780114
20210526,0,258.924368,261.736106,258.313121,260.574736
20210527,0,257.518499,261.063734,257.029501,257.885247
20210528,0,257.335125,266.503835,257.335125,262.775226
20210531,0,267.726329,267.726329,259.474491,262.102854
20210601,0,264.058845,277.261788,261.308233,268.948824
20210602,0,272.310684,273.28868,266.137086,268.276452
20210603,0,269.682321,275.978168,269.071074,273.899927
20210604,0,272.616308,273.41093,268.093078,272.12731
20210607,0,273.227555,277.750786,269.315573,270.660317
20210608,0,271.638312,274.205551,267.237332,270.782566
20210609,0,270.476942,278.423158,269.865695,277.017289
20210610,0,276.65054,277.750786,270.476942,272.860807
20210611,0,275.122422,277.506287,268.459826,277.200663
20210615,0,280.13465,283.435386,276.100418,277.750786
20210616,0,280.085342,285.307376,278.9795,283.40287
20210617,0,283.095691,284.570148,279.102371,281.314056
20210618,0,280.761135,282.97282,271.361473,271.791523
20210621,0,270.808552,281.129749,270.747116,277.566479
20210622,0,276.092022,283.710048,274.248951,283.710048
20210623,0,282.911384,287.027576,280.453956,286.290347
20210624,0,286.904704,288.932082,284.017227,285.983169
20210625,0,282.788513,289.607875,282.727077,286.474655
20210628,0,287.39619,291.082332,282.235591,285.000198
20210629,0,286.228912,286.351783,279.655292,280.331085
20210630,0,283.218563,284.508712,281.559799,281.989849
20210701,0,284.140098,285.430248,279.225242,282.297027
20210702,0,288.809211,290.590846,285.123069,287.580497
20210705,0,288.25629,290.222232,285.430248,289.730747
20210706,0,289.915054,294.276988,286.10604,291.266639
20210707,0,287.519061,287.949111,275.416229,277.013557
20210708,0,277.013557,278.488014,268.596867,269.641274
20210709,0,270.255631,274.433258,267.921074,273.143108
20210712,0,274.617565,279.286678,274.617565,275.600536
20210713,0,273.143108,279.901035,273.143108,279.348114
20210714,0,277.812221,283.83292,276.952122,283.157127
20210715,0,283.217786,283.70306,269.023534,269.872763
20210716,0,269.690785,272.723745,264.959368,265.687279
20210719,0,268.113646,268.59892,261.07718,263.928162
20210720,0,257.862242,258.408175,248.581385,251.432367
20210721,0,247.550179,253.616098,247.004246,250.583139
20210722,0,254.768623,259.318063,253.858735,258.650812
20210723,0,258.893449,267.264418,258.832789,264.83805
20210726,0,265.56596,269.569467,264.595413,266.415189
20210727,0,268.356283,274.300884,268.295624,270.540014
20210728,0,271.571221,275.453409,268.59892,273.269678
20210729,0,274.179566,275.332091,272.117153,274.725499
20210730,0,274.725499,278.183073,272.723745,274.300884
20210802,0,275.39275,279.274938,269.205512,272.541768
20210803,0,272.35979,274.422203,263.624866,263.988821
20210804,0,259.257404,264.83805,257.437628,264.716731
20210805,0,260.652565,262.896955,254.950601,255.617852
20210806,0,257.437628,264.231458,256.285103,262.775637
20210809,0,264.231458,266.35453,252.160278,253.919394
20210810,0,251.311049,257.740924,250.643798,257.437628
20210811,0,256.891695,263.078933,256.709717,262.775637
20210812,0,258.482708,263.984913,256.426939,261.203579
20210813,0,260.659404,263.319811,257.998998,259.994303
20210816,0,261.505897,263.440739,255.580446,256.547867
20210817,0,254.008387,257.817606,252.013082,253.88746
20210818,0,254.492098,257.575751,251.892155,255.459518
20210819,0,256.003692,256.60833,245.059746,245.422529
20210820,0,243.427224,245.543457,240.706353,245.059746
20210823,0,240.222643,247.35737,238.952903,245.180674
20210824,0,247.901544,257.212968,247.175979,255.519982
20210825,0,257.333896,261.808216,256.185084,259.691984
20210826,0,262.352391,263.319811,259.571056,261.626825
20210827,0,261.505897,266.222073,258.301317,264.952334
20210830,0,266.463928,266.947639,263.924449,265.012797
20210831,0,266.403465,267.61274,263.984913,266.524392
20210901,0,265.012797,270.091756,263.803522,269.970828
20210902,0,269.003408,269.184799,262.412854,268.942944
20210903,0,271.361495,277.407875,271.240568,275.714888
20210906,0,277.407875,277.831121,269.245263,270.575466
20210907,0,272.994018,277.528802,272.087061,276.259063
20210908,0,273.322739,274.974421,270.936977,274.362687
20210909,0,276.56493,278.277785,274.05682,276.136716
20210910,0,273.445086,276.809623,268.673561,273.628606
20210913,0,276.56493,282.621096,276.197889,281.397628
20210914,0,282.376402,285.679766,279.868293,283.905737
20210915,0,284.823338,286.780887,280.17416,285.863286
20210916,0,288.616089,296.01807,288.310222,289.778383
20210917,0,288.554915,292.531186,286.2915,290.328944
20210922,0,286.84206,291.430065,285.985633,289.90073
20210923,0,289.53369,295.283989,288.799609,293.265267
20210924,0,293.387614,300.239034,291.858279,298.89322
20210927,0,297.547405,306.539894,295.956897,302.50245
20210928,0,304.459999,311.617286,303.603571,310.516165
20210929,0,308.925657,310.822032,297.302711,299.26026
20210930,0,301.707196,306.234027,300.422555,302.563623
20211008,0,320.059215,324.096659,319.386308,323.056712
20211011,0,320.793296,325.809514,318.040493,324.219006
20211012,0,325.442474,326.849462,322.261457,323.913139
20211013,0,323.790491,327.469929,319.620462,322.38004
20211014,0,321.153561,325.262266,316.860884,324.710351
20211015,0,325.63021,328.819056,321.337533,327.776548
20211018,0,328.083168,335.135423,324.587703,332.989085
20211019,0,332.927761,333.663648,322.747984,325.262266
20211020,0,324.587703,325.446238,319.74311,321.582829
20211021,0,320.724293,330.842746,318.577955,324.894322
20211022,0,323.790491,327.040661,317.4128,319.007223
20211025,0,324.649027,329.493619,320.969589,326.979337
20211026,0,328.819056,329.800239,325.32359,325.998154
20211027,0,328.389788,328.451112,323.238576,323.974463
20211028,0,323.913139,325.875506,309.992601,317.351476
20211029,0,317.044856,322.870632,314.407926,322.257392
20211101,0,318.945899,322.931956,316.308968,319.068547
20211102,0,323.913139,328.635084,323.606519,327.96052
20211103,0,326.427421,327.224633,319.068547,321.521505
20211104,0,318.148687,318.761927,310.667164,312.874827
20211105,0,322.134744,325.507562,307.600967,311.83232
20211108,0,312.629531,327.469929,311.587024,326.243449
20211109,0,325.01697,325.384914,321.460181,322.441364
20211110,0,323.177252,331.088042,321.337533,329.922887
20211111,0,326.059478,329.064351,317.351476,318.455307
20211112,0,316.431616,320.540321,314.714546,315.634405
20211115,0,311.954968,318.455307,310.421869,311.587024
20211116,0,309.42537,319.863072,308.560708,318.751364
20211117,0,319.368979,319.80131,312.760493,315.230955
20211118,0,315.107432,315.230955,302.137507,302.569837
20211119,0,304.360922,314.922148,303.990353,312.698732
20211122,0,299.543521,306.954908,299.111191,301.08756
20211123,0,301.08756,306.707861,299.296475,303.372738
20211124,0,305.904961,318.071987,305.596153,317.083802
20211125,0,315.663286,318.257271,313.501632,314.428055
20211126,0,315.354478,315.848571,305.904961,306.522577
20211129,0,299.543521,300.964037,286.635357,292.502705
20211130,0,293.367366,296.887775,275.765324,276.568225
20211201,0,278.606356,280.953295,264.771768,278.79164
20211202,0,281.138579,281.57091,268.971554,272.430201
20211203,0,268.909792,277.618171,257.854475,275.888847
20211206,0,278.544594,282.806141,273.665432,278.668117
20211207,0,280.212156,288.364681,276.877032,286.450073
20211208,0,290.279289,296.331921,287.994111,292.379182
20211209,0,294.246624,298.043756,290.947476,295.553833
20211210,0,291.383212,294.806856,288.582049,289.017786
20211213,0,292.628174,300.409182,290.760732,299.350965
20211214,0,293.561895,294.744608,288.457553,291.943445
20211215,0,290.760732,292.067941,284.100188,286.341119
20211216,0,286.839103,294.308872,284.535925,292.877166
20211217,0,291.009724,295.678329,290.82298,292.067941
20211220,0,289.453522,291.694453,278.186622,280.427552
20211221,0,277.003908,284.535925,272.895536,282.855227
20211222,0,283.7267,292.316933,283.41546,289.827011
20211223,0,289.20453,296.30081,288.021817,294.184376
20211224,0,294.744608,298.106004,293.126158,297.91926
20211227,0,295.865073,301.591896,293.06391,294.37112
20211228,0,294.433368,307.878951,294.059879,307.505462
20211229,0,309.372904,309.995385,304.579803,307.131974
20211230,0,305.202284,311.925075,304.330811,310.368874
20211231,0,308.750424,312.298564,305.202284,310.617866
20220104,0,308.003447,309.372904,305.63802,307.56771
20220105,0,309.248408,314.477246,308.376935,312.983292
20220106,0,313.294533,317.153913,310.182129,311.862827
20220107,0,319.083603,323.503216,318.336626,323.316472
20220110,0,322.504119,322.504119,315.755341,318.254888
20220111,0,316.442716,318.879775,314.005657,316.130273
20220112,0,319.067241,326.25344,316.942626,323.941359
20220113,0,324.566246,329.815296,324.37878,327.503214
20220114,0,326.940816,330.315205,325.691042,329.315386
20220117,0,330.440182,336.001676,327.628191,334.189504
20220118,0,332.93973,340.500861,330.877603,339.563531
20220119,0,338.126291,345.125024,336.689051,340.313395
20220120,0,340.875793,344.937558,337.251449,340.813305
20220121,0,340.188418,344.687603,329.752807,335.189323
20220124,0,335.751721,342.313033,334.002038,339.813486
20220125,0,337.876336,338.001314,326.503395,333.564617
20220126,0,331.627467,337.626382,330.002762,336.876517
20220127,0,339.938463,343.500318,337.126472,339.063621
20220128,0,344.312671,344.437649,332.752264,334.002038
20220207,0,349.936653,357.185341,348.811857,354.248373
20220208,0,351.186427,351.686336,345.749911,348.936834
20220209,0,342.604943,344.963883,339.811462,340.680545
20220210,0,340.494313,346.267508,339.314843,343.908568
20220211,0,345.460502,350.675,340.680545,341.425474
20220214,0,347.63321,361.290228,345.832966,358.062206
20220215,0,351.357851,358.807134,350.116304,358.620902
20220216,0,349.681762,352.847708,343.660259,348.936834
20220217,0,352.599398,356.261962,341.425474,351.295774
20220218,0,350.426691,353.903023,347.322823,352.164857
20220221,0,347.322823,359.489985,345.27427,353.530559
20220222,0,355.951576,370.912219,355.454957,370.539755
20220223,0,368.242893,370.353523,362.531776,366.256417
20220224,0,366.256417,387.611029,364.890715,385.376244
20220225,0,394.191229,395.432776,377.616574,380.099668
20220228,0,372.215844,386.245327,363.897478,385.624553
20220301,0,378.609812,388.29388,377.492419,386.617791
20220302,0,399.09534,412.131585,393.508378,412.131585
20220303,0,420.884493,446.894906,415.359608,446.894906
20220304,0,453.040565,454.964963,424.422902,430.320252
20220307,0,438.266153,472.65701,435.038131,472.65701
20220308,0,472.781165,498.481192,455.151195,487.307267
20220309,0,485.382869,511.269127,476.878271,500.715976
20220310,0,471.787927,481.59615,434.727744,434.727744
20220311,0,441.990795,454.282112,409.8968,423.988361
20220314,0,421.505267,432.430882,414.490525,424.298748
20220315,0,418.649708,419.394636,383.638078,389.907891
20220316,0,387.797261,397.91587,376.250872,392.887604
20220317,0,390.466587,394.62577,375.381789,384.507161
20220318,0,397.108865,421.877731,396.363936,419.642946
20220321,0,411.237635,426.429456,406.69254,420.950439
20220322,0,425.806841,449.964328,424.748394,443.924956
20220323,0,438.5082,443.613648,429.791581,435.208337
20220324,0,449.65302,465.529719,448.345527,450.151112
20220325,0,455.256561,456.875361,441.745801,449.902066
20220328,0,439.877954,457.497977,434.834768,438.881769
20220329,0,434.336675,434.336675,419.207115,422.008885
20220330,0,399.719245,430.16515,397.228783,430.040627
20220331,0,432.717874,436.764876,411.611204,420.327823
20220401,0,413.479051,424.374825,403.08137,403.89077
20220406,0,412.918697,423.876732,411.237635,421.573054
20220407,0,423.37864,423.814471,388.076333,391.438457
20220408,0,390.193226,393.493089,375.063665,389.508348
20220411,0,390.691318,399.158891,382.970884,388.885733
20220412,0,379.795544,396.481644,377.803174,395.609982
20220413,0,396.855213,408.373603,395.859028,405.011478
20220414,0,412.296081,420.265561,406.381233,414.662021
20220415,0,412.731912,431.908474,411.611204,429.729319
20220418,0,429.171792,437.720538,425.578841,432.083322
20220419,0,432.516954,440.941804,429.48153,431.092163
20220420,0,424.277945,425.578841,411.950407,419.136309
20220421,0,419.136309,423.844313,407.985771,422.72926
20220422,0,418.640729,429.543477,412.260144,417.525676
20220425,0,418.764624,419.384099,390.950228,393.490073
20220426,0,390.268807,401.481291,383.454589,397.764446
20220427,0,399.003394,412.817671,398.445867,411.764565
20220428,0,406.932665,410.153932,396.029918,404.392821
20220429,0,405.941506,422.791207,404.764505,417.153991
20220505,0,427.437264,432.888638,425.331052,429.357635
20220506,0,434.003692,441.685173,423.162892,432.207216
20220509,0,434.561219,443.791386,428.862055,435.304588
20220510,0,430.534636,435.056798,400.675975,407.242402
20220511,0,409.47251,413.499093,397.392761,409.596405
20220512,0,411.330933,426.57,410.773406,420.437205
20220513,0,420.437205,436.429067,419.321494,432.090189
20220516,0,437.482794,442.379527,428.990991,434.011692
20220517,0,438.846441,451.987041,436.429067,448.144035
20220518,0,447.27626,450.995297,434.879468,436.367083
20220519,0,440.953896,442.565479,422.792595,430.416622
20220520,0,414.052857,436.305099,413.433017,432.586061
20220523,0,434.13566,439.528265,427.813296,437.606762
20220524,0,437.606762,437.606762,424.032275,425.086002
20220525,0,431.47035,442.069607,429.238927,439.714217
20220526,0,440.08612,444.30103,434.7555,443.123334
20220527,0,443.867142,460.354875,442.193575,452.668864
20220530,0,451.243233,461.284635,448.763875,455.458143
20220531,0,456.387902,471.202069,454.962271,469.34255
20220601,0,470.148341,473.247539,449.445698,455.520127
20220602,0,456.20195,461.532571,440.08612,442.875399
20220606,0,468.660726,469.714454,460.540827,465.003673
20220607,0,461.718523,468.350806,459.425116,467.297079
20220608,0,464.197881,470.892149,459.920988,469.838421
20220609,0,472.813652,485.582347,469.34255,477.338481
20220610,0,477.276497,480.93355,471.821908,475.974834
20220613,0,477.586417,477.896336,463.08217,467.049143
20220614,0,469.218582,482.421165,463.763993,480.251727
20220615,0,483.474893,487.937738,468.660726,469.838421
20220616,0,469.776437,471.264053,459.17718,462.028442
20220617,0,458.848919,461.529694,446.816603,460.469852
20220620,0,456.604549,457.415016,428.300553,431.978826
20220621,0,431.978826,445.320357,430.170861,441.517397
20220622,0,443.886454,449.622065,425.744465,426.367901
20220623,0,421.442757,438.46256,419.260731,432.91398
20220624,0,435.532411,440.270525,417.826828,420.881664
20220627,0,430.482579,438.711935,421.629788,436.71694
20220628,0,437.714437,454.484866,432.2282,453.612056
20220629,0,454.297836,458.973606,448.686911,453.6744
20220630,0,463.400002,466.080777,449.123317,449.248004
20220701,0,450.183158,451.43003,432.602262,434.285539
20220704,0,446.629572,448.375193,438.150842,446.94129
20220705,0,451.305343,459.22298,448.31285,450.74425
20220706,0,445.3827,445.569731,410.283252,421.442757
20220707,0,420.071198,420.071198,393.824541,400.432963
20220708,0,406.10623,427.490086,405.981543,422.751972
20220711,0,424.559937,433.724447,422.627285,424.123532
20220712,0,417.452766,429.734456,416.268238,422.315567
20220713,0,414.373722,415.835021,396.456919,407.575502
20220714,0,400.904352,407.321363,396.266315,399.188914
20220715,0,397.092266,399.188914,380.446159,390.230512
20220718,0,400.904352,418.630551,396.012176,418.058738
20220719,0,419.329433,427.207744,419.01176,421.299011
20220720,0,414.500791,427.461883,410.498101,420.727198
20220721,0,419.392968,425.428771,416.788043,419.138829
20220722,0,410.434567,419.774177,408.655593,419.265899
20220725,0,411.069914,421.997893,404.843508,406.368342
20220726,0,414.818465,432.989407,411.705262,431.083364
20220727,0,431.528108,433.751825,414.437257,419.265899
20220728,0,421.426081,439.533488,415.898556,438.834606
20220729,0,439.152279,439.215814,429.304391,436.22968
20220801,0,442.011344,452.176906,436.674424,439.724092
20220802,0,432.163455,432.925873,421.489615,432.671734
20220803,0,432.099921,438.135723,429.050252,430.638621
20220804,0,440.168836,440.168836,416.152695,417.868134
20220805,0,419.392968,419.456503,408.909732,414.882
20220808,0,410.434567,424.602819,408.08378,422.633241
20220809,0,416.08916,429.113787,414.882,426.508862
20220810,0,433.307081,434.831915,426.572396,429.177322
20220811,0,431.224482,441.460285,421.649053,439.5452
20220812,0,444.828195,448.394217,439.743312,447.53573
20220815,0,443.375371,445.224419,437.564076,441.460285
20220816,0,422.639615,438.620675,422.639615,436.96974
20220817,0,437.762189,442.648959,432.016932,438.092376
20220818,0,436.771627,450.507415,435.979178,448.460254
20220819,0,454.667773,464.639427,452.224388,457.441346
20220822,0,455.394185,468.601673,455.130035,461.799817
20220823,0,463.582828,471.177133,453.016837,470.714871
20220824,0,472.167695,485.243108,469.856385,484.780846
20220825,0,484.714809,496.865697,482.139348,492.111002
20220826,0,491.64874,495.809098,483.460097,488.677055
20220829,0,483.724247,486.23367,475.205417,481.743124
20220830,0,484.120472,493.563825,481.875199,486.497819
20220831,0,477.45069,480.752562,470.582796,473.158257
20220901,0,463.450753,471.77147,459.224357,461.535667
20220902,0,458.36587,463.582828,454.865886,459.224357
20220905,0,463.252641,465.497914,453.809287,464.837539
20220906,0,468.667711,472.431845,461.601705,464.573389
20220907,0,457.375308,461.601705,449.054591,451.762126
20220908,0,453.545137,453.545137,437.894264,439.082938
20220909,0,440.637213,446.854317,437.66996,442.897978
20220913,0,459.217875,464.587192,452.788825,458.723333
20220914,0,455.614781,461.761236,449.821571,456.745164
20220915,0,458.511386,480.624493,457.381004,477.515941
20220916,0,474.054145,475.184527,467.342499,468.755477
20220919,0,467.201201,468.119637,447.984699,448.408593
20220920,0,441.414351,455.968026,440.495916,453.636612
20220921,0,454.484399,466.847957,447.631455,466.282766
20220922,0,463.386161,466.847957,452.364932,460.701502
20220923,0,466.706659,469.673913,458.582035,459.995013
20220926,0,452.43558,453.071421,428.909495,431.17026
20220927,0,435.409195,440.354618,425.518348,430.110527
20220928,0,431.523505,438.376449,427.425868,429.89858
20220929,0,438.376449,450.598709,435.833088,445.723935
20220930,0,449.397678,450.740007,442.262138,448.196646
20221010,0,498.074772,498.710612,490.374042,495.884656
20221011,0,495.743358,501.253973,489.950148,491.221829
20221012,0,489.372724,490.723993,477.922497,483.75429
20221013,0,480.269438,482.047424,473.797571,477.5669
20221014,0,472.944138,488.234813,472.944138,486.385708
20221017,0,481.834065,482.758618,473.584213,477.211303
20221018,0,477.851378,481.905185,471.52175,480.553916
20221019,0,477.780258,478.633691,466.330032,471.237272
20221020,0,474.651004,481.407349,469.814883,478.206975
20221021,0,477.922497,483.75429,471.52175,472.232944
20221024,0,472.232944,484.821081,471.379511,473.797571
20221025,0,470.739436,481.620707,470.597197,478.704811
20221026,0,478.278094,483.256454,473.441974,474.153168
20221027,0,479.487124,488.021455,477.780258,482.829737
20221028,0,488.163694,492.715336,486.527947,486.883544
20221031,0,488.519291,491.00847,481.193991,483.469812
20221101,0,481.905185,495.062277,479.913841,492.430859
20221102,0,495.560113,500.040637,490.866232,496.769143
20221103,0,494.066605,500.040637,489.230485,499.116084
20221104,0,496.698024,506.299146,493.213172,505.303474
20221107,0,510.63743,513.837804,505.659071,508.432728
20221108,0,510.63743,513.12661,506.441384,508.290489
20221109,0,507.792653,508.077131,486.954663,490.652873
20221110,0,486.385708,489.301604,474.224287,476.997945
20221111,0,475.14884,484.821081,474.935482,481.620707
20221114,0,483.967648,486.883544,470.526078,473.015257
20221115,0,471.292853,477.751869,460.312526,463.757335
20221116,0,462.680832,465.551506,457.298319,459.451324
20221117,0,461.891397,463.039666,448.39923,451.341671
20221118,0,448.758065,451.844039,441.940215,443.590852
20221121,0,437.562437,438.567173,425.362074,430.744587
20221122,0,430.744587,432.323458,409.860436,425.936209
20221123,0,430.959888,435.696499,426.653877,428.448048
20221124,0,420.553696,420.840763,408.496866,409.142768
20221125,0,409.932203,413.879379,407.205063,410.936939
20221128,0,415.314716,416.032385,388.115083,393.425829
20221129,0,390.985757,420.051328,390.052788,411.654607
20221130,0,413.879379,416.462986,403.544954,409.501602
20221201,0,413.735846,420.051328,409.286301,410.506338
20221202,0,415.888851,420.840763,406.200327,410.865172
20221205,0,412.874644,416.893587,398.736576,400.889581
20221206,0,408.353332,412.372276,385.172642,390.555156
20221207,0,384.670274,386.320912,368.379201,369.599238
20221208,0,372.254611,377.062989,360.341315,367.230932
20221209,0,372.182844,372.469911,355.67647,359.55188
20221212,0,360.126014,365.077927,355.245869,358.331843
20221213,0,356.000426,373.380085,354.2342,372.602946
20221214,0,371.472562,377.619027,369.070495,374.015926
20221215,0,375.499556,383.624194,375.21696,379.314603
20221216,0,382.069915,383.765492,374.086575,378.82006
20221219,0,373.874628,381.434074,366.385832,376.912536
20221220,0,376.912536,384.542631,374.651768,378.466815
20221221,0,378.537464,383.765492,372.956191,383.12965
20221222,0,388.710923,390.618447,384.471982,386.02626
20221223,0,390.053255,391.748831,381.575372,384.61328
20221226,0,388.428327,399.873469,388.145731,395.210633
20221227,0,394.928037,401.92229,392.596619,400.156065
20221228,0,398.743084,403.829814,395.351931,395.42258
20221229,0,395.634527,397.330104,386.8034,390.123904
20221230,0,391.11299,397.753998,386.379505,397.6127
20230103,0,401.427747,403.759165,397.965945,400.650608
20230104,0,397.639251,399.249977,378.030411,379.641137
20230105,0,371.167317,374.108643,365.91495,367.035455
20230106,0,368.996339,372.427886,363.743971,370.326939
20230109,0,366.615265,374.038612,365.564792,368.576149
20230110,0,373.96858,374.528833,363.533876,365.634823
20230111,0,368.015897,369.906749,362.133245,364.024097
20230112,0,367.665739,375.649338,366.685297,371.72757
20230113,0,375.089085,378.030411,371.72757,376.769843
20230116,0,377.120001,381.882147,375.859432,379.7812
20230117,0,380.901705,385.593821,377.400127,383.282779
20230118,0,387.274578,396.448714,387.204547,394.627893
20230119,0,397.919377,397.919377,381.041769,384.68341
20230120,0,386.084042,395.328209,384.823473,394.908019
20230130,0,393.57742,394.767956,385.173631,386.854389
20230131,0,388.605178,390.075841,377.890348,378.520632
20230201,0,377.610222,388.044926,376.839874,386.154073
20230202,0,386.224105,387.764799,372.357854,374.108643
20230203,0,372.357854,377.330095,367.875834,372.497917
20230206,0,373.198233,382.232305,360.942708,363.183718
20230207,0,365.001735,374.441435,359.967228,372.553495
20230208,0,371.085097,381.783424,369.966318,381.15411
20230209,0,382.832279,387.93671,380.454873,387.027701
20230210,0,385.629227,385.838999,378.776704,384.230753
20230213,0,391.572742,392.761445,387.307396,388.915641
20230214,0,391.502819,397.795952,389.405107,396.397478
20230215,0,395.138851,395.977936,386.608159,393.180987
20230216,0,393.04114,402.201145,388.635947,401.501908
20230217,0,399.613968,401.781603,393.810301,394.579462
20230220,0,390.034421,390.59381,382.762356,389.195336
20230221,0,389.964497,391.223124,382.133042,383.181898
20230222,0,384.650296,387.027701,379.26617,381.783424
20230223,0,381.923271,385.419456,373.252732,374.021893
20230224,0,377.238383,386.608159,375.909833,385.908922
20230227,0,385.349533,388.286328,378.636857,383.111974
20230228,0,383.531516,383.881135,378.986476,383.321745
20230301,0,385.838999,391.432895,385.769075,389.894573
20230302,0,386.468312,392.971216,383.881135,390.873505
20230303,0,392.971216,398.285418,392.271979,397.37641
20230306,0,397.236562,402.201145,388.286328,398.984655
20230307,0,397.446333,412.340082,397.166639,407.515347
20230308,0,405.767254,406.186796,394.089996,394.859156
20230309,0,394.159919,395.208775,389.26526,392.062208
20230310,0,391.71259,397.306486,381.363881,381.783424
20230313,0,382.412737,390.384039,381.15411,386.398388
20230314,0,365.211506,380.944339,365.141582,370.246013
20230315,0,369.689042,374.771396,363.423126,366.207978
20230316,0,354.511601,356.460997,341.979769,347.270987
20230317,0,346.714017,355.486299,339.473403,350.12546
20230320,0,346.017804,350.12546,334.599913,335.226504
20230321,0,341.840527,346.365911,337.941735,343.09371
20230322,0,348.036821,351.865992,346.783638,350.543188
20230323,0,352.979933,357.366074,349.56849,352.979933
20230324,0,354.372359,358.967364,348.454549,353.676146
20230327,0,346.017804,353.536903,343.929165,353.467282
20230328,0,355.138193,363.840854,354.511601,361.821837
20230329,0,361.821837,367.252297,360.35979,366.34722
20230330,0,368.157374,369.132072,361.543351,364.328203
20230331,0,365.511765,368.853587,363.07502,367.182676
20230403,0,368.435859,398.72112,367.321918,396.632481
20230404,0,399.486954,406.379461,396.841345,406.170597
20230406,0,403.803474,407.771887,401.99332,406.727568
20230407,0,407.563023,413.271969,404.778172,412.158028
20230410,0,412.158028,414.455531,407.493402,409.303555
20230411,0,405.195899,411.113709,404.430065,409.790904
20230412,0,407.284538,415.151744,406.449083,413.411211
20230413,0,415.569471,422.253115,413.828939,418.423944
20230414,0,418.14284,419.970019,414.066826,414.839863
20230417,0,415.261519,419.40781,412.942408,416.87787
20230418,0,414.699311,415.96428,407.952804,412.591027
20230419,0,409.28805,413.434341,406.40673,408.163633
20230420,0,405.071484,405.282312,396.849179,398.46553
20230421,0,396.427523,397.481664,389.399912,389.470188
20230424,0,392.421784,396.638351,388.626875,389.25936
20230425,0,390.87571,401.276574,389.891845,399.098015
20230426,0,396.076142,396.778903,386.026659,391.367643
20230427,0,385.886106,386.588868,368.598184,369.722602
20230428,0,369.582049,374.07972,368.106251,373.658064
20230504,0,342.947405,350.818329,342.947405,349.201978
20230505,0,347.163971,349.834463,341.04995,347.937008
20230508,0,351.591366,361.219193,351.239985,361.148917
20230509,0,364.030237,367.754871,361.921954,362.34361
20230510,0,362.624715,368.598184,357.283731,365.014102
20230511,0,367.614318,368.106251,355.034895,360.516432
20230512,0,355.386276,357.143178,347.515352,347.72618
20230515,0,352.645508,355.807932,344.142099,347.445076
20230516,0,348.980282,358.261301,348.840718,352.957862
20230517,0,354.423286,358.54043,349.119846,350.027013
20230518,0,353.655683,363.21583,353.097426,361.471278
20230519,0,359.308033,366.914281,357.56348,365.588422
20230522,0,369.147309,369.566001,352.888079,353.795247
20230523,0,356.935441,362.86692,355.749146,359.726725
20230524,0,364.751036,369.426437,361.680624,367.751667
20230525,0,368.728616,373.124888,365.099947,370.891861
20230526,0,367.681885,367.891231,358.191519,364.19278
20230529,0,366.704935,373.752927,366.007114,371.310554
20230530,0,367.053846,375.84639,364.751036,369.635783
20230531,0,363.285612,363.843869,350.794616,351.632002
20230601,0,342.979021,353.725465,341.862508,353.027644
20230602,0,350.864399,362.029535,347.375294,361.680624
20230605,0,365.099947,369.84513,361.401496,368.309923
20230606,0,371.240772,371.5199,365.099947,366.356025
20230607,0,364.122997,368.658834,361.610842,365.448857
20230608,0,370.542951,374.869441,368.309923,373.752927
20230609,0,375.148569,375.49748,359.168468,366.704935
20230612,0,369.705565,372.217721,358.54043,359.028904
20230613,0,353.5859,356.446967,349.957231,354.423286
20230614,0,359.377815,366.146678,358.679994,365.937332
20230615,0,367.402756,368.379706,357.633262,360.075636
20230616,0,361.745229,369.954063,361.327831,369.467098
20230619,0,371.693223,372.388887,365.223549,368.632302
20230620,0,372.180188,374.406312,369.467098,372.041055
20230621,0,370.580161,385.954333,367.171408,383.449943
20230626,0,377.815065,379.902057,372.667152,377.954198
20230627,0,375.658507,380.04119,373.29325,377.884632
20230628,0,372.875852,376.702003,368.910567,371.484524
20230629,0,370.02363,379.206393,368.701868,377.467233
20230630,0,377.606366,382.197748,375.79764,379.902057
20230703,0,382.336881,386.441298,380.80642,383.032544
20230704,0,386.858696,387.484793,380.180322,381.919482
20230705,0,385.189103,387.206528,383.380376,384.702138
20230706,0,386.441298,390.545715,385.328235,388.110891
20230707,0,386.649997,392.215308,382.406447,390.128316
20230710,0,389.571785,396.945823,386.58043,394.580565
20230711,0,393.745769,397.850186,393.119671,394.858831
20230712,0,395.554495,402.302435,395.137096,399.519779
20230713,0,402.02112,403.966608,400.145114,403.202309
20230714,0,401.951638,408.96929,400.978895,406.120541
20230717,0,407.162766,407.71862,397.226883,397.9217
20230718,0,398.269108,401.534748,396.671029,398.547035
20230719,0,398.616517,406.259504,398.408072,405.773132
20230720,0,408.066028,412.999229,404.383498,405.564687
20230721,0,406.259504,409.664107,400.77045,409.108254
20230724,0,410.636851,411.679077,406.537431,409.664107
20230725,0,413.763528,419.044137,411.40115,417.93243
20230726,0,415.639534,421.19807,414.110936,418.76621
20230727,0,416.820722,421.545478,416.264869,419.113619
20230728,0,421.267551,423.977338,418.696728,422.03185
20230731,0,422.726667,425.29749,418.557765,424.394228
20230801,0,427.034532,431.689806,426.478679,430.439136
20230802,0,429.39691,436.067154,427.729349,434.260629
20230803,0,433.496331,433.635294,420.642216,420.711698
20230804,0,425.228008,433.704776,424.185783,432.24566
20230807,0,433.009959,439.263312,430.856026,436.831452
20230808,0,434.816483,436.692489,431.550843,431.759288
20230809,0,427.034532,440.375019,427.034532,438.637976
20230810,0,442.320507,446.628372,439.958129,444.821848
20230811,0,443.154287,446.489409,441.208799,446.211482
20230814,0,449.82453,468.028736,447.462152,456.286328
20230815,0,455.730475,462.539681,452.951207,460.594194
20230816,0,456.699854,458.824039,451.885034,452.097452
20230817,0,454.150832,457.266303,447.211826,451.318584
20230818,0,453.017933,455.779374,450.539716,452.239065
20230821,0,448.911174,464.346921,446.432958,462.293542
20230822,0,463.143216,463.497247,452.805514,453.230351
20230823,0,453.159545,455.425343,447.919888,448.273919
20230824,0,443.954742,446.503764,437.86541,441.193301
20230825,0,441.193301,450.398104,438.573472,447.565857
20230828,0,450.327298,453.655188,443.105068,451.247778
20230829,0,450.327298,454.9297,447.707469,448.769562
20230830,0,451.672615,456.983079,446.078927,456.345823
20230831,0,455.212924,458.115978,453.584382,455.566955
20230901,0,459.956938,464.134503,456.062598,463.143216
20230904,0,467.037556,475.746716,465.621433,470.719477
20230905,0,470.648671,476.100747,469.020129,474.543011
20230906,0,473.905755,493.306649,473.410112,486.155224
20230907,0,485.730387,494.793578,483.181365,489.76634
20230908,0,489.695533,496.209702,486.580062,488.987472
20230911,0,493.731486,497.90905,485.30555,486.013612
20230912,0,487.146511,495.147609,486.79248,493.09423
20230913,0,497.200988,504.494025,497.200988,501.236941
20230914,0,501.661778,516.885106,498.4755,515.681401
20230915,0,519.949921,524.365632,517.962852,519.066779
20230918,0,516.343758,519.729136,506.84998,518.625208
20230919,0,519.434755,521.421825,510.235358,514.871854
20230920,0,518.478018,519.50835,506.334814,508.321883
20230921,0,509.057835,514.798259,503.317411,504.274149
20230922,0,509.499406,515.534211,509.352216,512.001642
20230925,0,515.38702,516.270162,503.685387,509.425811
20230926,0,506.187623,508.395479,501.477532,502.139889
20230927,0,503.832578,521.569015,502.72865,516.122972
20230928,0,522.010586,532.755482,519.655541,527.677415
20231009,0,491.983754,507.070765,480.576502,483.373119
20231010,0,484.329856,489.775899,481.606834,483.667499
20231011,0,485.654569,488.009615,479.472574,487.494448
20231012,0,481.091668,486.24333,473.879341,477.191124
20231013,0,484.256261,486.24333,474.762483,483.299523
20231016,0,498.269966,506.462746,491.939182,501.174679
20231017,0,504.74971,504.74971,494.620455,497.972047
20231018,0,498.046527,511.154974,493.503258,507.877863
20231019,0,507.356504,512.644571,505.568988,508.99506
20231020,0,507.207544,521.880068,504.228352,518.230557
20231023,0,520.315992,520.91183,508.399221,510.633616
20231024,0,512.197692,513.389369,499.461643,504.377311
20231025,0,503.781473,503.855953,491.566783,492.6095
20231026,0,495.439733,504.97315,488.959989,497.823087
20231027,0,491.417823,499.610603,489.034469,499.014765
20231030,0,498.121007,503.260114,492.311581,496.92933
20231031,0,495.663173,496.035572,483.448483,486.949034
20231101,0,486.129756,490.896465,479.873452,481.512008
20231102,0,488.215191,489.779267,477.788017,483.374003
20231103,0,482.480245,490.524066,477.862497,489.183429
20231106,0,491.641263,492.311581,477.415618,480.990649
20231107,0,481.884407,484.118801,463.189973,464.009251
20231108,0,460.881099,462.668615,448.29401,452.762799
20231109,0,446.878894,450.751844,438.388195,442.856984
20231110,0,444.19762,450.304965,440.994988,444.34658
20231113,0,446.804414,452.3904,439.803311,442.931463
20231114,0,446.134095,452.688319,444.49554,450.379445
20231115,0,448.523894,455.129657,446.22301,449.563002
20231116,0,447.484785,447.707451,435.163923,439.468802
20231117,0,437.910139,440.359467,415.717744,420.171068
20231120,0,423.51106,436.12881,422.323507,435.460811
20231121,0,439.02347,442.660351,435.163923,436.054588
20231122,0,436.722586,442.215019,434.050592,438.800804
20231123,0,430.487934,433.97637,418.018628,429.745713
20231124,0,429.745713,433.97637,424.698613,433.159928
20231127,0,433.011483,436.12881,421.284398,424.179059
20231128,0,424.921279,429.894157,420.542178,423.956392
20231129,0,426.479942,433.753704,423.13995,429.448825
20231130,0,436.87103,438.503916,426.108832,437.464807
20231201,0,439.39458,444.44168,420.171068,422.843062
20231204,0,424.475947,430.042601,407.62754,410.596422
20231205,0,410.225312,419.428847,408.443982,412.006641
20231206,0,411.190199,417.350629,405.697766,411.264421
20231207,0,407.701762,407.775984,393.080017,397.384896
20231208,0,398.275561,414.455969,398.052894,407.107985
20231211,0,407.99865,413.04575,405.252434,412.748862
20231212,0,409.557313,412.377751,403.396883,411.635531
20231213,0,406.736875,406.811097,385.732033,386.771142
20231214,0,391.150243,396.568453,389.294692,393.080017
20231215,0,398.572449,406.291543,398.052894,403.693771
20231218,0,405.835578,408.125096,396.972927,407.755819
20231219,0,408.272807,416.987748,407.460398,410.48847
20231220,0,408.420518,416.618471,408.346663,415.806061
20231221,0,419.498832,422.231483,413.368832,417.28317
20231222,0,412.851844,420.532808,406.94341,418.464856
20231225,0,418.391001,420.754375,399.410156,408.937506
20231226,0,409.011362,415.584495,408.051241,412.777988
20231227,0,415.436784,425.850399,415.215218,424.521002
20231228,0,422.45305,423.560881,414.993651,416.766182
20231229,0,412.630278,412.704133,400.296421,400.813409
20240102,0,401.77353,411.005458,401.77353,410.414615
20240103,0,411.374735,415.067507,395.569674,397.785337
20240104,0,401.625819,414.624374,399.040879,413.664254
20240105,0,414.107386,414.84594,401.330397,408.198952
20240108,0,409.454494,415.584495,405.614012,406.352566
20240109,0,401.330397,401.847385,394.01871,398.819313
20240110,0,408.346663,412.334856,403.54606,412.187145
20240111,0,414.772085,418.021724,408.420518,411.153169
20240112,0,416.692326,425.776544,412.11329,420.975941
20240115,0,426.81052,427.696785,409.085217,410.340759
20240116,0,403.250638,411.30088,402.216662,410.710036
20240117,0,413.590398,416.249194,406.057144,408.051241
20240118,0,403.102927,411.079314,401.699674,410.48847
20240119,0,408.8767,415.250517,404.114653,414.884206
20240122,0,412.320027,416.862287,408.21734,410.195421
20240123,0,411.880453,420.012565,411.733929,418.25427
20240124,0,415.763353,419.060155,411.807191,417.301861
20240125,0,415.397042,422.576744,414.957468,419.353204
20240126,0,420.81845,433.053248,420.012565,431.075167
20240129,0,430.415806,439.207278,427.558578,437.00941
20240130,0,435.544165,435.763952,428.804036,429.390135
20240131,0,425.287448,431.368216,421.624334,428.804036
20240201,0,425.653759,428.804036,421.111499,421.770859
20240202,0,423.529153,426.532906,410.781519,412.246765
20240205,0,410.268683,411.147831,404.920538,407.411455
20240206,0,406.165997,410.48847,403.968129,409.902372
20240207,0,411.953715,414.078321,408.21734,411.587404
20240208,0,413.987119,420.022764,413.478088,419.659171
20240219,0,437.329797,438.347857,433.257554,436.311736
20240220,0,439.220481,440.82029,437.69339,439.075043
20240221,0,435.366394,439.002325,432.166774,433.112116
20240222,0,432.166774,437.69339,431.730463,437.111641
20240223,0,435.366394,441.838351,433.912021,439.002325
20240226,0,435.439112,438.420576,429.985216,431.512307
20240227,0,430.785121,438.20242,430.566965,437.838827
20240228,0,436.311736,443.438161,436.020861,441.256602
20240229,0,439.947667,446.565062,439.584074,440.674853
20240301,0,441.402039,444.165347,438.784169,440.747572
20240304,0,446.928655,455.364015,444.965252,450.128274
20240305,0,449.473807,452.018958,443.438161,443.729035
20240306,0,442.129226,446.201469,438.856888,443.001849
20240307,0,444.456222,450.273711,444.310784,445.983313
20240308,0,444.310784,449.401088,442.274663,449.255651
20240311,0,444.01991,447.510404,439.220481,442.4201
20240312,0,443.074568,452.818863,441.692914,452.018958
20240313,0,449.8374,453.327894,449.401088,452.45527
20240314,0,459.290821,461.254223,454.927703,459.508976
20240315,0,463.072189,476.816009,461.617817,468.744242
20240318,0,467.435306,468.453367,458.563634,459.363539
20240319,0,457.971528,465.004846,457.971528,464.198945
20240320,0,464.565264,469.840252,464.125681,466.836439
20240321,0,462.880198,465.590956,460.462495,463.979154
20240322,0,462.294088,463.173253,456.945836,459.656594
20240325,0,463.026725,465.517692,459.876385,460.828814
20240326,0,460.462495,468.814559,460.389231,464.711791
20240327,0,466.177065,467.129494,458.704166,459.290275
20240328,0,460.096176,467.05623,459.803122,465.07811
20240329,0,469.034351,475.628086,468.448241,472.917328
20240401,0,472.7708,474.382602,470.20657,473.210383
20240402,0,472.477746,477.459679,469.327405,476.433987
20240403,0,479.877381,484.199941,476.653778,484.199941
20240408,0,483.540568,488.229446,476.433987,484.053414
20240409,0,486.471116,492.258951,483.100985,488.888819
20240410,0,487.350281,489.914511,482.148557,485.372161
20240411,0,486.983963,493.064852,482.368348,489.767984
20240412,0,486.471116,493.43117,485.591952,490.647149
20240415,0,494.969708,500.244696,484.126677,486.104798
20240416,0,485.001185,493.094348,480.586732,490.298528
20240417,0,486.546243,490.813547,485.295482,486.766966
20240418,0,483.823997,485.736927,472.199272,472.640718
20240419,0,473.450034,493.31507,469.771324,479.483119
20240422,0,472.052124,477.05517,465.356871,465.87189
20240423,0,466.975504,473.008589,464.621129,469.256304
20240424,0,464.989,479.630267,463.59109,479.115248
20240425,0,478.305932,480.954603,476.025131,478.45308
20240426,0,476.908022,482.205365,472.419995,480.660306
20240429,0,482.573236,484.118294,475.583686,476.687299
20240430,0,478.085209,479.924564,472.787866,475.142241
20240506,0,453.143552,456.086521,449.538416,455.71865
20240507,0,454.909333,456.748689,450.789178,454.541462
20240508,0,451.230623,456.822263,449.170545,449.759139
20240509,0,449.61199,455.056482,448.434803,453.952869
20240510,0,455.277204,459.691657,452.92283,459.544508
20240513,0,458.588044,458.882341,447.846209,452.481384
20240514,0,455.056482,456.822263,453.069978,454.688611
20240515,0,451.672068,454.247165,448.361229,452.039939
20240516,0,448.802674,452.996404,442.033847,452.260662
20240517,0,453.295922,456.253807,451.151455,456.253807
20240520,0,457.289067,461.282212,453.59171,460.616688
20240521,0,456.475648,461.134318,452.482503,453.000133
20240522,0,450.264089,456.475648,447.084363,447.823834
20240523,0,447.528045,451.225402,441.316486,445.531473
20240524,0,451.003561,451.890926,440.798856,442.943323
20240527,0,443.904636,449.598565,442.647535,448.711199
20240528,0,450.485931,453.517763,450.042248,451.447243
20240529,0,454.405129,460.173005,452.704345,458.25038
20240530,0,458.102485,459.655375,451.964873,452.186715
20240531,0,451.816979,453.813552,443.165165,445.753314
20240603,0,449.228829,449.450671,438.13676,440.577015
20240604,0,440.355173,441.094645,422.238126,422.90365
20240605,0,421.720496,423.93891,418.910505,421.720496
20240606,0,424.826276,428.375738,420.537342,426.674954
20240607,0,425.048117,434.587297,424.752329,431.777306
20240611,0,442.795429,442.943323,440.059385,441.908063
20240612,0,442.055958,448.415411,440.650962,447.601992
20240613,0,451.373296,451.890926,445.08779,447.010415
20240614,0,447.306204,451.52119,444.939896,445.753314
20240617,0,451.077508,451.816979,444.05253,445.161737
20240618,0,448.367021,455.821169,447.547065,453.212217
20240619,0,453.957632,460.815449,453.808549,458.206497
20240620,0,461.560863,462.753527,458.504663,460.591824
20240621,0,462.828069,464.766147,460.3682,460.3682
20240624,0,461.486322,465.213396,457.237457,460.219117
20240625,0,459.920951,466.033352,458.131955,463.722566
20240626,0,462.306278,464.989772,458.802829,462.38082
20240627,0,461.41178,464.691606,457.759248,460.88999
20240628,0,464.91523,468.567763,462.529903,468.344138
20240701,0,467.226016,467.673265,461.635405,467.300558
20240702,0,466.778767,473.114793,464.766147,472.593003
20240703,0,475.723745,476.320077,470.4313,474.307457
20240704,0,473.562042,476.841867,469.387719,472.071212
20240705,0,472.593003,476.394619,472.369378,473.711125
20240708,0,474.97833,477.885448,467.896889,468.120514
20240709,0,468.493221,469.387719,465.511562,466.778767
20240710,0,465.43702,467.151475,456.790208,458.057414
20240711,0,459.324619,467.971431,458.057414,466.107894
20240712,0,464.169815,465.287938,459.548243,464.617064
20240715,0,464.91523,465.43702,457.461082,461.41178
20240716,0,462.082654,462.529903,455.821169,456.790208
20240717,0,451.646846,455.970252,450.454182,452.094095
20240718,0,455.37338,461.484774,454.4045,461.037598
20240719,0,456.565847,459.099839,453.957325,455.522438
20240722,0,457.534726,457.907372,443.076062,445.237409
20240723,0,441.138303,445.16288,439.945836,442.032654
20240724,0,438.67884,441.734537,434.877851,438.753369
20240725,0,440.616599,441.734537,434.654263,436.368435
20240726,0,433.759913,443.150592,430.927804,441.883595
20240729,0,438.753369,440.094895,431.896683,437.262785
20240730,0,435.995789,438.67884,427.499461,427.723048
20240731,0,426.306994,433.16368,424.518293,432.567446
20240801,0,436.741081,442.703416,432.940092,442.032654
20240802,0,442.479829,443.150592,431.673096,433.536326
20240805,0,423.176767,424.592822,404.46994,407.600166
20240806,0,405.587878,415.57479,403.277472,408.419987
20240807,0,403.053885,410.432275,402.681239,406.184111
20240808,0,413.637031,417.065374,410.655863,411.699271
20240809,0,414.904027,421.015421,413.264385,418.406899
20240812,0,419.22672,423.773001,416.320082,423.400355
20240813,0,425.412643,435.250497,424.071118,432.045742
20240814,0,431.524037,436.592023,425.561702,428.021165
20240815,0,428.021165,429.064574,421.08995,423.251297
20240816,0,424.741881,430.853275,424.741881,426.083406
20240819,0,419.304806,422.507881,415.282341,416.772143
20240820,0,417.591534,420.049707,405.971077,407.98231
20240821,0,409.472112,413.122128,404.406785,407.75884
20240822,0,408.503741,411.408855,398.224106,400.60779
20240823,0,403.363924,407.68435,401.650651,406.194548
20240826,0,410.738444,419.230316,409.770073,419.155826
20240827,0,425.264015,426.232386,421.68849,424.891564
20240828,0,422.06094,422.805841,415.431321,416.623163
20240829,0,413.494578,414.8354,409.397622,409.770073
20240830,0,412.675187,418.261945,411.930286,416.325202
20240902,0,414.76091,414.76091,401.203711,402.693513
20240903,0,405.077196,411.110895,404.630256,409.770073
20240904,0,400.75677,400.98024,387.869982,389.434274
20240905,0,391.817957,393.82919,386.45467,388.391412
20240906,0,390.030195,393.60572,384.219967,388.912843
20240909,0,387.423041,390.402645,374.387273,381.836283
20240910,0,380.197501,384.815887,375.653604,380.048521
20240911,0,380.569951,382.581184,366.640302,374.759723
20240912,0,376.100545,382.208734,367.981123,381.761793
20240913,0,380.793422,386.45467,377.739327,382.208734
20240918,0,387.492382,389.129569,383.473833,383.845921
20240919,0,384.143591,388.980734,380.720382,388.980734
20240920,0,391.510932,392.552778,387.26913,389.278405
20240923,0,387.641218,392.478361,385.631943,390.766756
20240924,0,389.650492,393.966713,383.54825,392.478361
20240925,0,394.04113,399.175944,392.031855,398.655021
20240926,0,395.082976,402.747988,383.994756,389.352822
20240927,0,389.203987,394.785306,383.399415,390.245833
20240930,0,388.310976,404.831681,385.855195,404.459593
20241008,0,431.69643,431.69643,431.69643,431.69643
20241009,0,438.319595,438.319595,414.878055,418.226846
20241010,0,414.803637,416.515242,406.617703,414.282714
20241011,0,418.152429,430.059243,415.547813,424.477924
20241014,0,424.924429,437.203331,420.012869,421.575638
20241015,0,417.854758,425.2221,401.929395,406.69212
20241016,0,404.831681,405.947944,398.431768,399.548032
20241017,0,400.664296,403.194494,396.645746,397.389922
20241018,0,399.635062,402.703422,394.321563,402.179555
20241021,0,398.58733,399.186034,391.103527,395.069943
20241022,0,398.811844,402.179555,396.940894,398.737006
20241023,0,402.853098,410.71109,401.431175,407.642731
20241024,0,404.125344,409.289168,402.404069,406.819513
20241025,0,404.873724,407.418217,398.138302,402.179555
20241028,0,405.472429,410.112386,389.606767,392.001584
20241029,0,384.667457,388.484197,382.946183,383.245535
20241030,0,387.361626,387.810654,382.122964,386.538408
20241031,0,389.307415,392.450612,386.538408,391.851908
20241101,0,392.824802,400.533119,390.729337,398.58733
20241104,0,400.308605,401.056985,393.797696,398.063464
20241105,0,401.056985,403.302126,398.512492,401.131823
20241106,0,403.975668,406.220809,394.396401,398.662168
20241107,0,396.940894,409.438844,393.872534,406.145971
20241108,0,401.056985,406.370485,399.260872,402.703422
20241111,0,399.560224,403.15245,395.518971,399.111196
20241112,0,390.804175,392.89964,388.708711,390.280309
20241113,0,392.600288,395.743485,391.328042,393.049316
20241114,0,393.64802,394.845429,386.313894,391.77707
20241115,0,395.593809,398.886682,388.933225,389.382253
20241118,0,392.89964,393.872534,385.415837,388.110006
20241119,0,388.562613,399.65147,387.280228,398.746257
20241120,0,397.011266,400.782986,394.974537,398.746257
20241121,0,401.311027,402.442543,397.313004,398.746257
20241122,0,403.272321,408.024689,401.53733,405.837091
20241125,0,404.026666,411.871844,401.160158,406.66687
20241126,0,408.326427,408.703599,396.55866,398.97256
20241127,0,399.877773,405.384485,395.351709,399.802339
20241128,0,401.763633,401.763633,395.125406,397.313004
20241129,0,399.500601,400.707552,396.709528,400.104077
20241202,0,401.160158,403.272321,394.974537,400.481249
20241203,0,401.989937,402.819715,396.860397,400.556683
20241204,0,404.78101,408.326427,402.065371,407.722951
20241205,0,406.66687,409.080771,398.670823,399.425167
20241206,0,400.028642,401.688199,395.87975,396.784963
20241209,0,393.767587,397.162135,391.202817,397.162135
20241210,0,398.97256,401.53733,395.955184,397.313004
20241211,0,397.76561,402.291674,397.388438,401.989937
20241212,0,403.724928,411.117499,402.140805,409.608811
20241213,0,409.985983,412.475319,404.78101,411.871844
20241216,0,412.701622,417.076817,410.514024,414.587482
20241217,0,413.829414,415.724584,412.616505,415.11813
20241218,0,410.3423,411.934243,407.234221,409.963266
20241219,0,413.071346,416.179425,409.432618,411.934243
20241220,0,411.934243,414.587482,406.476153,407.537448
20241223,0,408.143903,412.01005,404.580982,411.100368
20241224,0,407.992289,411.251982,405.945505,409.887459
20241225,0,411.024562,416.634266,410.266493,415.042323
20241226,0,416.027812,416.179425,413.6778,414.511675
20241227,0,415.952005,418.150402,411.858437,413.071346
20241230,0,416.331039,418.756857,414.890709,416.78588
20241231,0,417.847175,426.110118,417.392334,424.442368
20250102,0,426.79238,429.597232,424.063334,425.048823
20250103,0,429.445618,435.35855,428.535936,433.6908
20250106,0,433.994027,441.498902,432.705311,437.405334
20250107,0,440.513413,443.469879,436.268232,440.210186
20250108,0,443.015038,450.898947,441.953743,446.577959
20250109,0,446.881186,447.715061,436.723073,440.058573
20250110,0,440.968254,446.881186,440.437607,445.971504
20250113,0,456.053811,474.778095,454.386061,474.778095
20250114,0,475.627429,475.859066,467.520144,470.376997
20250115,0,471.689605,484.970111,470.068148,483.88914
20250116,0,483.734715,493.772307,482.113258,489.448421
20250117,0,484.892899,489.988907,481.418348,487.826964
20250120,0,485.27896,486.591568,478.484282,480.260164
20250121,0,482.576531,484.429625,474.469246,479.256405
20250122,0,474.62367,480.260164,472.770576,477.403311
20250123,0,479.10198,480.955074,468.75554,470.222572
20250124,0,474.005972,476.708401,465.512625,467.520144
20250127,0,469.836511,470.763058,460.571042,465.126564
20250205,0,461.652013,468.369478,457.559764,467.520144
20250206,0,462.887409,464.431654,459.026797,462.57856
20250207,0,462.887409,466.36196,458.409099,466.207536
20250210,0,465.975899,474.237609,463.119046,468.678327
20250211,0,470.763058,479.796891,470.14536,478.561495
20250212,0,482.576531,482.88538,477.094462,479.333617
20250213,0,477.01725,477.403311,457.328127,457.868613
20250214,0,456.324368,461.034315,455.861095,459.953344
20250217,0,462.060619,462.79006,451.686341,452.172635
20250218,0,451.443194,456.711382,450.713752,455.333548
20250219,0,453.793616,458.737608,452.496831,458.251314
20250220,0,459.061804,463.276355,455.414597,457.116627
20250221,0,459.386,460.682785,453.712567,455.495646
20250224,0,453.550469,455.090401,440.339474,442.446749
20250225,0,442.527798,447.877036,441.393112,447.147594
20250226,0,441.717308,443.662485,433.85555,436.935414
20250227,0,435.152335,437.340659,432.477717,435.395482
20250228,0,438.313248,443.25724,436.530169,437.664856
20250303,0,435.55758,441.798357,433.774501,436.530169
20250304,0,437.989052,438.475346,420.887703,422.508684
20250305,0,416.997349,420.968752,415.619515,420.23931
20250306,0,415.781613,417.402594,407.109365,413.025945
20250307,0,413.269092,415.700564,411.404964,415.376368
20250310,0,420.644556,425.912744,418.213084,422.103439
20250311,0,425.3454,425.831695,411.242866,418.61833
20250312,0,421.455046,422.02239,416.754201,417.483643
20250313,0,422.265537,427.128479,420.968752,423.886518
20250314,0,422.913929,423.157076,417.645741,422.913929
20250317,0,422.09938,430.489236,417.374995,426.335036
20250318,0,427.638314,429.023048,423.809933,428.615773
20250319,0,430.570691,430.733601,419.492823,420.470282
20250320,0,422.017925,429.511777,421.77356,429.348867
20250321,0,427.475404,437.738724,425.683396,435.376531
20250324,0,434.317617,437.168539,431.955425,435.295076
20250325,0,435.783806,439.938007,434.480527,438.471818
20250326,0,441.078376,442.055835,435.865261,441.32274
20250327,0,442.951839,444.662392,440.426736,440.426736
20250328,0,441.97438,443.929298,437.820179,441.730015
20250331,0,443.114748,443.196203,433.828888,437.820179
20250401,0,440.019462,453.459523,438.879093,452.970793
20250402,0,452.400609,454.925711,449.060957,449.794052
20250403,0,448.409318,453.215158,440.589646,441.48565
20250407,0,415.501532,415.501532,415.501532,415.501532
20250408,0,396.441081,402.631655,385.444667,389.843233
20250409,0,388.702864,393.101429,364.836573,373.144975
20250410,0,361.659831,399.129093,361.415467,390.983602
20250411,0,380.394462,386.747946,374.040979,385.118848
20250414,0,381.453376,388.458499,377.54354,386.014852
20250415,0,390.576327,390.739237,382.105016,388.539954
20250416,0,384.872945,388.947399,377.701906,380.717002
20250417,0,388.05102,397.503753,386.176771,393.34781
20250418,0,396.851841,404.837771,394.488657,399.866937
20250421,0,399.215024,402.311609,394.814614,398.644601
20250422,0,396.281417,403.289478,392.858876,402.556077
20250423,0,403.370967,412.334767,401.252251,410.542007
20250424,0,404.185858,406.223085,394.651635,402.067142
20250425,0,402.23012,405.897129,398.807579,404.267347
20250428,0,398.481622,408.097334,396.607373,405.81564
20250429,0,403.941391,404.185858,391.392072,394.081212
20250430,0,391.229094,392.532919,382.183805,383.895076
20250506,0,371.019801,375.257233,370.775334,373.953408
20250507,0,375.664679,382.591251,375.257233,381.531893
20250508,0,378.19084,379.005731,372.731072,375.664679
20250509,0,379.250198,385.443369,377.538928,384.954434
20250512,0,387.073151,393.429299,382.917207,393.021854
20250513,0,398.72609,399.215024,388.784421,390.740159
20250514,0,394.162701,401.33374,392.288452,396.525884
20250515,0,395.955461,397.422264,377.29446,377.457439
20250516,0,378.932202,380.980484,373.688599,373.770531
20250519,0,376.638126,380.570827,374.835637,379.177996
20250520,0,380.652759,383.438423,378.030958,381.308209
20250521,0,380.652759,389.6652,378.604477,385.15898
20250522,0,385.15898,385.486705,370.57521,371.722249
20250523,0,371.968042,374.34405,370.57521,370.984867
20250526,0,370.083623,376.965851,368.281134,376.638126
20250527,0,375.65495,377.129713,372.295768,375.491088
20250528,0,373.606668,374.753706,368.199203,371.148729
20250529,0,374.917569,383.520354,374.098256,382.701041
20250530,0,376.474263,376.801988,366.642509,366.970234
20250603,0,379.177996,384.011942,377.949026,378.932202
20250604,0,381.799797,385.650567,379.997308,383.602285
20250605,0,382.373316,384.913186,377.293576,379.915377
20250606,0,383.438423,385.240911,380.73469,381.881728
20250609,0,384.093873,390.648376,383.192629,388.600094
20250610,0,391.795414,395.236528,389.00975,393.106314
20250611,0,394.171421,397.366741,390.730307,391.713483
20250612,0,398.677642,410.229953,397.120947,406.133389
20250613,0,403.839313,438.496247,402.118756,434.153889
20250616,0,441.937361,453.571604,436.284103,443.73985
20250617,0,431.332787,442.823892,423.255706,437.078339
20250618,0,444.156194,463.224767,441.49159,460.227087
20250619,0,461.725927,475.465292,454.731342,475.382023
20250620,0,475.382023,485.374289,466.805329,471.801461
20250623,0,468.637244,490.120615,464.4738,478.379703
20250624,0,472.051268,476.38125,431.8324,431.8324
20250625,0,427.169343,430.33356,416.510927,423.505512
20250626,0,421.923404,426.003579,415.178625,418.759186
20250627,0,417.177078,421.756866,413.429978,415.095356
20250630,0,415.178625,418.342842,406.518661,413.596516
20250701,0,414.679011,416.510927,410.34903,415.844776
20250702,0,418.925724,419.508606,412.680558,414.845549
20250703,0,417.676691,424.171663,415.5117,421.590328
20250704,0,423.255706,424.005126,418.342842,419.2588
20250707,0,417.676691,421.007446,411.015181,418.259573
20250708,0,420.924177,427.835494,420.840908,425.254159
20250709,0,427.169343,433.830853,426.086848,432.748358
20250710,0,432.748358,435.995844,430.999711,435.079886
20250711,0,432.165476,432.748358,425.587234,427.918763
20250714,0,429.251065,439.742944,429.084527,439.24333
20250715,0,441.325052,441.49159,430.250291,431.499325
20250716,0,433.164702,433.747584,428.085301,430.833174
20250717,0,426.676681,431.342132,423.538105,428.712514
20250718,0,429.815257,439.570291,428.627688,437.534457
20250721,0,439.146159,441.436471,433.71727,434.565534
20250722,0,433.97175,434.395881,425.489112,427.779424
20250723,0,426.846334,431.85109,425.149806,427.270466
20250724,0,425.828417,433.462791,424.13189,431.681437
20250725,0,431.766264,435.244145,426.761507,435.074493
20250728,0,435.498624,435.753104,424.980154,429.136646
20250729,0,432.869007,438.976506,432.444875,436.855846
20250730,0,439.485464,450.173588,439.061332,448.392234
20250731,0,449.325324,454.584559,448.901192,450.682546
20250801,0,449.240498,451.785289,444.914352,447.798449
20250804,0,447.54397,447.628796,432.360048,436.262062
20250805,0,426.422202,435.328972,425.99807,431.596611
20250806,0,427.949077,429.475952,424.980154,429.136646
20250807,0,431.257305,433.377965,422.01123,424.980154
20250808,0,424.556022,424.980154,414.461683,415.479599
20250811,0,419.466439,422.01123,414.037551,415.140294
20250812,0,420.229876,421.247793,417.600259,420.060224
20250813,0,417.0913,418.703002,412.849981,415.22512
20250814,0,415.818905,416.073384,407.166614,408.778315
20250815,0,410.041276,413.324974,408.694118,410.967447
20250818,0,409.536092,411.051645,404.568446,409.620289
20250819,0,410.799053,412.903987,404.905236,407.683749
20250820,0,405.999802,408.104736,403.305485,406.504986
20250821,0,407.431157,413.409172,406.841775,413.324974
20250822,0,411.472632,416.440278,410.125474,415.598304
20250825,0,415.935093,417.450646,413.493369,415.008922
20250826,0,416.35608,421.660516,415.935093,417.703238
20250827,0,413.998553,415.345712,402.463511,403.894867
20250828,0,406.252394,407.178565,402.800301,405.578815
20250829,0,407.01017,409.872881,403.979064,408.525723
20250901,0,410.041276,410.209671,403.558077,407.094368
20250902,0,410.041276,414.672132,410.041276,412.903987
