date,time,open,high,low,close
20230915,0,2950,3060,2790,2859
20230918,0,2858,2922,2836,2904
20230919,0,2913,3086,2898,3040
20230920,0,3058,3148,3038,3113
20230921,0,3116,3118,3033,3049
20230922,0,3061,3106,3051,3070
20230925,0,3078,3094,2930,2945
20230926,0,2946,2970,2870,2902
20230927,0,2908,2943,2860,2888
20230928,0,2898,2905,2797,2800
20231009,0,2795,2839,2750,2779
20231010,0,2783,2783,2626,2720
20231011,0,2716,2743,2657,2704
20231012,0,2695,2765,2677,2749
20231013,0,2752,2765,2666,2682
20231016,0,2706,2713,2641,2658
20231017,0,2650,2655,2561,2569
20231018,0,2571,2604,2563,2584
20231019,0,2570,2578,2506,2527
20231020,0,2525,2572,2504,2533
20231023,0,2531,2582,2519,2545
20231024,0,2543,2596,2525,2583
20231025,0,2587,2609,2555,2557
20231026,0,2551,2578,2525,2552
20231027,0,2539,2581,2538,2571
20231030,0,2572,2611,2557,2594
20231031,0,2590,2638,2582,2621
20231101,0,2625,2629,2566,2574
20231102,0,2579,2588,2554,2579
20231103,0,2590,2636,2590,2620
20231106,0,2635,2689,2626,2684
20231107,0,2687,2700,2632,2642
20231108,0,2638,2668,2636,2665
20231109,0,2656,2656,2552,2631
20231110,0,2641,2752,2635,2682
20231113,0,2678,2695,2622,2630
20231114,0,2643,2677,2637,2672
20231115,0,2670,2701,2651,2665
20231116,0,2655,2684,2644,2677
20231117,0,2680,2719,2665,2686
20231120,0,2690,2696,2657,2677
20231121,0,2683,2704,2600,2612
20231122,0,2613,2632,2547,2591
20231123,0,2595,2626,2566,2604
20231124,0,2601,2615,2562,2611
20231127,0,2609,2638,2575,2583
20231128,0,2580,2617,2566,2593
20231129,0,2601,2685,2585,2657
20231130,0,2661,2692,2631,2683
20231201,0,2672,2691,2634,2674
20231204,0,2655,2677,2611,2619
20231205,0,2613,2613,2568,2575
20231206,0,2567,2607,2560,2590
20231207,0,2570,2597,2523,2564
20231208,0,2567,2745,2551,2642
20231211,0,2628,2677,2592,2651
20231212,0,2647,2709,2632,2680
20231213,0,2677,2691,2636,2660
20231214,0,2663,2702,2655,2670
20231215,0,2682,2697,2661,2673
20231218,0,2676,2679,2647,2672
20231219,0,2663,2711,2656,2664
20231220,0,2661,2712,2661,2692
20231221,0,2705,2748,2675,2744
20231222,0,2752,2972,2743,2814
20231225,0,2801,2851,2768,2836
20231226,0,2837,2893,2808,2817
20231227,0,2820,2842,2783,2794
20231228,0,2794,2850,2766,2838
20231229,0,2838,2871,2816,2823
20240102,0,2826,2906,2820,2853
20240103,0,2825,2876,2786,2811
20240104,0,2815,2840,2682,2736
20240105,0,2740,2752,2694,2745
20240108,0,2752,2774,2680,2692
20240109,0,2688,2716,2629,2699
20240110,0,2710,2718,2662,2669
20240111,0,2661,2702,2638,2685
20240112,0,2689,2733,2673,2709
20240115,0,2716,2726,2688,2706
20240116,0,2702,2741,2702,2732
20240117,0,2754,2755,2720,2728
20240118,0,2724,2790,2714,2782
20240119,0,2781,2803,2762,2769
20240122,0,2760,2858,2760,2820
20240123,0,2820,2829,2782,2795
20240124,0,2790,2816,2765,2787
20240125,0,2787,2806,2771,2780
20240126,0,2781,2781,2716,2722
20240129,0,2715,2748,2707,2722
20240130,0,2722,2736,2690,2697
20240131,0,2697,2718,2682,2714
20240201,0,2715,2728,2665,2670
20240202,0,2670,2688,2655,2685
20240205,0,2685,2712,2668,2698
20240206,0,2698,2708,2662,2699
20240207,0,2702,2709,2630,2652
20240208,0,2652,2675,2613,2615
20240219,0,2625,2682,2623,2659
20240220,0,2674,2691,2651,2671
20240221,0,2688,2733,2675,2704
20240222,0,2700,2719,2672,2690
20240223,0,2695,2716,2690,2704
20240226,0,2702,2703,2640,2671
20240227,0,2668,2681,2659,2678
20240228,0,2681,2700,2664,2675
20240229,0,2675,2680,2628,2669
20240301,0,2670,2683,2652,2664
20240304,0,2666,2712,2658,2695
20240305,0,2701,2744,2690,2706
20240306,0,2709,2715,2647,2709
20240307,0,2711,2748,2706,2720
20240308,0,2728,2745,2716,2741
20240311,0,2746,2752,2672,2680
20240312,0,2687,2707,2680,2690
20240313,0,2692,2698,2643,2655
20240314,0,2653,2676,2647,2660
20240315,0,2669,2685,2657,2676
20240318,0,2672,2717,2636,2705
20240319,0,2710,2730,2702,2723
20240320,0,2723,2730,2660,2668
20240321,0,2666,2703,2652,2698
20240322,0,2698,2716,2660,2668
20240325,0,2678,2688,2564,2570
20240326,0,2570,2597,2542,2556
20240327,0,2558,2585,2545,2555
20240328,0,2553,2568,2473,2495
20240329,0,2497,2504,2420,2429
20240401,0,2420,2477,2389,2475
20240402,0,2480,2483,2433,2442
20240403,0,2435,2476,2433,2449
20240408,0,2406,2410,2328,2385
20240409,0,2368,2388,2320,2370
20240410,0,2361,2455,2361,2453
20240411,0,2456,2459,2382,2389
20240412,0,2389,2418,2366,2394
20240415,0,2398,2453,2392,2420
20240416,0,2430,2433,2344,2354
20240417,0,2359,2392,2354,2389
20240418,0,2400,2445,2386,2422
20240419,0,2416,2458,2388,2410
20240422,0,2422,2484,2421,2451
20240423,0,2458,2474,2416,2433
20240424,0,2426,2444,2372,2386
20240425,0,2378,2403,2352,2376
20240426,0,2383,2393,2354,2358
20240429,0,2362,2381,2280,2295
20240430,0,2292.421348,2317.348315,2271.792135,2308.752809
20240506,0,2315.629213,2350.011236,2299.297753,2342.275281
20240507,0,2343.134831,2368.921348,2337.977528,2356.88764
20240508,0,2358.606742,2422.213483,2347.432584,2399.005618
20240509,0,2399.005618,2434.247191,2376.657303,2408.460674
20240510,0,2419.634831,2419.634831,2380.955056,2412.758427
20240513,0,2415.337079,2444.561798,2391.269663,2417.05618
20240514,0,2415.337079,2436.825843,2382.674157,2393.848315
20240515,0,2392.988764,2429.089888,2386.11236,2410.179775
20240516,0,2406.741573,2421.353933,2388.691011,2415.337079
20240517,0,2419.634831,2454.016854,2411.898876,2431.668539
20240520,0,2435.106742,2475.505618,2423.932584,2466.050562
20240521,0,2458.314607,2559.741573,2451.438202,2478.94382
20240522,0,2476.365169,2504.730337,2452.297753,2471.207865
20240523,0,2471.207865,2471.207865,2409.320225,2423.932584
20240524,0,2432.52809,2458.314607,2411.039326,2442.842697
20240527,0,2442.842697,2452.297753,2414.477528,2421.353933
20240528,0,2423.932584,2446.280899,2398.146067,2407.601124
20240529,0,2412.758427,2417.91573,2354.308989,2382.674157
20240530,0,2406.741573,2420.494382,2368.921348,2399.865169
20240531,0,2400.724719,2462.61236,2390.410112,2450.578652
20240603,0,2462.61236,2462.61236,2378.376404,2388.691011
20240604,0,2391.269663,2401.58427,2361.185393,2396.426966
20240605,0,2393.848315,2393.848315,2366.342697,2378.376404
20240606,0,2378.376404,2392.988764,2320.786517,2339.696629
20240607,0,2339.696629,2375.797753,2328.522472,2331.960674
20240611,0,2337.117978,2372.359551,2319.926966,2371.5
20240612,0,2381.814607,2386.11236,2342.275281,2353.449438
20240613,0,2362.044944,2374.078652,2335.398876,2368.921348
20240614,0,2371.5,2386.97191,2340.55618,2353.449438
20240617,0,2354.308989,2363.764045,2326.803371,2356.88764
20240618,0,2356.88764,2359.466292,2311.331461,2325.08427
20240619,0,2322.505618,2332.820225,2300.157303,2308.752809
20240620,0,2313.050562,2340.55618,2296.719101,2337.977528
20240621,0,2337.977528,2356.02809,2328.522472,2339.696629
20240624,0,2344.853933,2356.02809,2322.505618,2325.94382
20240625,0,2325.94382,2351.730337,2306.174157,2349.151685
20240626,0,2355.168539,2368.921348,2331.101124,2363.764045
20240627,0,2361.185393,2376.657303,2348.292135,2350.011236
20240628,0,2350.011236,2358.606742,2317.348315,2330.241573
20240701,0,2327.662921,2337.117978,2279.52809,2287.264045
20240702,0,2291.561798,2314.769663,2290.702247,2313.910112
20240703,0,2317.348315,2318.207865,2289.842697,2306.174157
20240704,0,2308.752809,2358.606742,2307.033708,2351.730337
20240705,0,2354.308989,2362.044944,2332.820225,2342.275281
20240708,0,2341.41573,2347.432584,2259.758427,2266.634831
20240709,0,2263.196629,2278.668539,2229.674157,2243.426966
20240710,0,2247.724719,2247.724719,2193.573034,2212.483146
20240711,0,2217.640449,2245.146067,2203.88764,2239.129213
20240712,0,2246.005618,2246.005618,2222.797753,2235.691011
20240715,0,2226.235955,2229.674157,2198.730337,2203.02809
20240716,0,2198.730337,2216.780899,2174.662921,2210.764045
20240717,0,2205.606742,2221.938202,2194.432584,2198.730337
20240718,0,2200.449438,2206.466292,2183.258427,2203.88764
20240719,0,2194.432584,2201.308989,2178.101124,2178.101124
20240722,0,2148.876404,2153.174157,2074.095506,2080.97191
20240723,0,2071.516854,2083.550562,2026.820225,2027.679775
20240724,0,2038.853933,2071.516854,2035.41573,2063.780899
20240725,0,2067.219101,2078.393258,2037.134831,2073.235955
20240726,0,2073.235955,2103.320225,2050.02809,2050.88764
20240729,0,2048.308989,2075.814607,2037.994382,2055.185393
20240730,0,2062.921348,2062.921348,2007.050562,2045.730337
20240731,0,2050.02809,2099.882022,2031.977528,2096.44382
20240801,0,2106.758427,2119.651685,2074.955056,2089.567416
20240802,0,2081.831461,2129.966292,2081.831461,2125.668539
20240805,0,2114.494382,2122.230337,2089.567416,2103.320225
20240806,0,2092.146067,2141.140449,2088.707865,2106.758427
20240807,0,2102.460674,2125.668539,2090.426966,2110.196629
20240808,0,2116.213483,2130.825843,2072.376404,2074.955056
20240809,0,2073.235955,2125.668539,2049.168539,2111.91573
20240812,0,2100.741573,2110.196629,2040.573034,2056.044944
20240813,0,2058.623596,2084.410112,2039.713483,2062.921348
20240814,0,2062.061798,2082.691011,2031.977528,2074.095506
20240815,0,2075.814607,2119.651685,2066.359551,2115.353933
20240816,0,2114.494382,2129.966292,2095.58427,2100.741573
20240819,0,2093.865169,2179.820225,2088.707865,2151.455056
20240820,0,2160.050562,2182.398876,2146.297753,2166.926966
20240821,0,2168.646067,2178.960674,2142,2167.786517
20240822,0,2157.47191,2166.067416,2072.376404,2072.376404
20240823,0,2076.674157,2126.52809,2053.466292,2054.325843
20240826,0,2052.606742,2129.966292,2022.522472,2123.089888
20240827,0,2128.247191,2154.893258,2097.303371,2151.455056
20240828,0,2154.015296,2165.963083,2142.920923,2147.187989
20240829,0,2150.601643,2187.298417,2146.334576,2177.91087
20240830,0,2177.91087,2183.884763,2155.722123,2170.23015
20240902,0,2173.643803,2173.643803,2121.585589,2125.852656
20240903,0,2129.266309,2149.748229,2104.517322,2139.507269
20240904,0,2135.240203,2144.627749,2091.716122,2103.663909
20240905,0,2107.930975,2163.402843,2107.930975,2154.015296
20240906,0,2157.42895,2217.167884,2144.627749,2204.366684
20240909,0,2200.95303,2204.366684,2108.784389,2135.240203
20240910,0,2131.826549,2141.214096,2082.328575,2088.302468
20240911,0,2085.742228,2129.266309,2068.673961,2122.439002
20240912,0,2120.732176,2127.559482,2060.993241,2101.957082
20240913,0,2098.543428,2098.543428,2064.406894,2067.820548
20240918,0,2062.700068,2065.260308,1956.023399,1967.971186
20240919,0,1971.384839,2013.202093,1962.850706,1995.280413
20240920,0,1995.280413,2001.254307,1932.981238,1950.902919
20240923,0,1948.342679,1961.143879,1921.033452,1949.196092
20240924,0,1958.583639,2001.254307,1941.515372,1998.694066
20240925,0,2000.400893,2056.726174,1977.358733,2006.374787
20240926,0,2000.400893,2033.684014,2000.400893,2031.123774
20240927,0,2054.165934,2114.758282,2029.416947,2105.370735
20240930,0,2122.439002,2189.858657,2106.224149,2161.696016
20241008,0,2200.099617,2200.099617,2118.171936,2129.266309
20241009,0,2137.800443,2159.135776,2086.595642,2128.412896
20241010,0,2133.533376,2191.565484,2114.758282,2152.30847
20241011,0,2163.402843,2235.089565,2163.402843,2214.607644
20241014,0,2229.115671,2291.414846,2218.874711,2257.278312
20241015,0,2247.037351,2258.985138,2167.66991,2183.03135
20241016,0,2206.073511,2245.330525,2194.125724,2240.210045
20241017,0,2282.880712,2308.483113,2238.503218,2264.105618
20241018,0,2282.880712,2392.117621,2266.665858,2372.489114
20241021,0,2389.557381,2445.029249,2291.414846,2328.11162
20241022,0,2328.11162,2346.0333,2253.864658,2314.457006
20241023,0,2317.017246,2317.017246,2215.461057,2233.382738
20241024,0,2234.236151,2259.838552,2202.659857,2250.451005
20241025,0,2248.744178,2273.493165,2203.513271,2218.874711
20241028,0,2215.461057,2261.545378,2182.177937,2258.985138
20241029,0,2253.864658,2276.906819,2219.728124,2255.571485
20241030,0,2263.252205,2303.362633,2241.916871,2277.760232
20241031,0,2289.708019,2328.11162,2270.932925,2327.258206
20241101,0,2330.67186,2340.059407,2293.121672,2305.069459
20241104,0,2279.467059,2293.121672,2194.979137,2213.754231
20241105,0,2218.021298,2232.529324,2176.204043,2221.434951
20241106,0,2223.141778,2238.503218,2189.005244,2206.073511
20241107,0,2212.047404,2307.629699,2211.193991,2302.509219
20241108,0,2302.509219,2325.55138,2270.932925,2289.708019
20241111,0,2265.812445,2294.828499,2200.099617,2219.728124
20241112,0,2232.529324,2270.079512,2213.754231,2259.838552
20241113,0,2248.744178,2258.131725,2219.728124,2231.675911
20241114,0,2228.262258,2246.183938,2206.926924,2207.780337
20241115,0,2227.408844,2259.838552,2200.099617,2237.649805
20241118,0,2231.675911,2245.330525,2206.926924,2210.340577
20241119,0,2196.685964,2206.073511,2159.135776,2194.125724
20241120,0,2215.461057,2246.183938,2202.659857,2240.210045
20241121,0,2251.304418,2293.975086,2244.477111,2263.252205
20241122,0,2269.226099,2291.414846,2253.864658,2275.199992
20241125,0,2252.157832,2260.691965,2221.434951,2238.503218
20241126,0,2226.555431,2263.252205,2225.702018,2253.864658
20241127,0,2253.011245,2277.760232,2248.744178,2264.105618
20241128,0,2257.278312,2260.691965,2229.969084,2232.529324
20241129,0,2238.503218,2254.718072,2225.702018,2226.555431
20241202,0,2215.461057,2223.141778,2193.27231,2211.193991
20241203,0,2210.340577,2212.900817,2189.005244,2205.220097
20241204,0,2205.220097,2217.167884,2157.42895,2184.738177
20241205,0,2177.91087,2181.324523,2138.653856,2153.161883
20241206,0,2150.601643,2173.643803,2148.894816,2164.256256
20241209,0,2159.98919,2166.816496,2110.491215,2145.481163
20241210,0,2155.722123,2177.057457,2146.334576,2158.282363
20241211,0,2160.842603,2162.54943,2138.653856,2157.42895
20241212,0,2137.800443,2155.722123,2130.973136,2139.507269
20241213,0,2129.266309,2131.826549,2076.354681,2078.061508
20241216,0,2079.768335,2084.888815,2006.374787,2030.27036
20241217,0,2037.951081,2054.165934,2027.71012,2045.631801
20241218,0,2039.458638,2043.316865,1990.844981,1994.703208
20241219,0,2005.506243,2095.017103,1996.246499,2076.497614
20241220,0,2079.584196,2108.135073,2069.552806,2095.788748
20241223,0,2096.560393,2132.827724,2087.300649,2111.9933
20241224,0,2106.591783,2146.71734,2103.505201,2139.000887
20241225,0,2145.17405,2152.890503,2122.02469,2130.512788
20241226,0,2132.827724,2147.488986,2128.197852,2143.630759
20241227,0,2147.488986,2150.575567,2125.111271,2130.512788
20241230,0,2129.741143,2169.866701,2115.851527,2157.520375
20241231,0,2159.835311,2243.944654,2155.977085,2243.173008
20250102,0,2243.944654,2279.440339,2218.480357,2250.889462
20250103,0,2240.086427,2274.038822,2222.338584,2253.204398
20250106,0,2260.149206,2365.864618,2248.574526,2346.573484
20250107,0,2353.518292,2367.407908,2305.676281,2360.4631
20250108,0,2341.943612,2357.376519,2314.16438,2324.195769
20250109,0,2314.936025,2341.943612,2260.920851,2334.998804
20250110,0,2340.400321,2426.052954,2329.597286,2409.076757
20250113,0,2422.966373,2445.344088,2396.730431,2432.226117
20250114,0,2422.194727,2426.052954,2375.124362,2385.155751
20250115,0,2387.470687,2472.351675,2380.525879,2464.635221
20250116,0,2473.894965,2545.657982,2454.603832,2514.020523
20250117,0,2510.162296,2521.736977,2448.430669,2464.635221
20250120,0,2457.690413,2494.72939,2341.943612,2402.131949
20250121,0,2409.076757,2453.832186,2389.013978,2404.446885
20250122,0,2422.966373,2466.178512,2401.360303,2456.918768
20250123,0,2463.091931,2479.296483,2419.108146,2476.209901
20250124,0,2484.698,2540.256465,2467.721803,2509.390651
20250127,0,2510.933942,2579.610377,2490.099518,2576.523796
20250205,0,2507.84736,2591.185057,2492.414454,2581.925313
20250206,0,2571.893924,2582.696959,2481.611419,2527.910139
20250207,0,2514.020523,2534.083302,2458.462059,2490.099518
20250210,0,2489.327872,2537.169883,2480.839773,2512.477232
20250211,0,2523.280267,2542.571401,2344.258548,2387.470687
20250212,0,2391.328914,2409.076757,2322.652478,2339.628676
20250213,0,2338.085385,2345.801839,2228.511747,2235.456555
20250214,0,2238.543136,2257.062624,2207.677322,2231.598328
20250217,0,2231.598328,2262.464142,2183.756317,2220.023648
20250218,0,2220.023648,2254.747688,2204.590741,2250.889462
20250219,0,2237.771491,2261.692496,2210.763904,2216.937067
20250220,0,2212.307195,2245.487944,2182.213026,2223.110229
20250221,0,2229.283392,2247.031235,2203.04745,2226.196811
20250224,0,2228.511747,2239.314781,2197.645933,2233.141619
20250225,0,2233.913264,2242.401363,2196.102642,2198.417578
20250226,0,2188.386189,2195.330997,2128.197852,2130.512788
20250227,0,2129.741143,2175.268218,2128.969498,2167.551765
20250228,0,2174.496573,2250.117816,2153.662149,2247.031235
20250303,0,2237.771491,2262.464142,2219.252003,2254.747688
20250304,0,2250.889462,2252.432752,2210.763904,2239.314781
20250305,0,2230.055037,2241.629718,2195.330997,2226.196811
20250306,0,2231.598328,2233.141619,2162.150247,2193.787706
20250307,0,2199.189224,2206.134032,2168.32341,2184.527962
20250310,0,2191.47277,2226.196811,2134.371015,2145.17405
20250311,0,2141.315823,2165.236829,2098.103684,2101.190265
20250312,0,2105.820137,2109.678364,2084.214068,2095.017103
20250313,0,2094.245457,2108.135073,2055.66319,2095.788748
20250314,0,2098.875329,2108.906719,2086.529004,2098.875329
20250317,0,2093.473812,2096.560393,2026.340667,2041.773574
20250318,0,2037.143702,2044.08851,2030.198894,2031.742185
20250319,0,2031.742185,2041.773574,1989.301691,1999.33308
20250320,0,1994.703208,1999.33308,1961.522458,1973.097139
20250321,0,1972.325493,1988.530045,1946.089552,1953.03436
20250324,0,1953.03436,2014.765987,1941.45968,1987.7584
20250325,0,1989.301691,1994.703208,1959.207522,1969.238912
20250326,0,1966.152331,1981.585237,1953.03436,1966.923976
20250327,0,1963.837395,1986.215109,1963.837395,1974.640429
20250328,0,1976.955365,2010.136115,1966.923976,2003.191307
20250331,0,2000.104726,2005.506243,1934.514872,1938.373098
20250401,0,1936.829808,1954.57765,1918.310319,1940.688034
20250402,0,1939.916389,1980.041947,1919.85361,1937.601453
20250403,0,1940.688034,1956.120941,1919.85361,1929.884999
20250407,0,1867.381727,1930.656645,1851.94882,1911.365511
20250408,0,1906.735639,1913.680447,1823.397942,1830.34275
20250409,0,1828.79946,1833.429332,1749.31999,1817.22478
20250410,0,1807.965036,1848.090593,1800.248582,1817.22478
20250411,0,1812.594908,1831.886041,1801.791873,1821.854652
20250414,0,1822.626297,1865.838436,1814.138198,1852.720465
20250415,0,1851.94882,1876.641471,1837.287558,1871.239954
20250416,0,1872.783244,1873.55489,1848.090593,1862.751855
20250417,0,1872.011599,1927.570063,1866.610081,1914.452093
20250418,0,1913.680447,1922.940191,1889.759442,1899.790831
20250421,0,1900.562477,1900.562477,1838.059204,1875.09818
20250422,0,1870.590733,1875.09818,1842.043565,1844.297289
20250423,0,1844.297289,1886.366799,1842.043565,1875.09818
20250424,0,1874.346939,1878.854387,1842.794806,1857.06839
20250425,0,1854.814666,1868.337009,1828.521222,1832.277429
20250428,0,1821.760051,1845.04853,1821.760051,1833.779911
20250429,0,1835.282394,1838.287359,1805.232743,1826.267498
20250430,0,1829.272463,1863.829561,1825.516257,1862.327079
20250506,0,1870.590733,1889.371764,1855.565908,1876.600663
20250507,0,1881.859352,1893.12797,1864.580803,1887.869282
20250508,0,1883.361834,1888.620523,1842.794806,1850.307219
20250509,0,1851.809701,1885.615558,1841.292324,1860.073355
20250512,0,1861.575838,1914.162726,1830.774946,1911.909002
20250513,0,1926.933827,1927.685068,1869.08825,1878.103145
20250514,0,1873.595698,1908.152796,1854.063425,1900.640383
20250515,0,1898.386659,1937.451205,1888.620523,1928.43631
20250516,0,1928.43631,1928.43631,1896.884177,1904.396589
20250519,0,1902.894107,1972.008303,1901.391624,1942.709893
20250520,0,1939.704928,1954.729754,1902.894107,1911.909002
20250521,0,1913.411484,1916.416449,1885.615558,1898.386659
20250522,0,1898.386659,1901.391624,1881.10811,1899.1379
20250523,0,1893.12797,1908.152796,1844.297289,1845.799771
20250526,0,1844.297289,1876.600663,1842.043565,1867.585768
20250527,0,1872.093215,1875.09818,1830.774946,1839.789841
20250528,0,1842.043565,1852.560942,1823.262533,1845.04853
20250529,0,1844.297289,1878.854387,1833.779911,1862.327079
20250530,0,1855.565908,1860.073355,1813.496397,1845.04853
20250603,0,1840.541082,1845.04853,1778.939299,1781.193023
20250604,0,1780.441782,1787.202953,1753.397096,1778.188058
20250605,0,1770.675645,1774.431852,1736.869789,1751.894614
20250606,0,1757.904544,1782.695505,1743.63096,1754.148338
20250609,0,1752.645855,1769.924404,1723.347446,1733.864824
20250610,0,1736.869789,1763.914474,1735.367306,1745.884684
20250611,0,1742.879719,1760.158268,1742.879719,1751.894614
20250612,0,1748.889649,1751.143373,1725.60117,1728.606135
20250613,0,1722.596205,1735.367306,1697.805243,1700.058967
20250616,0,1697.805243,1711.327586,1680.526694,1709.825103
20250617,0,1709.073862,1723.347446,1702.312691,1707.57138
20250618,0,1709.825103,1740.625995,1703.815173,1726.352411
20250619,0,1723.347446,1731.6111,1709.073862,1718.839999
20250620,0,1715.083792,1722.596205,1688.039107,1694.800278
20250623,0,1689.541589,1712.830068,1682.780418,1706.820138
20250624,0,1705.317656,1723.347446,1699.307726,1708.322621
20250625,0,1704.566415,1715.835034,1694.049037,1712.078827
20250626,0,1709.825103,1739.123513,1709.825103,1736.118547
20250627,0,1739.123513,1764.665715,1733.113582,1742.128478
20250630,0,1740.625995,1775.183093,1738.372271,1742.128478
20250701,0,1740.625995,1773.68061,1721.844964,1771.426887
20250702,0,1775.183093,1799.974054,1767.67068,1796.217848
20250703,0,1799.222813,1802.227778,1777.436817,1787.954194
20250704,0,1785.700471,1808.237708,1772.178128,1787.954194
20250707,0,1784.949229,1814.99888,1784.949229,1808.98895
20250708,0,1811.242673,1832.277429,1801.476537,1808.98895
20250709,0,1806.735226,1845.04853,1796.969089,1843.546047
20250710,0,1849.555977,1896.884177,1845.04853,1883.361834
20250711,0,1881.10811,1893.879212,1870.590733,1875.09818
20250714,0,1878.103145,1919.421414,1874.346939,1902.142866
20250715,0,1893.879212,1903.645348,1881.859352,1887.11804
20250716,0,1889.371764,1903.645348,1848.053495,1852.560942
20250717,0,1851.809701,1869.08825,1845.04853,1866.083285
20250718,0,1868.337009,1884.113075,1841.292324,1854.814666
20250721,0,1859.322114,1972.008303,1857.819631,1929.938792
20250722,0,1926.933827,2032.107603,1926.933827,1996.799264
20250723,0,1992.291816,2003.560435,1946.4661,1986.281886
20250724,0,1979.520715,2071.172149,1964.49589,2009.570365
20250725,0,2015.580295,2026.097673,1954.729754,1981.023198
20250728,0,1972.008303,1981.774439,1891.625488,1947.968582
20250729,0,1959.988442,1990.038093,1935.948722,1984.779404
20250730,0,1984.779404,2001.306712,1941.207411,1962.993407
20250731,0,1950.973547,1958.48596,1899.889142,1923.177621
20250801,0,1901.391624,1926.182586,1887.869282,1907.401554
20250804,0,1905.899072,1914.162726,1870.590733,1899.889142
20250805,0,1892.376729,1895.381694,1850.307219,1882.610593
20250806,0,1882.610593,1889.371764,1851.05846,1858.570873
20250807,0,1844.297289,1857.819631,1811.993915,1812.745156
20250808,0,1818.755086,1849.555977,1812.745156,1837.536117
20250811,0,1842.043565,1880.356869,1836.784876,1872.093215
20250812,0,1873.595698,1890.874247,1852.560942,1879.605628
20250813,0,1874.346939,1882.610593,1859.322114,1863.829561
20250814,0,1871.341974,1935.197481,1871.341974,1900.640383
20250815,0,1902.894107,1931.441275,1885.615558,1907.401554
20250818,0,1911.157761,1949.471065,1900.640383,1928.43631
20250819,0,1922.008189,1932.007488,1879.154048,1884.867934
20250820,0,1892.01029,1931.293252,1860.583921,1927.007838
20250821,0,1934.991675,1967.652825,1931.362658,1950.233545
20250822,0,1950.233545,2000.313974,1946.604528,1989.426925
20250825,0,1992.330138,2004.668794,1967.652825,1982.894695
20250826,0,1989.426925,2020.636468,1958.943185,1961.846398
20250827,0,1959.668988,1978.539875,1945.152921,1958.943185
20250828,0,1961.120595,1963.298005,1935.717478,1953.862561
20250829,0,1952.410955,1955.314168,1917.572395,1937.894888
20250901,0,1937.894888,1985.797908,1924.104625,1985.072105
20250902,0,1988.701121,1988.701121,1924.104625,1934.265872
