date,time,open,high,low,close
20221222,0,19100,19720,18160,18310
20221223,0,18180,18220,17060,17060
20221226,0,16940,17435,16825,17170
20221227,0,17200,17410,17130,17165
20221228,0,17100,17575,16960,17425
20221229,0,17390,17665,17325,17515
20221230,0,17535,18520,17535,17895
20230103,0,17870,18040,17600,17770
20230104,0,17715,18050,17555,17640
20230105,0,17615,17800,17500,17585
20230106,0,17530,17825,17530,17820
20230109,0,17850,17920,17670,17695
20230110,0,17705,17785,17460,17475
20230111,0,17460,17555,17315,17350
20230112,0,17330,17770,17270,17445
20230113,0,17450,17690,17420,17520
20230116,0,17450,17670,17450,17515
20230117,0,17530,17800,17530,17615
20230118,0,17650,17825,17620,17710
20230119,0,17720,18375,17650,18330
20230120,0,18400,18625,18105,18590
20230130,0,18660,18720,17980,18075
20230131,0,18065,18260,17820,17860
20230201,0,17860,18060,17660,17900
20230202,0,17840,18020,17575,17625
20230203,0,17670,17820,17500,17745
20230206,0,17695,17820,17625,17765
20230207,0,17780,17850,17655,17715
20230208,0,17740,18025,17680,17875
20230209,0,17875,18105,17820,18020
20230210,0,18000,18105,17775,17955
20230213,0,17955,18080,17850,17920
20230214,0,17930,18035,17900,17945
20230215,0,18000,18110,17865,17885
20230216,0,17950,17950,17585,17630
20230217,0,17630,17750,17360,17375
20230220,0,17300,17495,17260,17470
20230221,0,17555,17800,17550,17675
20230222,0,17650,17755,17505,17575
20230223,0,17620,17700,17570,17620
20230224,0,17635,17680,17555,17635
20230227,0,17615,17745,17460,17480
20230228,0,17500,17580,17420,17520
20230301,0,17500,17595,17485,17540
20230302,0,17550,17620,17510,17525
20230303,0,17510,17560,17480,17490
20230306,0,17490,17520,17290,17300
20230307,0,17300,17410,17100,17130
20230308,0,17140,17330,17010,17175
20230309,0,17195,17220,17010,17075
20230310,0,17085,17115,16865,16960
20230313,0,16960,17040,16820,16970
20230314,0,16940,17060,16860,16905
20230315,0,16880,16960,16710,16740
20230316,0,16690,16710,15950,15975
20230317,0,16060,16310,16010,16120
20230320,0,16160,16295,16020,16080
20230321,0,16200,16330,15785,15870
20230322,0,15870,16030,15745,15965
20230323,0,15990,16070,15850,15895
20230324,0,15920,15980,15750,15895
20230327,0,15900,16065,15880,15915
20230328,0,15950,15995,15865,15910
20230329,0,15640,15890,15480,15750
20230330,0,15710,15790,15650,15730
20230331,0,15740,15820,15490,15515
20230403,0,15555,15600,15310,15310
20230404,0,15310,15310,14990,15070
20230406,0,15040,15335,14710,15225
20230407,0,15255,15310,15120,15225
20230410,0,15250,15290,14865,14930
20230411,0,14925,15050,14830,14965
20230412,0,14980,15310,14980,15155
20230413,0,15155,15230,15025,15065
20230414,0,15100,15220,15015,15085
20230417,0,15110,15400,15095,15395
20230418,0,15420,15545,15300,15480
20230419,0,15540,15660,15410,15440
20230420,0,15400,15450,15150,15160
20230421,0,15100,15225,15035,15140
20230424,0,15100,15295,15015,15120
20230425,0,15160,15410,15160,15400
20230426,0,15375,15550,15300,15325
20230427,0,15305,15475,15125,15175
20230428,0,15170,15275,15090,15190
20230504,0,15160,15325,15120,15190
20230505,0,15160,15295,15010,15225
20230508,0,15300,15360,15205,15235
20230509,0,15230,15240,15070,15100
20230510,0,15090,15160,14535,14565
20230511,0,14505,14520,14320,14400
20230512,0,14360,14450,14150,14150
20230515,0,14180,14270,14040,14085
20230516,0,14090,14215,14020,14050
20230517,0,14030,14080,13815,13860
20230518,0,13860,13920,13550,13620
20230519,0,13505,13520,13170,13250
20230522,0,13170,13190,12695,12880
20230523,0,12900,13280,12880,13150
20230524,0,13120,13275,13010,13090
20230525,0,13025,13035,12585,12635
20230526,0,12580,12985,12505,12860
20230529,0,12930,13230,12760,12880
20230530,0,12885,12945,12785,12880
20230531,0,12790,12860,12700,12815
20230601,0,12890,13030,12875,12975
20230602,0,13000,13365,12970,13220
20230605,0,13270,13295,12915,13020
20230606,0,13030,13135,12950,12990
20230607,0,13020,13050,12610,12705
20230608,0,12755,12855,12565,12765
20230609,0,12825,12880,12710,12730
20230612,0,12695,12720,12540,12545
20230613,0,12510,12665,12380,12535
20230614,0,12560,12700,12420,12540
20230615,0,12535,12630,12270,12370
20230616,0,12435,12570,12395,12495
20230619,0,12700,13360,12610,13240
20230620,0,13270,13870,13220,13760
20230621,0,13630,13740,13125,13380
20230626,0,13150,13285,13000,13065
20230627,0,13120,13265,13020,13120
20230628,0,13125,13220,13070,13140
20230629,0,13200,13540,13120,13375
20230630,0,13405,13490,13190,13275
20230703,0,13400,13470,13280,13380
20230704,0,13370,13445,13105,13235
20230705,0,13340,13340,13080,13100
20230706,0,13150,13265,13115,13190
20230707,0,13195,13330,13050,13185
20230710,0,13194.973525,13364.523449,13175.026475,13294.708775
20230711,0,13364.523449,13524.099849,13314.655825,13344.576399
20230712,0,13364.523449,13972.908472,13344.576399,13913.067322
20230713,0,13763.464448,14187.339259,13598.901286,13613.861573
20230714,0,13653.755673,13863.199697,13524.099849,13628.821861
20230717,0,13568.980711,13613.861573,13115.185325,13224.8941
20230718,0,13324.629349,13394.444024,13175.026475,13289.722012
20230719,0,13324.629349,13593.914523,13324.629349,13459.271936
20230720,0,13514.126324,13703.623298,13484.205749,13603.888048
20230721,0,13563.993949,13573.967474,13214.920575,13329.616112
20230724,0,13364.523449,13494.179274,13329.616112,13404.417549
20230725,0,13464.258699,13608.874811,13464.258699,13519.113086
20230726,0,13593.914523,13733.543873,13554.020424,13578.954236
20230727,0,13603.888048,13758.477685,13479.218986,13534.073374
20230728,0,13494.179274,13583.940998,13404.417549,13573.967474
20230731,0,13663.729198,13898.107035,13613.861573,13688.663011
20230801,0,13763.464448,13793.385023,13613.861573,13708.610061
20230802,0,13653.755673,13913.067322,13618.848336,13823.305598
20230803,0,13643.782148,13643.782148,12860.860439,13254.814675
20230804,0,13364.523449,13454.285174,13140.119138,13294.708775
20230807,0,13294.708775,13394.444024,13105.2118,13165.05295
20230808,0,13189.845893,13219.597426,13110.508475,13140.260007
20230809,0,13155.135773,13551.822867,13130.342829,13482.402626
20230810,0,13492.319803,13596.450165,13437.775328,13512.154158
20230811,0,13576.615811,13606.367343,13343.562143,13531.988513
20230814,0,13665.870407,13770.000769,13482.402626,13546.864279
20230815,0,13561.740045,13596.450165,13482.402626,13522.071335
20230816,0,13467.52686,13507.195569,13279.10049,13348.520731
20230817,0,13303.893433,13462.568271,13239.43178,13403.065207
20230818,0,13462.568271,13551.822867,13363.396497,13417.940973
20230821,0,13388.189441,13616.28452,13383.230852,13512.154158
20230822,0,13536.947101,13636.118875,13477.444037,13581.574399
20230823,0,13606.367343,13700.580528,13541.90569,13551.822867
20230824,0,13591.491577,13725.373471,13536.947101,13611.325931
20230825,0,13641.077464,13735.290648,13586.532988,13680.746173
20230828,0,13755.125003,13814.628067,13194.804482,13308.852022
20230829,0,13308.852022,13447.692505,13264.224724,13398.106618
20230830,0,13447.692505,13477.444037,13323.727788,13427.85815
20230831,0,13447.692505,13527.029924,13388.189441,13427.85815
20230901,0,13477.444037,13814.628067,13477.444037,13690.66335
20230904,0,13829.503833,14270.818226,13566.698633,13730.33206
20230905,0,13892.90865,13937.247721,13695.846116,13784.524257
20230906,0,13897.835214,14050.558678,13828.863327,13981.586791
20230907,0,13991.439917,14104.750874,13794.377383,13917.541467
20230908,0,13868.275834,14267.327465,13725.405496,14030.852424
20230911,0,14109.677438,14385.564986,14050.558678,14203.282142
20230912,0,14336.299352,14424.977492,14144.163381,14222.988395
20230913,0,14070.264931,14262.400902,14070.264931,14178.649325
20230914,0,14287.033718,14454.536872,14188.502451,14375.711859
20230915,0,14508.729069,14695.938477,14385.564986,14607.260336
20230918,0,14622.040026,14779.690054,14548.141576,14774.76349
20230919,0,14873.294757,14873.294757,14424.977492,14493.949379
20230920,0,14533.361886,14681.158787,14380.638422,14641.74628
20230921,0,14602.333773,14626.96659,14336.299352,14370.785295
20230922,0,14370.785295,14400.344676,14099.824311,14385.564986
20230925,0,14415.124366,14469.316562,14247.621212,14316.593099
20230926,0,14232.841522,14395.418112,14213.135268,14311.666535
20230927,0,14316.593099,14370.785295,13922.46803,13986.513354
20230928,0,14134.310255,14134.310255,13552.975779,13754.964877
20231009,0,13735.258623,14050.558678,13528.342962,13947.100847
20231010,0,13828.863327,14109.677438,13828.863327,14055.485241
20231011,0,14070.264931,14149.089945,13858.422707,13981.586791
20231012,0,14011.146171,14104.750874,13912.614904,14001.293044
20231013,0,13926.118316,13963.70568,13630.117826,13733.483076
20231016,0,13653.609928,13860.34043,13531.450996,13601.927303
20231017,0,13583.133621,13752.276758,13451.577847,13681.800451
20231018,0,13714.689395,13860.34043,13686.498872,13803.959384
20231019,0,13766.37202,13832.149907,13550.244678,13620.720985
20231020,0,13644.213087,13728.784656,13531.450996,13573.73678
20231023,0,13484.466791,13728.784656,13456.276268,13648.911508
20231024,0,13611.324144,13705.292554,13550.244678,13578.4352
20231025,0,13667.70519,13761.673599,13536.149416,13569.03836
20231026,0,13470.371529,13531.450996,13146.180516,13296.529971
20231027,0,13155.577357,13287.13313,13080.402629,13150.878936
20231030,0,13174.371039,13409.292063,13024.021583,13352.911017
20231031,0,13277.736289,13432.784165,13277.736289,13399.895222
20231101,0,13301.228392,13404.593643,13099.196311,13146.180516
20231102,0,13108.780287,13258.381203,13090.080172,13160.205602
20231103,0,13197.605831,13277.081318,13150.855545,13202.28086
20231106,0,13169.555659,13398.632062,13155.530573,13328.506633
20231107,0,13253.706174,13305.131489,13183.580745,13211.630917
20231108,0,13164.88063,13333.181661,12912.429084,13253.706174
20231109,0,13202.28086,13305.131489,13155.530573,13211.630917
20231110,0,13300.456461,13351.881776,13136.830459,13174.230688
20231113,0,13239.681089,13239.681089,13104.105258,13127.480401
20231114,0,13155.530573,13239.681089,13090.080172,13141.505487
20231115,0,13197.605831,13309.806518,13164.88063,13202.28086
20231116,0,13169.555659,13253.706174,13122.805373,13253.706174
20231117,0,13206.955888,13436.032291,13202.28086,13337.85669
20231120,0,13337.85669,13510.832749,13323.831604,13436.032291
20231121,0,13487.457606,13510.832749,13319.156575,13356.556804
20231122,0,13384.606976,13454.732406,13132.15543,13263.056232
20231123,0,13211.630917,13305.131489,13169.555659,13272.406289
20231124,0,13305.131489,13351.881776,13197.605831,13277.081318
20231127,0,13314.481547,13347.206747,13015.279714,13033.979829
20231128,0,13005.929657,13099.43023,12959.179371,13066.705029
20231129,0,13118.130344,13141.505487,13029.3048,13062.030001
20231130,0,13080.730115,13132.15543,12977.879485,13094.755201
20231201,0,13090.080172,13141.505487,12921.779142,13033.979829
20231204,0,13029.3048,13113.455315,12982.554514,13024.629771
20231205,0,13024.629771,13033.979829,12131.699303,12538.426794
20231206,0,12622.577309,12837.628626,12430.901135,12809.578454
20231207,0,12749.090071,12860.760933,12581.583778,12749.090071
20231208,0,12795.619597,12921.249316,12749.090071,12911.943411
20231211,0,12935.208174,12981.7377,12772.354834,12814.231407
20231212,0,12790.966644,12893.331601,12735.131213,12828.190265
20231213,0,12828.190265,12856.10798,12674.64283,12767.701881
20231214,0,12828.190265,12884.025696,12753.743023,12795.619597
20231215,0,12804.925502,12916.596364,12790.966644,12851.455028
20231218,0,12758.395976,12949.167032,12758.395976,12911.943411
20231219,0,12911.943411,13270.22076,12911.943411,13246.955997
20231220,0,13298.138475,13377.238669,13195.773519,13288.83257
20231221,0,13312.097333,13312.097333,13139.938088,13177.161708
20231222,0,13186.467613,13344.668001,13181.814661,13209.732376
20231225,0,13246.955997,13386.544574,13139.938088,13256.261902
20231226,0,13260.914855,13465.644768,13191.120566,13246.955997
20231227,0,13288.83257,13307.44438,13200.426471,13246.955997
20231228,0,13242.303044,13316.750286,13149.243993,13251.608949
20231229,0,13307.44438,13312.097333,13177.161708,13177.161708
20240102,0,13214.385329,13400.503432,13046.879036,13367.932764
20240103,0,13353.973906,13521.480199,13219.038281,13298.138475
20240104,0,13367.932764,13400.503432,13246.955997,13260.914855
20240105,0,13223.691234,13242.303044,12967.778842,12991.043605
20240108,0,12981.7377,13023.614273,12879.372743,12935.208174
20240109,0,12893.331601,12972.431795,12777.007786,12879.372743
20240110,0,12865.479137,12953.471975,12800.642309,12902.528753
20240111,0,12874.741541,12925.684763,12782.117501,12851.585531
20240112,0,12828.429521,12874.741541,12569.08221,12606.131825
20240115,0,12643.181441,12708.018269,12596.869421,12666.337451
20240116,0,12698.755865,12698.755865,12504.245382,12541.294998
20240117,0,12569.08221,12569.08221,12342.153312,12434.777352
20240118,0,12462.564564,12462.564564,12240.266868,12291.21009
20240119,0,12309.734898,12550.557402,12272.685282,12481.089372
20240122,0,12481.089372,12536.663796,12379.202928,12430.14615
20240123,0,12453.30216,12453.30216,12328.259706,12383.83413
20240124,0,12420.883746,12453.30216,12346.784514,12397.727736
20240125,0,12439.408554,12513.507786,12406.99014,12444.039756
20240126,0,12457.933362,12462.564564,12318.997302,12379.202928
20240129,0,12342.153312,12379.202928,12133.749222,12277.316484
20240130,0,12305.103696,12448.670958,12277.316484,12328.259706
20240131,0,12346.784514,12374.571726,12189.323646,12189.323646
20240201,0,12143.011626,12309.734898,12101.330808,12235.635666
20240202,0,12254.160474,12351.415716,12217.110858,12249.529272
20240205,0,12281.947686,12337.52211,12207.848454,12272.685282
20240206,0,12240.266868,12268.05408,12133.749222,12231.004464
20240207,0,12226.38376,12522.108839,12184.79742,12420.453343
20240208,0,12429.694752,12512.86743,12406.59123,12475.901796
20240219,0,12531.350248,12586.7987,12235.625168,12328.039256
20240220,0,12365.004891,12420.453343,12295.694325,12300.31503
20240221,0,12332.65996,12466.660387,12254.107986,12378.867004
20240222,0,12383.487708,12401.970526,12291.073621,12346.522073
20240223,0,12365.004891,12434.315456,12332.65996,12406.59123
20240226,0,12401.970526,12443.556865,12217.142351,12258.72869
20240227,0,12258.72869,12383.487708,12244.866577,12355.763482
20240228,0,12355.763482,12369.625595,12254.107986,12267.970099
20240229,0,12272.590803,12286.452916,12078.52122,12161.693898
20240301,0,12129.348968,12471.281091,12129.348968,12291.073621
20240304,0,12328.039256,12457.418978,12318.797847,12374.246299
20240305,0,12388.046574,12470.848222,12277.644377,12323.645292
20240306,0,12346.64575,12346.64575,12153.441904,12227.043369
20240307,0,12263.844102,12328.245384,12190.242637,12199.44282
20240308,0,12213.243095,12282.244468,12125.841355,12204.042912
20240311,0,12144.241721,12291.444651,12102.840897,12135.041538
20240312,0,12171.842271,12305.244926,12167.242179,12217.843186
20240313,0,12231.643461,12291.444651,12153.441904,12190.242637
20240314,0,12190.242637,12254.643919,12158.041996,12171.842271
20240315,0,12171.842271,12199.44282,11514.029178,11767.034213
20240318,0,11780.834488,11817.635221,11647.431833,11688.832657
20240319,0,11693.432748,11757.83403,11601.430917,11647.431833
20240320,0,11633.631558,11767.034213,11569.230276,11675.032382
20240321,0,11688.832657,11730.233481,11638.23165,11656.632016
20240322,0,11656.632016,11757.83403,11458.828079,11504.828994
20240325,0,11504.828994,11610.6311,11371.426339,11394.426797
20240326,0,11412.827163,11445.027804,11288.624691,11307.025057
20240327,0,11316.22524,11348.425881,11113.821212,11136.821669
20240328,0,11123.021395,11284.024599,11049.41993,11100.020937
20240329,0,11040.219747,11201.222951,10975.818465,10989.61874
20240401,0,10943.617824,11008.019106,10819.415352,10966.618282
20240402,0,10957.418099,11118.421303,10957.418099,11086.220662
20240403,0,11104.621029,11150.621944,11003.419014,11049.41993
20240408,0,11086.220662,11173.622402,10939.017732,11100.020937
20240409,0,11118.322703,11269.31227,11077.14373,11232.708739
20240410,0,11296.764919,11296.764919,11145.775351,11177.803442
20240411,0,11196.105207,11205.25609,11072.568288,11104.596378
20240412,0,11100.020937,11191.529766,11026.813874,11168.652559
20240415,0,10889.550631,11228.133297,10889.550631,11154.926234
20240416,0,11136.624469,11145.775351,10935.305045,10939.880487
20240417,0,10939.880487,11026.813874,10683.655766,10711.108414
20240418,0,10720.259297,10884.975189,10637.901351,10665.354
20240419,0,10674.504883,10724.834739,10532.666198,10541.817081
20240422,0,10546.392523,10761.43827,10496.062667,10701.957532
20240423,0,10733.985622,10830.069892,10706.532973,10715.683856
20240424,0,10738.561063,10912.427838,10715.683856,10788.890919
20240425,0,10830.069892,10866.673423,10733.985622,10747.711946
20240426,0,10747.711946,10788.890919,10637.901351,10766.013712
20240429,0,10793.46636,11081.719171,10775.164595,10949.031369
20240430,0,10981.05946,11127.473586,10866.673423,10939.880487
20240506,0,10981.05946,11086.294613,10930.729604,10976.484018
20240507,0,10985.634901,11090.870054,10903.276955,10939.880487
20240508,0,10976.484018,10990.210342,10848.371658,10852.947099
20240509,0,10875.824306,11205.25609,10807.192685,11035.964757
20240510,0,11035.964757,11095.445496,10871.248865,10912.427838
20240513,0,10903.276955,11049.691081,10839.220775,10971.908577
20240514,0,10981.05946,11045.11564,10656.203117,10743.136505
20240515,0,10779.52308,10829.554622,10679.459997,10706.749929
20240516,0,10734.039861,10747.684827,10606.686845,10665.815031
20240517,0,10688.556641,10856.844554,10679.459997,10802.26469
20240520,0,10861.392876,11006.939179,10825.0063,10966.004281
20240521,0,10988.745891,11302.580107,10988.745891,11161.582126
20240522,0,11193.42038,11325.321717,11129.743872,11225.258634
20240523,0,11188.872058,11202.517024,11052.422399,11116.098907
20240524,0,11079.712331,11752.863983,11079.712331,11620.962646
20240527,0,11757.412305,11811.992169,11439.029767,11561.83446
20240528,0,11620.182227,11817.666977,11328.443392,11337.419971
20240529,0,11355.37313,11413.720897,11139.935221,11234.189306
20240530,0,11413.720897,11961.29225,11355.37313,11736.877761
20240531,0,11759.31921,11889.479614,11449.627216,11521.439852
20240603,0,11382.302869,11525.928142,10973.8685,11099.540613
20240604,0,11139.935221,11332.931682,11086.075744,11238.677596
20240605,0,11202.771278,11261.119045,11104.028903,11130.958642
20240606,0,11157.88838,11319.466812,11126.470352,11189.306409
20240607,0,11274.583914,11418.209187,10937.962181,11045.681136
20240611,0,11086.075744,11090.564034,10789.848619,10879.614414
20240612,0,10897.567573,10987.333369,10812.290068,10933.473892
20240613,0,10893.079284,10946.938761,10637.246766,10915.520732
20240614,0,10920.009022,11054.657715,10852.684676,10928.985602
20240617,0,10911.032443,10987.333369,10821.266647,10911.032443
20240618,0,10969.38021,10996.309948,10650.711636,10713.547693
20240619,0,10771.89546,10861.661255,10637.246766,10789.848619
20240620,0,10821.266647,10906.544153,10780.872039,10821.266647
20240621,0,10861.661255,10897.567573,10713.547693,10740.477431
20240624,0,10713.547693,10735.989141,10125.581732,10233.300687
20240625,0,10251.253846,10269.207005,9995.421329,10148.023181
20240626,0,10134.558312,10309.601613,10089.675414,10296.136744
20240627,0,10278.183584,10341.019641,10197.394368,10246.765556
20240628,0,10170.46463,10287.160164,10121.093442,10251.253846
20240701,0,10242.277266,10354.484511,10161.48805,10282.671874
20240702,0,10287.160164,10345.507931,10260.230425,10291.648454
20240703,0,10282.671874,10332.043062,10174.95292,10314.089903
20240704,0,10336.531352,10462.203465,10197.394368,10215.347528
20240705,0,10179.441209,10260.230425,10067.233965,10107.628573
20240708,0,10125.581732,10152.511471,10017.862777,10094.163704
20240709,0,10094.163704,10156.999761,9923.608692,10152.511471
20240710,0,10134.558312,10139.046601,9959.51501,9972.97988
20240711,0,9990.933039,10026.839357,9753.053681,9788.959999
20240712,0,9815.889738,9842.819476,9654.311306,9663.287885
20240715,0,9663.287885,9681.241044,9376.03734,9429.896817
20240716,0,9434.385107,9560.05722,9358.084181,9510.686033
20240717,0,9546.592351,9663.287885,9402.967078,9609.428408
20240718,0,9560.05722,9582.498669,9438.873397,9488.244584
20240719,0,9438.873397,9604.940118,9420.920237,9492.732874
20240722,0,9456.826556,9497.221164,9214.458908,9223.435487
20240723,0,9214.458908,9344.619311,9151.622851,9263.830095
20240724,0,9277.294965,9344.619311,9169.57601,9187.529169
20240725,0,9088.786794,9259.341806,9039.415607,9196.505749
20240726,0,9254.853516,9425.408527,9214.458908,9340.131021
20240729,0,9380.525629,9380.525629,9174.0643,9317.689573
20240730,0,9317.689573,9322.177862,9084.298504,9088.786794
20240731,0,9133.669692,9376.03734,9111.228243,9371.54905
20240801,0,9420.920237,9488.244584,9268.318385,9326.666152
20240802,0,9295.248124,9380.525629,9183.040879,9344.619311
20240805,0,9277.294965,9420.920237,9214.458908,9340.131021
20240806,0,9344.619311,9425.408527,9169.57601,9178.55259
20240807,0,9218.947198,9272.806675,9142.646271,9151.622851
20240808,0,9151.622851,9178.55259,8859.884016,8873.348885
20240809,0,8908.824543,8984.210315,8740.315168,8744.749626
20240812,0,8700.405054,8744.749626,8523.026765,8540.764594
20240813,0,8549.633508,8691.536139,8531.895679,8593.97808
20240814,0,8558.502423,8709.273968,8234.787046,8283.566075
20240815,0,8301.303904,8416.599792,8212.61476,8381.124134
20240816,0,8478.682193,8580.674709,8425.468706,8514.157851
20240819,0,8549.633508,8549.633508,8367.820763,8398.861963
20240820,0,8412.165335,8611.715909,8372.25522,8585.109166
20240821,0,8616.150366,8811.266484,8527.461222,8735.880711
20240822,0,8700.405054,8749.184083,8571.805794,8629.453738
20240823,0,8620.584824,8625.019281,8452.07545,8509.723393
20240826,0,8576.240252,8687.101682,8323.47619,8425.468706
20240827,0,8438.772078,8744.749626,8434.337621,8731.446254
20240828,0,8780.225283,8806.832027,8633.888195,8704.839511
20240829,0,8704.839511,9019.685973,8647.191567,8984.210315
20240830,0,8962.038029,9028.554887,8873.348885,8979.775858
20240902,0,8891.086714,8904.390085,8478.682193,8527.461222
20240903,0,8536.330137,8691.536139,8465.378821,8633.888195
20240904,0,8540.764594,8829.004313,8500.854479,8656.060481
20240905,0,8691.536139,8784.659741,8416.599792,8434.337621
20240906,0,8483.11665,8554.067966,8345.648476,8540.764594
20240909,0,8447.640992,8669.363853,8398.861963,8656.060481
20240910,0,8656.060481,8709.273968,8491.985565,8509.723393
20240911,0,8487.551107,8797.963112,8478.682193,8744.749626
20240912,0,8771.356369,8775.790826,8558.502423,8633.888195
20240913,0,8682.667225,8775.790826,8523.026765,8545.199051
20240918,0,8602.846995,8620.584824,8443.206535,8571.805794
20240919,0,8611.715909,8691.536139,8358.951848,8585.109166
20240920,0,8629.453738,8651.626024,8292.43499,8301.303904
20240923,0,8248.090418,8416.599792,8159.401273,8372.25522
20240924,0,8385.558591,8523.026765,8292.43499,8491.985565
20240925,0,8545.199051,8860.045513,8483.11665,8496.420022
20240926,0,8558.502423,8602.846995,8465.378821,8554.067966
20240927,0,8673.79831,8691.536139,8527.461222,8638.322653
20240930,0,8824.569856,8895.521171,8656.060481,8771.356369
20241008,0,8926.562371,9139.416318,8562.93688,8567.371337
20241009,0,8558.502423,8713.708425,8483.11665,8491.985565
20241010,0,8571.805794,8629.453738,8452.07545,8460.944364
20241011,0,8562.93688,8598.412538,8460.944364,8558.502423
20241014,0,8629.453738,8678.232767,8496.420022,8523.026765
20241015,0,8531.895679,8620.584824,8500.854479,8536.330137
20241016,0,8523.026765,8629.453738,8514.157851,8620.584824
20241017,0,8647.191567,8722.57734,8487.551107,8496.420022
20241018,0,8513.171638,8519.872285,8302.101267,8352.356118
20241021,0,8349.005794,8436.114201,8315.502561,8369.107734
20241022,0,8349.005794,8580.178106,8201.591567,8529.923255
20241023,0,8529.923255,8858.254944,8489.719375,8714.19104
20241024,0,8717.541363,8734.29298,8553.375519,8620.381986
20241025,0,8640.483926,8851.554297,8586.878752,8814.70074
20241028,0,8804.64977,8898.458824,8717.541363,8811.350417
20241029,0,8811.350417,8834.80268,8519.872285,8576.827782
20241030,0,8617.031662,8704.14007,8586.878752,8653.885219
20241031,0,8707.490393,8851.554297,8593.579399,8797.949123
20241101,0,8777.847183,8918.560764,8623.732309,8647.184573
20241104,0,8580.178106,8690.738776,8576.827782,8650.534896
20241105,0,8694.0891,8694.0891,8503.120668,8519.872285
20241106,0,8476.318082,8573.477459,8402.610968,8412.661938
20241107,0,8442.814848,8476.318082,8362.407088,8419.362585
20241108,0,8432.763878,8503.120668,8322.203207,8352.356118
20241111,0,8308.766945,8369.121184,8248.412705,8318.825985
20241112,0,8318.825985,8419.416383,8298.707905,8338.944064
20241113,0,8318.825985,8442.887477,8315.472971,8372.474197
20241114,0,8369.121184,8483.123636,8302.060918,8315.472971
20241115,0,8288.648865,8345.650091,8214.882572,8315.472971
20241118,0,8268.530785,8349.003104,8194.764493,8302.060918
20241119,0,8318.825985,8335.591051,8174.646413,8255.118732
20241120,0,8275.236812,8349.003104,8214.882572,8328.885025
20241121,0,8349.003104,8382.533237,8261.824759,8335.591051
20241122,0,8328.885025,8365.768171,8224.941612,8228.294626
20241125,0,8271.883798,8275.236812,8181.35244,8181.35244
20241126,0,8147.822307,8177.999426,7839.345083,7960.053562
20241127,0,8114.292174,8241.706679,8063.996974,8184.705453
20241128,0,8181.35244,8181.35244,7936.582469,7990.230682
20241129,0,8020.407801,8362.415157,7973.465615,8318.825985
20241202,0,8449.593503,8449.593503,8211.529559,8251.765719
20241203,0,8204.823533,8302.060918,8204.823533,8228.294626
20241204,0,8194.764493,8208.176546,7949.994522,8000.289722
20241205,0,8000.289722,8080.762041,7960.053562,7973.465615
20241206,0,7946.641509,8017.054788,7926.523429,7953.347535
20241209,0,7933.229456,7970.112602,7802.461937,7886.28727
20241210,0,8010.348761,8040.525881,7795.755911,7846.05111
20241211,0,7842.698097,7943.288496,7835.99207,7903.052336
20241212,0,7889.640283,7916.464389,7856.11015,7886.28727
20241213,0,7846.05111,7882.934256,7748.813724,7768.931804
20241216,0,7732.143922,7822.441451,7712.077805,7802.375333
20241217,0,7762.243098,7802.375333,7698.700393,7742.176981
20241218,0,7715.422158,7748.865687,7655.223805,7681.978629
20241219,0,7671.94557,7688.667334,7561.581924,7568.27063
20241220,0,7558.237571,7584.992394,7514.760983,7554.893218
20241223,0,7551.548865,7618.435923,7531.482748,7601.714159
20241224,0,7581.648041,7681.978629,7554.893218,7668.601217
20241225,0,7692.011687,7799.03098,7618.435923,7748.865687
20241226,0,7752.21004,7775.62051,7477.973101,7484.661807
20241227,0,7474.628748,7524.794042,7427.807808,7431.152161
20241230,0,7444.529572,7548.204512,7417.774749,7477.973101
20241231,0,7474.628748,7491.350513,7310.755456,7347.543338
20250102,0,7360.92075,7444.529572,7344.198985,7391.019926
20250103,0,7370.953808,7407.74169,7173.636987,7210.424869
20250106,0,7217.113575,7327.47722,7180.325693,7210.424869
20250107,0,7203.736163,7210.424869,7059.928988,7076.650752
20250108,0,7069.962047,7113.438634,7026.485459,7043.207223
20250109,0,7023.141106,7100.061223,6962.942754,7029.829812
20250110,0,7046.551576,7076.650752,6909.433107,7036.518518
20250113,0,7090.028164,7143.537811,7023.141106,7133.504752
20250114,0,7093.466372,7196.898854,7093.466372,7150.18741
20250115,0,7126.831688,7223.591107,7053.427991,7156.860474
20250116,0,7180.216195,7213.581512,7060.101055,7130.16822
20250117,0,7130.16822,7320.350526,7126.831688,7263.629488
20250120,0,7300.331336,7300.331336,7163.533537,7193.562322
20250121,0,7190.225791,7233.600703,7026.735738,7053.427991
20250122,0,7103.475967,7203.571917,7040.081865,7183.552727
20250123,0,7203.571917,7236.937234,7140.177815,7176.879664
20250124,0,7150.18741,7173.543132,7023.399206,7066.774118
20250127,0,7076.783713,7367.06197,7046.754928,7290.321741
20250205,0,7273.639083,7273.639083,7070.11065,7146.850879
20250206,0,7150.171906,7266.407864,7133.566769,7249.802727
20250207,0,7233.19759,7332.828411,7199.987316,7259.765809
20250210,0,7269.728891,7299.618137,7146.850879,7209.950398
20250211,0,7193.345262,7229.876563,7120.28266,7166.777043
20250212,0,7180.061152,7219.91348,7150.171906,7183.38218
20250213,0,7199.987316,7239.839645,7106.99855,7133.566769
20250214,0,7126.924714,7203.308344,7017.330812,7123.603687
20250217,0,7136.887796,7136.887796,7027.293894,7047.220058
20250218,0,7067.146222,7090.393413,6994.08362,7017.330812
20250219,0,7023.972866,7113.640605,7017.330812,7083.751359
20250220,0,7083.751359,7093.714441,7014.009784,7027.293894
20250221,0,7027.293894,7073.788277,6974.157456,6984.120538
20250224,0,6957.552319,7007.367729,6881.16869,6967.515401
20250225,0,6960.873346,6987.441565,6907.736909,6917.699991
20250226,0,6924.342045,6934.305128,6854.600471,6864.563553
20250227,0,6854.600471,6894.452799,6828.032252,6861.242526
20250228,0,6854.600471,6904.415881,6854.600471,6877.847662
20250303,0,6874.526635,6974.157456,6874.526635,6911.057936
20250304,0,6911.057936,6927.663073,6857.921498,6867.88458
20250305,0,6854.600471,6871.205608,6754.96965,6768.25376
20250306,0,6768.25376,6808.106088,6731.722459,6758.290677
20250307,0,6768.25376,6804.785061,6715.117322,6721.759377
20250310,0,6725.080404,6748.327595,6655.338829,6655.338829
20250311,0,6652.017802,6685.228076,6625.449583,6632.091638
20250312,0,6632.091638,6635.412665,6495.929516,6562.350063
20250313,0,6565.671091,6622.128556,6545.744926,6605.523419
20250314,0,6608.844446,6665.301911,6585.597255,6612.165474
20250317,0,6598.881364,6658.659857,6562.350063,6618.807528
20250318,0,6618.807528,6632.091638,6578.9552,6595.560337
20250319,0,6578.9552,6595.560337,6469.361297,6499.250543
20250320,0,6515.85568,6525.818762,6459.398215,6469.361297
20250321,0,6459.398215,6559.029036,6392.977668,6489.287461
20250324,0,6429.508969,6545.744926,6429.508969,6545.744926
20250325,0,6545.744926,6642.05472,6515.85568,6608.844446
20250326,0,6575.634173,6582.276227,6489.287461,6495.929516
20250327,0,6489.287461,6595.560337,6476.003352,6588.918282
20250328,0,6598.881364,6628.77061,6539.102872,6545.744926
20250331,0,6572.313145,6572.313145,6492.608489,6499.250543
20250401,0,6515.85568,6535.781844,6446.114106,6502.571571
20250402,0,6529.13979,6555.708009,6459.398215,6482.645407
20250403,0,6456.077188,6565.671091,6416.224859,6522.497735
20250407,0,6396.298695,6429.508969,6313.273011,6343.162257
20250408,0,6363.088422,6416.224859,6313.273011,6343.162257
20250409,0,6313.273011,6343.162257,6226.9263,6316.594039
20250410,0,6363.088422,6399.619723,6323.236093,6346.483285
20250411,0,6343.162257,6343.162257,6273.420683,6280.062738
20250414,0,6316.594039,6339.84123,6180.431917,6183.752944
20250415,0,6170.468835,6183.752944,6087.443151,6090.764178
20250416,0,6110.690342,6110.690342,5987.81233,5991.133357
20250417,0,5984.491303,6054.232877,5957.923084,5987.81233
20250418,0,5994.454385,5994.454385,5785.229661,5791.871716
20250421,0,5845.008153,5934.675892,5771.945552,5884.860482
20250422,0,5861.704763,5908.0162,5785.621688,5845.164964
20250423,0,5845.164964,5924.555999,5845.164964,5908.0162
20250424,0,5888.168442,5898.092321,5828.625165,5871.628643
20250425,0,5908.0162,5914.63212,5792.237607,5808.777406
20250428,0,5808.777406,5855.088844,5722.770452,5822.009246
20250429,0,5815.393326,5818.701286,5646.687376,5649.995336
20250430,0,5673.151055,5709.538612,5613.607778,5649.995336
20250506,0,5623.531658,5643.379417,5477.981427,5507.753065
20250507,0,5570.604301,5630.147577,5444.901829,5484.597346
20250508,0,5458.133668,5547.448582,5368.818753,5501.137145
20250509,0,5471.365507,5580.52818,5425.05407,5428.36203
20250512,0,5474.673467,5534.216743,5408.514271,5504.445105
20250513,0,5504.445105,5547.448582,5382.050592,5444.901829
20250514,0,5494.521226,5649.995336,5451.517748,5616.915738
20250515,0,5590.45206,5640.071457,5537.524703,5563.988381
20250516,0,5554.064502,5554.064502,5355.586914,5358.894874
20250519,0,5362.184558,5395.081395,5312.839301,5349.025822
20250520,0,5306.259933,5349.025822,5210.859104,5224.017839
20250521,0,5250.335309,5256.914677,5151.644796,5174.672582
20250522,0,5158.224163,5237.176574,5158.224163,5184.541634
20250523,0,5164.803531,5237.176574,5128.617009,5207.56942
20250526,0,5230.597206,5230.597206,5003.609026,5006.89871
20250527,0,5016.767761,5016.767761,4895.049461,4895.049461
20250528,0,4908.208196,4911.49788,4763.46211,4829.255786
20250529,0,4816.097051,4858.86294,4737.14464,4747.013691
20250530,0,4747.013691,4763.46211,4691.089067,4710.82717
20250603,0,4677.930332,4707.537486,4628.585075,4651.612862
20250604,0,4704.247802,4822.676418,4598.977921,4789.77958
20250605,0,4737.14464,4740.434324,4668.061281,4694.378751
20250606,0,4783.200213,4865.442307,4747.013691,4796.358948
20250609,0,4766.751794,4918.077248,4750.303375,4918.077248
20250610,0,4872.021675,4914.787564,4799.648632,4878.601042
20250611,0,4845.704205,5006.89871,4822.676418,4974.001872
20250612,0,4947.526812,4960.764342,4874.720397,4894.576692
20250613,0,4871.411015,4917.74237,4801.913983,4818.460895
20250616,0,4835.007808,4881.339162,4755.582628,4878.02978
20250617,0,4871.411015,4901.195457,4831.698425,4871.411015
20250618,0,4891.26731,4974.001872,4884.648545,4914.432987
20250619,0,4887.957927,4957.454959,4884.648545,4944.217429
20250620,0,4944.217429,5003.786314,4848.245337,4891.26731
20250623,0,4881.339162,4930.9799,4871.411015,4911.123605
20250624,0,4884.648545,4997.167549,4841.626573,4954.145577
20250625,0,4930.9799,5017.023844,4930.9799,5000.476932
20250626,0,5030.261374,5182.492968,5013.714462,5109.686554
20250627,0,5149.399143,5328.105798,5119.614701,5314.868268
20250630,0,5344.65271,5480.337392,5298.321355,5334.724562
20250701,0,5295.011973,5321.487033,5099.758406,5139.470996
20250702,0,5165.946056,5483.646774,5156.017908,5434.006037
20250703,0,5417.459125,5430.696654,5251.99,5301.630738
20250704,0,5334.724562,5397.60283,5218.896176,5281.774443
20250707,0,5281.774443,5334.724562,5235.443088,5324.796415
20250708,0,5334.724562,5582.928249,5242.061853,5437.315419
20250709,0,5427.387272,5477.028009,5338.033945,5387.674682
20250710,0,5460.481097,5625.950221,5424.07789,5606.093926
20250711,0,5612.712691,5649.115898,5503.503069,5569.690719
20250714,0,5599.475161,5784.80058,5526.668746,5755.016138
20250715,0,5721.922313,5877.46329,5705.375401,5814.585022
20250716,0,5784.80058,5804.656875,5682.209723,5748.397373
20250717,0,5791.419345,5864.22576,5721.922313,5788.109963
20250718,0,5850.98823,6003.219824,5702.066018,5755.016138
20250721,0,5930.413409,6168.688948,5854.297612,6128.976358
20250722,0,6185.235861,6390.417575,6145.523271,6390.417575
20250723,0,6493.008431,6658.477556,6165.379566,6304.37363
20250724,0,6327.539307,6605.527436,6191.854626,6413.583252
20250725,0,6453.295842,6506.245961,6294.445483,6436.748929
20250728,0,6023.076119,6267.970423,5900.628967,5900.628967
20250729,0,5900.628967,6208.401538,5807.966258,6188.545243
20250730,0,6287.826718,6354.014367,6003.219824,6145.523271
20250731,0,6016.457354,6016.457354,5711.994166,5798.03811
20250801,0,5857.606995,5864.22576,5619.331456,5625.950221
20250804,0,5619.331456,5619.331456,5443.934184,5533.287511
20250805,0,5513.431217,5685.519106,5463.790479,5592.856396
20250806,0,5533.568166,5816.834155,5510.511632,5731.1956
20250807,0,5718.020438,5764.133506,5602.737768,5701.551485
20250808,0,5685.082532,5750.958344,5563.212281,5737.783181
20250811,0,5770.721087,5945.291988,5770.721087,5928.823035
20250812,0,5961.760941,5984.817475,5783.896249,5823.421736
20250813,0,5797.071412,5862.947223,5638.969464,5665.319789
20250814,0,5668.613579,5803.658993,5662.025998,5714.726647
20250815,0,5714.726647,5813.540365,5592.856396,5800.365202
20250818,0,5800.365202,5859.653433,5655.438417,5668.613579
20250819,0,5675.201161,5750.958344,5615.91293,5681.788742
20250820,0,5599.443977,5606.031558,5388.64138,5526.980585
20250821,0,5546.743328,5790.483831,5533.568166,5688.376323
20250822,0,5704.845276,5813.540365,5606.031558,5760.839715
20250825,0,5882.709967,5889.297548,5701.551485,5714.726647
20250826,0,5718.020438,5787.19004,5602.737768,5609.325349
20250827,0,5615.91293,5675.201161,5573.093653,5615.91293
20250828,0,5619.206721,5662.025998,5546.743328,5645.557045
20250829,0,5609.325349,5632.381883,5497.336469,5526.980585
20250901,0,5513.805422,5619.206721,5447.929611,5596.150187
20250902,0,5586.268815,5658.732208,5559.91849,5579.681234
