date,time,open,high,low,close
20181127,0,5828,5830,5382,5382
20181128,0,5300,5314,5142,5184
20181129,0,5160,5294,5122,5188
20181130,0,5208,5220,5114,5148
20181203,0,5158,5262,4970,4978
20181204,0,4978,5114,4978,5058
20181205,0,5060,5158,5040,5140
20181206,0,5150,5264,5128,5132
20181207,0,5112,5208,5086,5138
20181210,0,5150,5224,5136,5166
20181211,0,5160,5198,5074,5094
20181212,0,5112,5152,5104,5138
20181213,0,5146,5158,5094,5126
20181214,0,5120,5164,5104,5132
20181217,0,5110,5150,5108,5132
20181218,0,5134,5162,5112,5126
20181219,0,5124,5144,5032,5062
20181220,0,5068,5082,5044,5066
20181221,0,5072,5072,5028,5048
20181224,0,5042,5064,4960,4982
20181225,0,4982,5038,4966,5000
20181226,0,4996,5012,4916,4938
20181227,0,4950,4998,4940,4952
20181228,0,4944,5058,4938,5048
20190102,0,5044,5118,5010,5082
20190103,0,5072,5108,5060,5082
20190104,0,5084,5236,5072,5140
20190107,0,5152,5186,5114,5170
20190108,0,5172,5192,5138,5158
20190109,0,5160,5340,5156,5304
20190110,0,5306,5362,5260,5272
20190111,0,5272,5328,5252,5324
20190114,0,5320,5378,5280,5294
20190115,0,5300,5302,5214,5242
20190116,0,5242,5320,5232,5318
20190117,0,5310,5342,5284,5316
20190118,0,5308,5418,5260,5380
20190121,0,5386,5472,5372,5448
20190122,0,5436,5530,5416,5430
20190123,0,5428,5466,5402,5442
20190124,0,5446,5480,5364,5394
20190125,0,5382,5456,5358,5410
20190128,0,5406,5430,5316,5326
20190129,0,5320,5360,5308,5320
20190130,0,5330,5372,5310,5316
20190131,0,5322,5430,5280,5426
20190201,0,5416,5540,5410,5474
20190211,0,5468,5516,5392,5412
20190212,0,5420,5514,5418,5506
20190213,0,5522,5538,5434,5458
20190214,0,5454,5506,5386,5414
20190215,0,5430,5430,5352,5394
20190218,0,5404,5450,5376,5438
20190219,0,5444,5516,5428,5516
20190220,0,5536,5554,5464,5496
20190221,0,5496,5622,5480,5614
20190222,0,5610,5686,5584,5670
20190225,0,5682,5684,5606,5612
20190226,0,5614,5626,5550,5584
20190227,0,5588,5610,5542,5566
20190228,0,5576,5606,5518,5548
20190301,0,5548,5614,5540,5596
20190304,0,5602,5636,5486,5552
20190305,0,5544,5588,5524,5560
20190306,0,5566,5606,5546,5556
20190307,0,5552,5572,5464,5470
20190308,0,5482,5486,5380,5408
20190311,0,5364,5458,5364,5432
20190312,0,5434,5452,5410,5428
20190313,0,5430,5468,5396,5412
20190314,0,5414,5448,5378,5384
20190315,0,5374,5438,5356,5418
20190318,0,5412,5456,5396,5430
20190319,0,5434,5480,5410,5446
20190320,0,5448,5468,5310,5322
20190321,0,5320,5346,5304,5330
20190322,0,5332,5350,5286,5336
20190325,0,5330,5344,5286,5312
20190326,0,5312,5348,5310,5320
20190327,0,5330,5360,5290,5320
20190328,0,5320,5344,5220,5234
20190329,0,5238,5356,5218,5322
20190401,0,5328,5378,5294,5346
20190402,0,5346,5376,5322,5338
20190403,0,5348,5432,5306,5430
20190404,0,5426,5438,5390,5414
20190408,0,5420,5470,5390,5450
20190409,0,5450,5470,5394,5424
20190410,0,5424,5456,5370,5430
20190411,0,5430,5472,5384,5460
20190412,0,5456,5492,5432,5434
20190415,0,5442,5508,5410,5420
20190416,0,5430,5450,5386,5396
20190417,0,5406,5414,5350,5356
20190418,0,5356,5382,5336,5362
20190419,0,5364,5404,5316,5402
20190422,0,5400,5430,5388,5418
20190423,0,5418,5426,5350,5350
20190424,0,5356,5382,5320,5368
20190425,0,5368,5376,5342,5356
20190426,0,5350,5356,5270,5290
20190429,0,5290,5300,5262,5298
20190430,0,5300,5300,5242,5244
20190506,0,5226,5280,5030,5130
20190507,0,5121.949784,5160.188309,5111.887015,5148.112985
20190508,0,5142.075324,5166.225971,5136.037662,5144.087878
20190509,0,5142.075324,5156.163201,5083.711259,5087.736367
20190510,0,5089.748921,5125.974892,5085.723813,5111.887015
20190513,0,5115.912122,5196.41428,5065.598274,5162.200863
20190514,0,5162.200863,5166.225971,4952.895253,5033.397411
20190515,0,5039.435073,5049.497842,4985.096116,5027.359749
20190516,0,5019.309533,5071.635936,5015.284425,5027.359749
20190517,0,5029.372303,5051.510396,4932.769714,4966.983131
20190520,0,4975.033346,5015.284425,4946.857591,4971.008239
20190521,0,4966.983131,5007.234209,4960.945469,4995.158886
20190522,0,4997.17144,5003.209102,4892.518635,4904.593958
20190523,0,4910.63162,4934.782268,4852.267556,4910.63162
20190524,0,4916.669282,4977.0459,4872.393095,4912.644174
20190527,0,4914.656728,4948.870145,4866.355434,4928.744606
20190528,0,4880.443311,4971.008239,4860.317772,4930.75716
20190529,0,4930.75716,4995.158886,4924.719498,4964.970577
20190530,0,4971.008239,4973.020792,4882.455865,4896.543743
20190531,0,4906.606512,4920.69439,4864.34288,4874.405649
20190603,0,4876.418203,4878.430757,4679.187917,4711.38878
20190604,0,4727.489211,4749.627305,4703.338564,4731.514319
20190605,0,4731.514319,4737.551981,4667.112593,4673.150255
20190606,0,4667.112593,4691.26324,4562.459788,4612.773637
20190610,0,4626.861514,4661.074931,4606.735975,4632.899176
20190611,0,4626.861514,4697.300902,4620.823852,4685.225579
20190612,0,4689.250687,4693.275794,4592.648097,4600.698313
20190613,0,4590.635543,4648.999608,4580.572774,4618.811299
20190614,0,4628.874068,4644.9745,4588.622989,4596.673205
20190617,0,4586.610435,4620.823852,4548.371911,4598.685759
20190618,0,4590.635543,4634.91173,4564.472342,4590.635543
20190619,0,4600.698313,4663.087485,4582.585328,4592.648097
20190620,0,4584.597882,4594.660651,4552.397018,4564.472342
20190621,0,4550.384464,4576.547666,4500.070616,4552.397018
20190624,0,4560.447234,4610.761083,4530.258925,4588.622989
20190625,0,4578.56022,4657.049823,4576.547666,4612.773637
20190626,0,4616.798745,4624.84896,4562.459788,4586.610435
20190627,0,4588.622989,4622.836406,4554.409572,4570.510004
20190628,0,4562.459788,4739.564535,4538.309141,4681.200471
20190701,0,4687.238133,4769.752844,4659.062377,4741.577089
20190702,0,4741.577089,4773.777952,4685.225579,4763.715182
20190703,0,4763.715182,4795.916046,4705.351118,4751.639859
20190704,0,4759.690075,4908.619066,4741.577089,4838.179678
20190705,0,4842.204786,4884.468419,4801.953707,4820.066693
20190708,0,4836.167124,4868.367987,4717.426442,4731.514319
20190709,0,4735.539427,4749.627305,4556.422126,4562.459788
20190710,0,4564.472342,4604.723421,4487.995292,4576.547666
20190711,0,4582.585328,4632.899176,4574.535112,4594.660651
20190712,0,4568.49745,4594.660651,4542.334249,4578.56022
20190715,0,4570.510004,4610.761083,4566.484896,4592.648097
20190716,0,4594.660651,4638.936838,4564.472342,4602.710867
20190717,0,4608.748529,4620.823852,4558.43468,4574.535112
20190718,0,4574.535112,4586.610435,4500.070616,4550.384464
20190719,0,4550.384464,4594.660651,4514.158494,4586.610435
20190722,0,4586.610435,4630.886622,4560.447234,4608.748529
20190723,0,4616.798745,4703.338564,4602.710867,4646.987054
20190724,0,4648.999608,4655.03727,4548.371911,4576.547666
20190725,0,4582.585328,4606.735975,4564.472342,4588.622989
20190726,0,4592.648097,4614.786191,4566.484896,4570.510004
20190729,0,4570.510004,4622.836406,4532.271479,4594.660651
20190730,0,4596.673205,4644.9745,4572.522558,4572.522558
20190731,0,4570.510004,4604.723421,4544.346803,4598.685759
20190801,0,4594.660651,4606.735975,4544.346803,4544.346803
20190802,0,4534.284033,4572.522558,4437.681444,4498.058062
20190805,0,4504.095724,4522.208709,4463.844645,4473.907415
20190806,0,4483.970184,4554.409572,4483.970184,4530.258925
20190807,0,4520.196155,4550.384464,4490.007846,4526.233817
20190808,0,4522.208709,4580.572774,4512.14594,4556.422126
20190809,0,4580.572774,4586.610435,4538.309141,4578.56022
20190812,0,4584.450306,4668.874872,4572.670134,4643.351166
20190813,0,4637.46108,4668.874872,4602.120564,4641.387804
20190814,0,4641.387804,4690.471855,4615.864098,4647.27789
20190815,0,4639.424442,4662.984786,4547.146427,4576.596858
20190816,0,4574.633496,4611.937374,4560.889962,4594.267116
20190819,0,4594.267116,4651.204614,4570.706772,4651.204614
20190820,0,4651.204614,4661.021424,4535.366255,4562.853324
20190821,0,4564.816686,4588.37703,4525.549445,4578.56022
20190822,0,4582.486944,4586.413668,4527.512807,4535.366255
20190823,0,4541.256341,4594.267116,4517.695997,4584.450306
20190826,0,4572.670134,4706.178751,4551.073151,4698.325303
20190827,0,4702.252027,4727.775733,4641.387804,4690.471855
20190828,0,4690.471855,4710.105475,4645.314528,4684.581769
20190829,0,4680.655044,4714.032199,4655.131338,4668.874872
20190830,0,4674.764958,4680.655044,4604.083926,4613.900736
20190902,0,4615.864098,4666.91151,4613.900736,4629.607632
20190903,0,4625.680908,4659.058062,4584.450306,4655.131338
20190904,0,4651.204614,4684.581769,4635.497718,4664.948148
20190905,0,4666.91151,4694.398579,4635.497718,4639.424442
20190906,0,4641.387804,4686.545131,4619.790822,4639.424442
20190909,0,4641.387804,4698.325303,4631.570994,4684.581769
20190910,0,4682.618407,4721.885647,4641.387804,4641.387804
20190911,0,4645.314528,4657.0947,4613.900736,4623.717546
20190912,0,4625.680908,4633.534356,4602.120564,4608.01065
20190916,0,4633.534356,4688.508493,4621.754184,4670.838234
20190917,0,4676.72832,4776.859783,4668.874872,4735.629181
20190918,0,4731.702457,4745.445991,4688.508493,4712.068837
20190919,0,4714.032199,4770.969697,4694.398579,4706.178751
20190920,0,4712.068837,4721.885647,4651.204614,4672.801596
20190923,0,4678.691682,4702.252027,4666.91151,4692.435217
20190924,0,4686.545131,4729.739095,4657.0947,4666.91151
20190925,0,4672.801596,4676.72832,4633.534356,4661.021424
20190926,0,4664.948148,4674.764958,4639.424442,4651.204614
20190927,0,4655.131338,4657.0947,4535.366255,4537.329617
20190930,0,4539.292979,4590.340392,4537.329617,4566.780048
20191008,0,4554.999876,4596.230478,4517.695997,4572.670134
20191009,0,4572.670134,4623.717546,4566.780048,4615.864098
20191010,0,4615.864098,4619.790822,4588.37703,4600.157202
20191011,0,4604.083926,4606.047288,4570.706772,4602.120564
20191014,0,4598.19384,4611.937374,4543.219703,4553.036513
20191015,0,4551.073151,4570.706772,4527.512807,4560.889962
20191016,0,4562.853324,4576.596858,4517.695997,4523.586083
20191017,0,4515.732635,4543.219703,4496.099015,4511.805911
20191018,0,4513.769273,4533.402893,4503.952463,4531.439531
20191021,0,4537.329617,4549.109789,4494.135653,4498.062377
20191022,0,4496.099015,4537.329617,4454.868413,4529.476169
20191023,0,4531.439531,4556.963238,4505.915825,4547.146427
20191024,0,4543.219703,4564.816686,4537.329617,4545.183065
20191025,0,4549.109789,4558.9266,4525.549445,4545.183065
20191028,0,4545.183065,4570.706772,4511.805911,4515.732635
20191029,0,4523.586083,4560.889962,4505.915825,4560.889962
20191030,0,4554.999876,4582.486944,4547.146427,4580.523582
20191031,0,4574.633496,4588.37703,4554.999876,4560.889962
20191101,0,4560.889962,4582.486944,4523.586083,4533.402893
20191104,0,4541.256341,4556.963238,4527.512807,4554.999876
20191105,0,4551.073151,4578.56022,4543.219703,4570.706772
20191106,0,4564.816686,4572.670134,4496.099015,4498.062377
20191107,0,4505.915825,4519.659359,4488.245567,4492.172291
20191108,0,4496.099015,4527.512807,4482.355481,4503.952463
20191111,0,4500.025739,4527.512807,4476.465395,4490.208929
20191112,0,4496.099015,4501.989101,4466.648585,4478.428757
20191113,0,4480.392119,4511.805911,4476.465395,4478.428757
20191114,0,4476.465395,4494.135653,4468.611947,4472.538671
20191115,0,4470.575309,4484.318843,4441.124879,4441.124879
20191118,0,4447.014965,4470.575309,4439.161517,4447.014965
20191119,0,4445.051603,4450.941689,4401.857638,4413.63781
20191120,0,4417.564534,4437.198155,4394.00419,4395.967552
20191121,0,4395.967552,4421.491258,4394.00419,4417.564534
20191122,0,4427.381345,4456.831775,4411.674448,4417.564534
20191125,0,4419.527896,4439.161517,4413.63781,4437.198155
20191126,0,4437.198155,4448.978327,4419.527896,4429.344707
20191127,0,4435.234793,4445.051603,4417.564534,4421.491258
20191128,0,4421.491258,4437.198155,4378.297294,4401.857638
20191129,0,4409.711086,4411.674448,4354.73695,4366.517122
20191202,0,4374.37057,4374.37057,4301.726176,4315.46971
20191203,0,4317.433072,4340.993416,4311.542986,4327.249882
20191204,0,4327.249882,4335.10333,4297.799452,4323.323158
20191205,0,4319.396434,4356.700312,4319.396434,4339.030054
20191206,0,4329.213244,4344.92014,4325.28652,4331.176606
20191209,0,4321.359796,4368.480484,4321.359796,4350.810226
20191210,0,4358.663674,4360.627036,4331.176606,4342.956778
20191211,0,4346.883502,4376.333932,4339.030054,4358.663674
20191212,0,4352.773588,4374.37057,4352.773588,4364.55376
20191213,0,4362.641998,4383.671385,4358.818473,4364.55376
20191216,0,4356.90671,4368.377285,4335.877323,4351.171423
20191217,0,4351.171423,4376.024335,4351.171423,4358.818473
20191218,0,4356.90671,4370.289047,4326.31851,4333.96556
20191219,0,4330.142035,4349.25966,4328.230273,4345.436135
20191220,0,4345.436135,4354.994948,4335.877323,4343.524373
20191223,0,4347.347898,4400.877247,4326.31851,4393.230197
20191224,0,4393.230197,4404.700772,4379.84786,4391.318435
20191225,0,4393.230197,4408.524297,4381.759622,4397.053722
20191226,0,4398.965485,4419.994872,4391.318435,4398.965485
20191227,0,4397.053722,4419.994872,4387.49491,4408.524297
20191230,0,4412.347822,4429.553685,4398.965485,4418.08311
20191231,0,4421.906635,4423.818397,4393.230197,4400.877247
20200102,0,4402.78901,4427.641922,4402.78901,4406.612535
20200103,0,4406.612535,4423.818397,4397.053722,4400.877247
20200106,0,4398.965485,4404.700772,4358.818473,4364.55376
20200107,0,4364.55376,4385.583147,4360.730235,4379.84786
20200108,0,4379.84786,4473.524222,4377.936097,4454.406597
20200109,0,4454.406597,4488.818322,4437.200735,4460.141884
20200110,0,4465.877172,4484.994797,4439.112497,4446.759547
20200113,0,4442.936022,4484.994797,4437.200735,4475.435984
20200114,0,4477.347747,4488.818322,4450.583072,4460.141884
20200115,0,4463.965409,4469.700697,4446.759547,4458.230122
20200116,0,4458.230122,4500.288897,4456.318359,4465.877172
20200117,0,4465.877172,4484.994797,4456.318359,4465.877172
20200120,0,4473.524222,4530.877096,4460.141884,4528.965334
20200121,0,4525.141809,4530.877096,4423.818397,4429.553685
20200122,0,4429.553685,4431.465447,4379.84786,4398.965485
20200123,0,4398.965485,4400.877247,4322.494985,4362.641998
20200203,0,4217.348048,4232.642148,4064.407049,4196.318661
20200204,0,4196.318661,4299.553835,4190.583374,4263.230348
20200205,0,4247.936248,4295.73031,4246.024486,4265.142111
20200206,0,4267.053873,4299.553835,4265.142111,4293.818548
20200207,0,4282.347973,4297.642073,4267.053873,4276.612686
20200210,0,4267.053873,4276.612686,4242.200961,4267.053873
20200211,0,4265.142111,4291.906785,4263.230348,4288.083261
20200212,0,4289.995023,4328.230273,4274.700923,4284.259736
20200213,0,4286.171498,4307.200885,4274.700923,4289.995023
20200214,0,4289.995023,4299.553835,4276.612686,4289.995023
20200217,0,4289.995023,4318.67146,4289.995023,4312.936173
20200218,0,4311.02441,4337.789085,4297.642073,4318.67146
20200219,0,4316.759698,4341.61261,4307.200885,4330.142035
20200220,0,4333.96556,4398.965485,4332.053798,4395.14196
20200221,0,4395.14196,4425.73016,4383.671385,4402.78901
20200224,0,4397.053722,4410.43606,4322.494985,4387.49491
20200225,0,4377.936097,4406.612535,4358.818473,4374.112572
20200226,0,4364.55376,4379.84786,4337.789085,4341.61261
20200227,0,4339.700848,4351.171423,4311.02441,4311.02441
20200228,0,4309.112648,4309.112648,4257.495061,4265.142111
20200302,0,4265.142111,4326.31851,4265.142111,4293.818548
20200303,0,4303.37736,4335.877323,4301.465598,4303.37736
20200304,0,4309.112648,4328.230273,4297.642073,4307.200885
20200305,0,4305.289123,4326.31851,4299.553835,4314.847935
20200306,0,4311.02441,4406.612535,4305.289123,4364.55376
20200309,0,4307.200885,4339.700848,4200.142186,4295.73031
20200310,0,4301.465598,4374.112572,4301.465598,4356.90671
20200311,0,4351.171423,4389.406672,4345.436135,4353.083185
20200312,0,4353.083185,4358.818473,4312.936173,4332.053798
20200313,0,4318.67146,4328.230273,4272.789161,4309.112648
20200316,0,4326.31851,4379.84786,4293.818548,4293.818548
20200317,0,4286.171498,4297.642073,4253.671536,4286.171498
20200318,0,4286.171498,4330.142035,4284.259736,4293.818548
20200319,0,4303.37736,4349.25966,4255.583298,4335.877323
20200320,0,4339.700848,4354.994948,4278.524448,4284.259736
20200323,0,4278.524448,4284.259736,4238.377436,4246.024486
20200324,0,4282.347973,4309.112648,4255.583298,4288.083261
20200325,0,4326.31851,4328.230273,4288.083261,4307.200885
20200326,0,4307.200885,4341.61261,4293.818548,4332.053798
20200327,0,4341.61261,4433.37721,4332.053798,4379.84786
20200330,0,4368.377285,4385.583147,4303.37736,4318.67146
20200331,0,4374.112572,4374.112572,4305.289123,4320.583223
20200401,0,4337.789085,4343.524373,4282.347973,4295.73031
20200402,0,4295.73031,4320.583223,4276.612686,4301.465598
20200403,0,4324.406748,4324.406748,4278.524448,4291.906785
20200407,0,4301.245138,4364.745935,4301.245138,4349.804571
20200408,0,4344.201559,4383.422639,4325.524854,4327.392525
20200409,0,4334.863207,4347.9369,4303.112808,4310.58349
20200410,0,4319.921843,4329.260195,4290.039115,4304.980479
20200413,0,4321.789513,4321.789513,4282.568433,4288.171445
20200414,0,4284.436104,4318.054172,4269.49474,4304.980479
20200415,0,4303.112808,4314.318831,4290.039115,4295.642126
20200416,0,4286.303774,4310.58349,4263.891728,4303.112808
20200417,0,4310.58349,4325.524854,4299.377467,4301.245138
20200420,0,4295.642126,4303.112808,4258.288717,4271.36241
20200421,0,4269.49474,4275.097751,4183.581897,4187.317238
20200422,0,4166.772863,4243.347353,4155.56684,4215.332295
20200423,0,4213.464625,4232.14133,4194.78792,4211.596954
20200424,0,4211.596954,4226.538318,4200.390931,4205.993943
20200427,0,4215.332295,4235.876671,4176.111215,4191.052579
20200428,0,4191.052579,4215.332295,4183.581897,4196.655591
20200429,0,4198.523261,4204.126272,4170.508204,4179.846556
20200430,0,4192.92025,4224.670648,4187.317238,4213.464625
20200506,0,4202.258602,4220.935307,4157.43451,4172.375874
20200507,0,4177.978886,4200.390931,4168.640533,4172.375874
20200508,0,4172.375874,4209.729284,4170.508204,4192.92025
20200511,0,4187.317238,4194.78792,4163.037522,4181.714227
20200512,0,4192.92025,4192.92025,4140.625476,4172.375874
20200513,0,4172.375874,4183.581897,4116.345759,4125.684112
20200514,0,4123.816441,4129.419453,4080.86002,4114.478089
20200515,0,4114.478089,4135.022464,4099.536725,4129.419453
20200518,0,4121.948771,4127.551782,4105.139737,4108.875077
20200519,0,4120.0811,4146.228487,4112.610418,4125.684112
20200520,0,4120.0811,4135.022464,4120.0811,4127.551782
20200521,0,4131.287123,4163.037522,4125.684112,4151.831499
20200522,0,4151.831499,4155.56684,4086.463032,4092.066043
20200525,0,4105.139737,4116.345759,4093.933714,4114.478089
20200526,0,4108.875077,4146.228487,4107.007407,4138.757805
20200527,0,4140.625476,4146.228487,4129.419453,4138.757805
20200528,0,4138.757805,4144.360817,4108.875077,4120.0811
20200529,0,4118.21343,4120.0811,4093.933714,4095.801384
20200601,0,4095.801384,4155.56684,4088.330702,4144.360817
20200602,0,4133.154794,4144.360817,4125.684112,4127.551782
20200603,0,4125.684112,4140.625476,4105.139737,4140.625476
20200604,0,4136.890135,4170.508204,4127.551782,4159.302181
20200605,0,4159.302181,4181.714227,4146.228487,4170.508204
20200608,0,4172.375874,4179.846556,4157.43451,4163.037522
20200609,0,4163.037522,4185.449568,4149.963828,4163.037522
20200610,0,4163.037522,4174.243545,4149.963828,4157.43451
20200611,0,4157.43451,4163.037522,4108.875077,4108.875077
20200612,0,4103.272066,4123.816441,4097.669055,4105.139737
20200615,0,4108.875077,4114.478089,4056.580304,4090.198373
20200616,0,4090.198373,4125.684112,4080.86002,4123.816441
20200617,0,4123.816441,4129.419453,4105.139737,4112.610418
20200618,0,4112.610418,4120.0811,4092.066043,4099.536725
20200619,0,4107.007407,4125.684112,4093.933714,4123.816441
20200622,0,4127.551782,4140.625476,4099.536725,4103.272066
20200623,0,4108.875077,4120.0811,4101.404396,4103.272066
20200624,0,4108.875077,4112.610418,4080.86002,4107.007407
20200629,0,4105.139737,4127.551782,4093.933714,4101.404396
20200630,0,4101.404396,4121.948771,4101.404396,4108.875077
20200701,0,4112.610418,4118.21343,4105.139737,4112.610418
20200702,0,4110.742748,4125.684112,4110.742748,4125.684112
20200703,0,4127.551782,4144.360817,4125.684112,4140.625476
20200706,0,4138.757805,4153.699169,4135.022464,4144.360817
20200707,0,4146.228487,4149.963828,4120.0811,4123.816441
20200708,0,4123.816441,4138.757805,4123.816441,4131.287123
20200709,0,4131.287123,4149.963828,4125.684112,4142.493146
20200710,0,4144.360817,4146.228487,4099.536725,4101.404396
20200713,0,4103.272066,4116.345759,4088.330702,4103.272066
20200714,0,4103.272066,4118.21343,4101.404396,4107.007407
20200715,0,4107.007407,4136.890135,4103.272066,4123.816441
20200716,0,4121.948771,4135.022464,4103.272066,4103.272066
20200717,0,4108.875077,4112.610418,4092.066043,4095.801384
20200720,0,4097.669055,4121.948771,4086.463032,4118.21343
20200721,0,4118.21343,4136.890135,4114.478089,4135.022464
20200722,0,4135.022464,4170.508204,4123.816441,4151.831499
20200723,0,4146.228487,4205.993943,4140.625476,4179.846556
20200724,0,4177.978886,4204.126272,4163.037522,4183.581897
20200727,0,4183.581897,4258.288717,4179.846556,4230.273659
20200728,0,4247.082694,4247.082694,4103.272066,4146.228487
20200729,0,4153.699169,4166.772863,4129.419453,4144.360817
20200730,0,4148.096158,4151.831499,4116.345759,4118.21343
20200731,0,4125.684112,4125.684112,4101.404396,4105.139737
20200803,0,4112.610418,4114.478089,4090.198373,4099.536725
20200804,0,4099.536725,4135.022464,4097.669055,4135.022464
20200805,0,4133.154794,4149.963828,4108.875077,4110.742748
20200806,0,4118.21343,4123.816441,4105.139737,4118.21343
20200807,0,4112.610418,4174.243545,4112.610418,4170.508204
20200810,0,4172.339784,4183.329265,4130.213438,4163.181883
20200811,0,4163.181883,4197.981907,4154.023981,4185.160846
20200812,0,4186.992426,4249.266154,4150.360821,4179.666105
20200813,0,4177.834525,4208.971389,4157.687142,4197.981907
20200814,0,4197.981907,4223.624031,4170.508204,4186.992426
20200817,0,4188.824006,4192.487167,4163.181883,4190.655586
20200818,0,4192.487167,4203.476648,4165.013463,4179.666105
20200819,0,4179.666105,4186.992426,4165.013463,4168.676623
20200820,0,4176.002944,4181.497685,4152.192401,4154.023981
20200821,0,4157.687142,4249.266154,4157.687142,4236.445092
20200824,0,4229.118771,4280.403018,4218.12929,4254.760895
20200825,0,4251.097734,4260.255635,4232.781932,4258.424055
20200826,0,4258.424055,4317.034623,4240.108253,4313.371462
20200827,0,4309.708302,4384.803092,4282.234598,4346.339907
20200828,0,4339.013586,4393.960993,4328.024104,4392.129413
20200831,0,4392.129413,4577.119017,4386.634672,4558.803214
20200901,0,4560.634795,4597.266399,4498.361066,4520.340029
20200902,0,4527.66635,4604.59272,4496.529486,4500.192647
20200903,0,4502.024227,4514.845289,4397.624153,4421.434696
20200904,0,4425.097857,4480.045264,4362.824129,4445.245239
20200907,0,4450.73998,4485.540005,4397.624153,4419.603116
20200908,0,4425.097857,4476.382104,4419.603116,4469.055783
20200909,0,4447.07682,4461.729462,4311.539882,4362.824129
20200910,0,4371.98203,4406.782054,4331.687265,4384.803092
20200911,0,4384.803092,4423.266277,4350.003067,4381.139931
20200914,0,4382.971511,4441.582079,4342.676746,4439.750499
20200915,0,4436.087338,4456.234721,4337.182005,4344.508326
20200916,0,4348.171487,4366.487289,4298.71882,4335.350425
20200917,0,4342.676746,4353.666228,4293.22408,4302.381981
20200918,0,4300.550401,4340.845166,4282.234598,4318.866203
20200921,0,4315.203043,4364.655709,4307.876722,4331.687265
20200922,0,4331.687265,4333.518845,4254.760895,4289.560919
20200923,0,4295.05566,4337.182005,4260.255635,4280.403018
20200924,0,4285.897759,4293.22408,4249.266154,4269.413537
20200925,0,4267.581956,4320.697783,4256.592475,4302.381981
20200928,0,4304.213561,4307.876722,4240.108253,4241.939833
20200929,0,4249.266154,4251.097734,4185.160846,4190.655586
20200930,0,4190.655586,4201.645068,4159.518722,4190.655586
20201009,0,4219.96087,4234.613512,4172.339784,4203.476648
20201012,0,4203.476648,4304.213561,4201.645068,4296.88724
20201013,0,4298.71882,4335.350425,4278.571438,4307.876722
20201014,0,4307.876722,4311.539882,4265.750376,4287.729339
20201015,0,4293.22408,4328.024104,4285.897759,4287.729339
20201016,0,4282.234598,4351.834647,4263.918796,4346.339907
20201019,0,4346.339907,4377.476771,4320.697783,4342.676746
20201020,0,4340.845166,4359.160968,4326.192524,4340.845166
20201021,0,4342.676746,4353.666228,4295.05566,4309.708302
20201022,0,4307.876722,4328.024104,4218.12929,4219.96087
20201023,0,4219.96087,4240.108253,4208.971389,4219.96087
20201026,0,4219.96087,4236.445092,4197.981907,4216.29771
20201027,0,4219.96087,4230.950352,4203.476648,4225.455611
20201028,0,4229.118771,4252.929314,4181.497685,4192.487167
20201029,0,4183.329265,4201.645068,4177.834525,4188.824006
20201030,0,4179.666105,4188.824006,4143.0345,4148.529241
20201102,0,4148.529241,4155.855562,4071.602871,4102.739735
20201103,0,4111.897636,4176.002944,4106.402895,4146.697661
20201104,0,4148.529241,4163.181883,4141.20292,4150.360821
20201105,0,4150.360821,4165.013463,4124.718698,4137.539759
20201106,0,4146.697661,4267.581956,4132.045019,4252.929314
20201109,0,4252.929314,4267.333817,4197.111868,4216.918059
20201110,0,4231.322561,4254.729877,4220.519184,4254.729877
20201111,0,4256.53044,4294.342259,4251.128752,4258.331003
20201112,0,4260.131566,4274.536068,4242.125938,4267.333817
20201113,0,4261.932128,4315.949012,4256.53044,4305.145635
20201116,0,4301.54451,4339.356328,4278.137193,4333.95464
20201117,0,4333.95464,4400.575463,4326.752389,4369.965896
20201118,0,4369.965896,4467.196287,4301.54451,4323.151263
20201119,0,4330.353514,4344.758017,4297.943384,4326.752389
20201120,0,4326.752389,4378.96871,4315.949012,4344.758017
20201123,0,4337.555766,4386.170961,4317.749575,4359.162519
20201124,0,4359.162519,4389.772087,4342.957454,4371.766459
20201125,0,4375.367584,4393.373212,4360.963082,4366.36477
20201126,0,4378.96871,4414.979966,4353.760831,4396.974338
20201127,0,4393.373212,4418.581091,4362.763645,4389.772087
20201130,0,4400.575463,4427.583905,4315.949012,4321.3507
20201201,0,4321.3507,4366.36477,4305.145635,4362.763645
20201202,0,4362.763645,4407.777714,4350.159705,4389.772087
20201203,0,4414.603121,4414.603121,4372.035634,4403.961249
20201204,0,4403.961249,4425.244992,4377.35657,4398.640313
20201207,0,4405.734894,4600.835876,4393.319377,4522.795483
20201208,0,4515.700902,4560.042034,4490.869868,4552.947453
20201209,0,4547.626517,4629.2142,4522.795483,4590.194004
20201210,0,4590.194004,4661.139816,4563.589325,4620.345974
20201211,0,4616.798683,4646.950653,4576.004842,4646.950653
20201214,0,4650.497944,4698.386367,4595.51494,4611.477748
20201215,0,4613.251393,4634.535136,4583.099423,4620.345974
20201216,0,4623.893265,4652.271589,4570.683906,4597.288585
20201217,0,4604.383166,4636.308782,4595.51494,4607.930457
20201218,0,4607.930457,4696.612721,4595.51494,4671.781687
20201221,0,4678.876268,4739.180208,4652.271589,4710.801884
20201222,0,4710.801884,4762.237597,4643.403363,4670.008042
20201223,0,4671.781687,4824.315182,4671.781687,4797.710503
20201224,0,4797.710503,4817.220601,4755.143016,4785.294986
20201225,0,4790.615922,5005.227001,4788.842276,4941.375771
20201228,0,4939.602126,4964.43316,4877.524541,4904.12922
20201229,0,4904.12922,5047.794488,4833.183408,4852.693507
20201230,0,4863.335378,4966.206805,4833.183408,4952.017643
20201231,0,4953.791288,5097.456556,4953.791288,5095.682911
20210104,0,5099.230202,5132.929462,5042.473552,5088.58833
20210105,0,5092.13562,5278.368376,5076.172813,5221.611726
20210106,0,5230.479953,5285.462957,5207.422564,5276.59473
20210107,0,5290.783893,5441.543742,5287.236602,5437.996451
20210108,0,5436.222806,5636.644724,5322.709508,5409.618127
20210111,0,5423.807289,5540.867878,5244.669115,5283.689311
20210112,0,5283.689311,5526.678716,5228.706308,5521.35778
20210113,0,5516.036844,5594.077237,5437.996451,5462.827486
20210114,0,5484.111229,5563.925267,5393.655319,5466.374776
20210115,0,5453.959259,5618.908271,5453.959259,5586.982656
20210118,0,5586.982656,5716.458762,5549.736105,5709.36418
20210119,0,5702.269599,5709.36418,5500.074037,5516.036844
20210120,0,5530.226006,5581.66172,5505.394972,5540.867878
20210121,0,5544.415169,5610.040044,5480.563938,5595.850882
20210122,0,5595.850882,5618.908271,5535.546942,5576.340784
20210125,0,5569.246203,5691.627728,5526.678716,5647.286595
20210126,0,5645.51295,5790.951864,5631.323788,5767.894475
20210127,0,5766.12083,5849.482158,5746.610732,5842.387577
20210128,0,5840.613932,5867.218611,5739.51615,5783.857283
20210129,0,5787.404573,5982.505555,5785.630928,5943.485358
20210201,0,5941.711713,6010.883879,5872.539547,5952.353585
20210202,0,5959.448166,5975.410974,5884.955064,5952.353585
20210203,0,5950.57994,5991.373781,5672.117629,5718.232407
20210204,0,5720.011571,5867.682165,5714.674079,5860.56551
20210205,0,5860.56551,5910.382096,5791.178122,5835.657217
20210208,0,5849.890527,5899.707113,5743.1407,5894.369622
20210209,0,5878.357148,6036.702725,5860.56551,5983.327811
20210210,0,5981.548647,6081.181819,5945.965371,6058.05269
20210218,0,6120.323422,6152.348371,5985.106975,6066.948509
20210219,0,6066.948509,6228.852413,6050.936035,6202.164957
20210222,0,6202.164957,6257.319034,6111.427604,6175.4775
20210223,0,6175.4775,6529.531093,6118.544259,6435.235413
20210224,0,6435.235413,6502.843636,6401.431301,6481.493671
20210225,0,6497.506145,6703.889144,6422.781266,6650.514231
20210226,0,6645.176739,6694.993325,6527.751929,6641.618412
20210301,0,6625.605938,6807.080644,6579.347679,6661.189213
20210302,0,6668.305868,6680.760015,6310.693948,6454.806214
20210303,0,6483.272835,6767.93904,6481.493671,6591.801826
20210304,0,6616.710119,6623.826774,6513.518619,6540.206076
20210305,0,6522.414438,6540.206076,6328.485585,6481.493671
20210308,0,6504.6228,6618.489282,6340.939732,6433.456249
20210309,0,6429.897921,6579.347679,6319.589766,6421.002102
20210310,0,6449.468723,6566.893533,6369.406352,6437.014576
20210311,0,6465.481197,6525.972766,6351.614715,6458.364542
20210312,0,6481.493671,6554.439386,6421.002102,6504.6228
20210315,0,6509.960292,6588.243498,6385.418827,6440.572904
20210316,0,6449.468723,6463.702033,6232.410741,6355.173042
20210317,0,6355.173042,6449.468723,6340.939732,6447.689559
20210318,0,6431.677085,6536.647748,6422.781266,6527.751929
20210319,0,6506.401964,6511.739455,6248.423215,6278.668999
20210322,0,6287.564818,6458.364542,6244.864887,6435.235413
20210323,0,6433.456249,6447.689559,6351.614715,6387.19799
20210324,0,6358.73137,6412.106283,6257.319034,6385.418827
20210325,0,6390.756318,6419.222938,6271.552344,6273.331508
20210326,0,6262.656525,6303.577292,6072.286,6294.681473
20210329,0,6294.681473,6333.823077,6235.969069,6239.527396
20210330,0,6244.864887,6246.644051,5986.886139,6047.377707
20210331,0,6031.365233,6090.077638,5862.344674,5897.927949
20210401,0,5897.927949,6230.631577,5894.369622,6212.839939
20210402,0,6207.398036,6454.097665,6129.397417,6279.95675
20210406,0,6285.398654,6483.121151,6230.979618,6432.330051
20210407,0,6443.213858,6503.074798,6376.097047,6472.237344
20210408,0,6472.237344,6486.749087,6419.632276,6446.841794
20210409,0,6457.725601,6479.493216,6303.538333,6345.259593
20210412,0,6341.631658,6386.980854,6211.025971,6230.979618
20210413,0,6258.189136,6606.470966,6218.281843,6555.679866
20210414,0,6555.679866,6626.424613,6533.912252,6561.121769
20210415,0,6530.284316,6533.912252,6383.352919,6443.213858
20210416,0,6450.46973,6628.238581,6450.46973,6595.587159
20210419,0,6595.587159,6724.378877,6539.354155,6651.820163
20210420,0,6651.820163,6664.517938,6579.261448,6644.564291
20210421,0,6630.052548,6635.494452,6464.981473,6526.65638
20210422,0,6517.586541,6550.237962,6421.446244,6472.237344
20210423,0,6472.237344,6497.632894,6412.376405,6459.539569
20210426,0,6455.911633,6566.563673,6432.330051,6552.05193
20210427,0,6573.819545,6573.819545,6497.632894,6526.65638
20210428,0,6526.65638,6599.215095,6517.586541,6548.423994
20210429,0,6535.726219,6570.191609,6435.957987,6481.307183
20210430,0,6512.144637,6523.028444,6434.144019,6475.86528
20210506,0,6475.86528,6608.284934,6343.445626,6557.493834
20210507,0,6510.330669,6722.56491,6510.330669,6697.169359
20210510,0,6697.169359,6802.379496,6622.796677,6697.169359
20210511,0,6697.169359,6700.797295,6581.075416,6650.006195
20210512,0,6650.006195,6679.029681,6593.773191,6646.378259
20210513,0,6653.791955,6674.179618,6496.25092,6600.042661
20210514,0,6600.042661,6651.938531,6394.312603,6453.622169
20210517,0,6477.71668,6546.293366,6385.045483,6386.898907
20210518,0,6394.312603,6479.570104,6360.950972,6427.674234
20210519,0,6427.674234,6457.329017,6386.898907,6405.433147
20210520,0,6392.459179,6403.579723,6194.142817,6347.977004
20210521,0,6329.442765,6347.977004,6218.237328,6244.185264
20210524,0,6244.185264,6284.96059,6051.429174,6118.152435
20210525,0,6118.152435,6155.220914,5969.87852,5993.973031
20210526,0,5993.973031,6038.455206,5819.751181,5832.725148
20210527,0,5838.28542,5893.888138,5578.806068,5578.806068
20210528,0,5495.401991,5838.28542,5486.134871,5790.096398
20210531,0,5771.562158,5845.699116,5727.079983,5816.044333
20210601,0,5801.216941,5825.311452,5714.106016,5753.027919
20210602,0,5788.242974,5793.803245,5599.193731,5715.95944
20210603,0,5743.760799,5743.760799,5588.073188,5595.486884
20210604,0,5560.271829,5797.510093,5551.004709,5775.269006
20210607,0,5773.415582,5827.164876,5723.373136,5777.12243
20210608,0,5777.12243,5797.510093,5647.382754,5667.770417
20210609,0,5669.623841,5743.760799,5543.591013,5628.848515
20210610,0,5595.17644,5664.39126,5595.17644,5615.753819
20210611,0,5625.107173,5675.615285,5576.469731,5664.39126
20210615,0,5664.39126,5731.73541,5415.59204,5492.289544
20210616,0,5492.289544,5583.952415,5477.324178,5494.160215
20210617,0,5499.772228,5535.314973,5434.298749,5466.100153
20210618,0,5443.652103,5460.48814,5307.093133,5335.153195
20210621,0,5361.342586,5383.790636,5293.998437,5351.989232
20210622,0,5331.411853,5501.642898,5307.093133,5501.642898
20210623,0,5510.996253,5600.788452,5443.652103,5583.952415
20210624,0,5583.952415,5729.864739,5583.952415,5703.675348
20210625,0,5699.934006,5750.442118,5651.296564,5692.451323
20210628,0,5692.451323,5793.467547,5632.589856,5759.795472
20210629,0,5759.795472,5763.536814,5641.94321,5705.546018
20210630,0,5726.123397,5797.208889,5668.132602,5787.855535
20210701,0,5795.338218,5806.562243,5722.382056,5769.148826
20210702,0,5780.372851,5842.104989,5739.218093,5787.855535
20210705,0,5819.656939,5858.941026,5720.511385,5825.268951
20210706,0,5832.751635,5851.458343,5772.890168,5791.596876
20210707,0,5791.596876,5814.044926,5675.615285,5806.562243
20210708,0,5806.562243,5894.483772,5776.63151,5840.234318
20210709,0,5823.39828,6014.206705,5810.303585,6002.98268
20210712,0,6014.206705,6100.257563,5989.887984,6023.560059
20210713,0,6023.560059,6066.585488,5937.509201,5941.250542
20210714,0,5941.250542,5986.146642,5901.966455,5948.733226
20210715,0,5961.827921,5973.051946,5887.001088,5944.991884
20210716,0,5939.379872,6023.560059,5915.061151,5961.827921
20210719,0,5948.733226,6195.661775,5946.862555,6180.696408
20210720,0,6154.507017,6169.472383,5799.07956,5857.070355
20210721,0,5857.070355,5976.793288,5851.458343,5946.862555
20210722,0,5948.733226,5980.53463,5905.707797,5943.121213
20210723,0,5954.345238,5958.08658,5737.347422,5829.010293
20210726,0,5829.010293,5858.941026,5713.028702,5718.640714
20210727,0,5737.347422,5787.855535,5690.580652,5714.899373
20210728,0,5733.606081,5825.268951,5692.451323,5748.571447
20210729,0,5771.019497,5864.553039,5750.442118,5836.492976
20210730,0,5823.39828,5890.74243,5814.044926,5827.139622
20210802,0,5843.975659,5843.975659,5664.39126,5683.097968
20210803,0,5686.83931,5757.924801,5613.883148,5729.864739
20210804,0,5731.73541,5967.439934,5709.28736,5954.345238
20210805,0,5931.897188,5984.275971,5888.871759,5958.08658
20210806,0,5961.827921,5988.017313,5907.578468,5930.026517
20210809,0,5901.966455,5980.53463,5862.682368,5922.543834
20210810,0,5892.613101,6051.620121,5892.613101,5933.767859
20210811,0,5948.733226,5971.181276,5894.483772,5944.991884
20210812,0,5948.733226,5982.405301,5900.095784,5941.250542
20210813,0,5948.733226,6016.077375,5907.578468,5948.733226
20210816,0,5948.733226,6066.585488,5943.121213,6055.361463
20210817,0,6045.879218,6064.843707,5850.544977,6004.157341
20210818,0,5992.778648,6034.500524,5920.713588,5939.678077
20210819,0,5939.678077,5987.089301,5888.473956,5973.814158
20210820,0,5935.88518,5968.124812,5803.133754,5871.405916
20210823,0,5863.82012,5890.370405,5770.894122,5816.408896
20210824,0,5814.512448,5877.095263,5806.926652,5854.337875
20210825,0,5833.476937,5856.234324,5776.583469,5799.340856
20210826,0,5799.340856,5801.237305,5695.036164,5744.343837
20210827,0,5744.343837,5795.547958,5700.725511,5759.515428
20210830,0,5759.515428,5827.78759,5721.586449,5753.826081
20210831,0,5782.272816,5799.340856,5677.968124,5689.346818
20210901,0,5689.346818,5704.518409,5605.903064,5622.971105
20210902,0,5626.764003,5833.476937,5617.281758,5814.512448
20210903,0,5797.444407,5907.438446,5797.444407,5894.163303
20210906,0,5915.024241,5954.849669,5854.337875,5896.059752
20210907,0,5896.059752,5907.438446,5841.062733,5892.266854
20210908,0,5905.541997,5905.541997,5833.476937,5863.82012
20210909,0,5873.302365,5892.266854,5806.926652,5880.88816
20210910,0,5841.773507,6011.92225,5841.773507,5964.984665
20210913,0,5968.896131,5994.320656,5751.809804,5851.55217
20210914,0,5908.268418,5908.268418,5814.393249,5855.463636
20210915,0,5851.55217,5906.312685,5818.304715,5845.684972
20210916,0,5831.994843,5886.755358,5640.333041,5667.713299
20210917,0,5667.713299,5861.330834,5636.421576,5857.419368
20210922,0,5826.127645,5916.091349,5818.304715,5851.55217
20210923,0,5867.198032,5882.843893,5767.455665,5822.21618
20210924,0,5822.21618,5851.55217,5554.280803,5657.934635
20210927,0,5657.934635,5779.190061,5626.642912,5714.650883
20210928,0,5683.35916,5730.296744,5581.661061,5599.262655
20210929,0,5616.864249,5648.155972,5585.572526,5628.598645
20210930,0,5628.598645,5702.916487,5524.944813,5677.491962
20211008,0,5677.491962,5775.278596,5648.155972,5710.739417
20211011,0,5722.473814,5751.809804,5663.801833,5706.827952
20211012,0,5689.226358,5691.182091,5493.65309,5501.476021
20211013,0,5505.387486,5507.343219,5350.884605,5421.290981
20211014,0,5444.759773,5566.015199,5296.12409,5358.707536
20211015,0,5339.150209,5345.017407,5135.75401,5245.27504
20211018,0,5258.965169,5258.965169,5155.311337,5210.071852
20211019,0,5235.496377,5286.345427,5061.436169,5124.019614
20211020,0,5044.175133,5249.774673,5044.175133,5227.817441
20211021,0,5227.817441,5285.70469,5191.887424,5199.871872
20211022,0,5199.871872,5219.832992,5128.011838,5165.937967
20211025,0,5177.914639,5179.910752,4814.622248,4970.318987
20211026,0,4942.373418,4982.295659,4870.513385,4936.385082
20211027,0,4890.474505,4938.381194,4794.661127,4868.517273
20211028,0,4868.517273,4868.517273,4682.878853,4748.75055
20211029,0,4764.719447,4928.400634,4752.742774,4884.486169
20211101,0,4870.513385,4936.385082,4778.692231,4906.443402
20211102,0,4906.443402,4982.295659,4808.633912,4912.431738
20211103,0,4930.396746,5036.190684,4902.451178,4980.299547
20211104,0,4970.318987,4996.268444,4912.431738,4990.280107
20211105,0,5036.190684,5042.179021,4882.490057,5022.2179
20211108,0,5020.235185,5085.66479,4980.580878,5081.69936
20211109,0,5049.975915,5093.595652,5049.975915,5069.803068
20211110,0,5049.975915,5063.854922,4875.496967,4897.306835
20211111,0,4887.393258,4921.099419,4879.462397,4887.393258
20211112,0,4877.479682,4895.32412,4819.980938,4853.687098
20211115,0,4869.548821,4929.03028,4827.911799,4849.721667
20211116,0,4849.721667,4891.358689,4808.084646,4825.929084
20211117,0,4825.929084,4903.254981,4804.119215,4887.393258
20211118,0,4897.306835,5002.390747,4873.514251,5002.390747
20211119,0,4994.459886,5053.941345,4972.650017,5047.993199
20211122,0,5047.993199,5147.128965,4994.459886,5119.370951
20211123,0,5127.301812,5168.938834,5107.474659,5145.14625
20211124,0,5159.025257,5214.541286,5121.353666,5182.817841
20211125,0,5182.817841,5244.282016,5161.007972,5220.489432
20211126,0,5232.385724,5349.365928,5204.627709,5345.400497
20211129,0,5313.677052,5539.706598,5311.694337,5513.931299
20211130,0,5535.741167,5668.583094,5523.844876,5577.378189
20211201,0,5587.291766,5971.938537,5579.360904,5928.3188
20211202,0,5928.3188,6001.679267,5858.923764,5946.163238
20211203,0,5922.370654,5948.145954,5761.770714,5924.35337
20211206,0,5916.422508,5942.197808,5759.787998,5819.269458
20211207,0,5827.200319,5960.042245,5797.459589,5924.35337
20211208,0,5922.370654,6112.711325,5858.923764,6051.24715
20211209,0,6035.385428,6082.970595,5936.249662,5989.782975
20211210,0,5991.765691,5991.765691,5630.911503,5686.427532
20211213,0,5686.427532,5720.133692,5565.481897,5597.205342
20211214,0,5605.238647,5661.471783,5526.913922,5647.413499
20211215,0,5643.396847,5695.61333,5571.097101,5615.280279
20211216,0,5595.197016,5719.713245,5585.155385,5663.48011
20211217,0,5663.48011,5697.621656,5420.47263,5436.53924
20211220,0,5424.489282,5540.972206,5404.406019,5478.714092
20211221,0,5478.714092,5532.938901,5456.622503,5482.730744
20211222,0,5464.655808,5593.18869,5374.281125,5571.097101
20211223,0,5593.18869,5820.129559,5538.96388,5804.062949
20211224,0,5804.062949,5880.379348,5771.929729,5858.287759
20211227,0,5858.287759,5894.437632,5757.871445,5810.087928
20211228,0,5798.03797,5974.770683,5775.946381,5842.221148
20211229,0,5842.221148,5952.679094,5808.079602,5944.645789
20211230,0,5952.679094,6067.153692,5908.495916,6043.053776
20211231,0,6043.053776,6085.228628,5988.828967,6081.211976
20220104,0,6057.11206,6121.378501,5992.845619,6103.303565
20220105,0,6111.33687,6141.461764,6053.095408,6079.203649
20220106,0,6079.203649,6109.328544,5998.870598,6043.053776
20220107,0,6063.137039,6247.903057,6026.987166,6239.869752
20220110,0,6239.869752,6338.27774,6215.769837,6286.061256
20220111,0,6286.061256,6286.061256,6089.245281,6139.453438
20220112,0,6151.503396,6322.211129,6119.370175,6292.086235
20220113,0,6312.169498,6382.460918,6241.878078,6261.961341
20220114,0,6265.977994,6350.327697,6225.811468,6316.186151
20220117,0,6316.186151,6318.194477,6103.303565,6145.478417
20220118,0,6125.395154,6197.6949,6035.020471,6143.47009
20220119,0,6151.503396,6306.144519,6083.220302,6278.027951
20220120,0,6278.027951,6312.169498,6227.819794,6241.878078
20220121,0,6217.778163,6418.610791,6109.328544,6364.385981
20220124,0,6384.469244,6392.502549,6067.153692,6071.170344
20220125,0,6055.103734,6101.295239,5954.68742,6033.012145
20220126,0,6024.97884,6071.170344,5964.729052,6039.037124
20220127,0,6039.037124,6081.211976,5930.587505,5934.604157
20220128,0,5942.637462,6324.219456,5938.62081,6322.211129
20220207,0,6356.352676,6482.877232,6310.161172,6348.319371
20220208,0,6348.319371,6444.719032,6348.319371,6438.694054
20220209,0,6438.694054,6462.793969,6342.294392,6406.560833
20220210,0,6406.560833,6515.010452,6386.47757,6498.943842
20220211,0,6529.068736,6541.118694,6352.336024,6370.41096
20220214,0,6384.469244,6506.977147,6384.469244,6472.8356
20220215,0,6472.8356,6472.8356,6318.194477,6452.752338
20220216,0,6432.669075,6468.818948,6378.444265,6436.685727
20220217,0,6406.560833,6448.735685,6346.311045,6374.427613
20220218,0,6376.435939,6565.218609,6348.319371,6549.151999
20220221,0,6545.135346,6599.360156,6486.893884,6529.068736
20220222,0,6537.102041,6627.476724,6527.06041,6569.235262
20220223,0,6579.276893,6667.64325,6537.102041,6649.568313
20220224,0,6639.526682,6818.267721,6623.460071,6661.618271
20220225,0,6665.634923,6778.101195,6627.476724,6731.90969
20220228,0,6731.90969,6772.076216,6659.609944,6713.834754
20220301,0,6703.793123,6798.184458,6637.518355,6756.009606
20220302,0,6778.101195,6828.309352,6699.77647,6816.259394
20220303,0,6826.301026,7025.125327,6826.301026,6988.975454
20220304,0,6988.975454,7007.050391,6884.542488,6918.684035
20220307,0,6928.725666,7191.816409,6910.650729,7163.699841
20220308,0,7147.63323,7316.332638,7009.058717,7254.074523
20220309,0,7254.074523,7493.065351,7187.799756,7468.965435
20220310,0,7354.490837,7440.848867,7195.833061,7302.274354
20220311,0,7330.390922,7485.032045,7235.999587,7252.066197
20220314,0,7219.932976,7219.932976,6900.609098,6936.758971
20220315,0,6938.767297,6964.875539,6707.809775,6739.942996
20220316,0,6739.942996,6926.71734,6619.443419,6882.534161
20220317,0,6882.534161,6948.808929,6784.126174,6798.184458
20220318,0,6836.342657,6902.617424,6792.159479,6854.417594
20220321,0,6816.259394,6874.500856,6683.70986,6762.034585
20220322,0,6762.034585,7085.375116,6735.926343,7017.092022
20220323,0,7013.07537,7171.733146,6999.017086,7153.658209
20220324,0,7179.766451,7203.866366,7035.166959,7053.241895
20220325,0,7053.241895,7083.366789,6747.976301,6810.234415
20220328,0,6772.076216,7053.241895,6693.751491,7045.20859
20220329,0,7051.233569,7103.450052,6934.750645,6990.983781
20220330,0,6918.684035,6942.78395,6758.017932,6876.509183
20220331,0,6848.392615,6906.634077,6663.626597,6798.184458
20220401,0,6798.184458,6916.675708,6749.984627,6804.209437
20220406,0,6824.292699,7047.216916,6792.159479,7043.200264
20220407,0,7043.200264,7043.200264,6774.084542,6804.209437
20220408,0,6806.204806,6895.996426,6748.339095,6874.047363
20220411,0,6874.047363,7037.667649,6620.635458,7033.67691
20220412,0,7031.681541,7127.459269,6915.950119,7013.723217
20220413,0,6989.778785,7097.528729,6941.889921,6969.825091
20220414,0,6969.825091,7065.60282,6949.871398,7005.74174
20220415,0,7005.74174,7187.320349,6983.792677,7027.690802
20220418,0,7027.690802,7095.53336,6991.774154,7035.67228
20220419,0,7039.663018,7233.213844,7033.67691,7177.343502
20220420,0,7183.32961,7201.287934,7075.579666,7155.39444
20220421,0,7139.431485,7269.130492,7129.454638,7265.139753
20220422,0,7269.130492,7323.005464,7235.209213,7283.098077
20220425,0,7303.051771,7311.033248,6834.139977,6858.084409
20220426,0,6828.153869,6884.02421,6700.450231,6796.227959
20220427,0,6796.227959,7105.510206,6780.265005,7085.556513
20220428,0,7073.584297,7233.213844,7071.588928,7225.232366
20220429,0,7225.232366,7263.144384,7173.352764,7259.153645
20220505,0,7263.144384,7472.658164,7219.246258,7323.005464
20220506,0,7344.954527,7346.949896,7233.213844,7273.121231
20220509,0,7281.102708,7460.685948,7163.375917,7325.000833
20220510,0,7303.051771,7382.866544,7153.39907,7374.885067
20220511,0,7384.861913,7422.773931,7291.079555,7338.968419
20220512,0,7332.982311,7366.903589,7235.209213,7299.061032
20220513,0,7289.084185,7317.019356,7195.301826,7273.121231
20220516,0,7291.079555,7358.922112,7207.274042,7285.093447
20220517,0,7285.093447,7380.871175,7285.093447,7313.028617
20220518,0,7323.005464,7408.806345,7275.1166,7283.098077
20220519,0,7297.065663,7382.866544,7223.236997,7380.871175
20220520,0,7358.922112,7392.843391,7303.051771,7362.912851
20220523,0,7354.931373,7420.778561,7201.287934,7215.25552
20220524,0,7213.26015,7261.149015,7083.561144,7085.556513
20220525,0,7083.561144,7239.199952,7063.60745,7171.357394
20220526,0,7149.408332,7171.357394,7051.635234,7087.551882
20220527,0,7087.551882,7213.26015,7001.751001,7127.459269
20220530,0,7143.422224,7283.098077,7143.422224,7219.246258
20220531,0,7201.287934,7211.264781,6939.894551,6959.848245
20220601,0,6959.848245,7005.74174,6933.908443,6977.806569
20220602,0,7033.67691,7233.213844,7013.723217,7231.218474
20220606,0,7253.167537,7305.04714,7203.283304,7215.25552
20220607,0,7215.25552,7255.162907,7191.311088,7215.25552
20220608,0,7215.25552,7263.144384,7141.426854,7163.375917
20220609,0,7165.371286,7203.283304,7003.74637,7019.709325
20220610,0,7041.658388,7193.306457,7013.723217,7135.440746
20220613,0,7113.491684,7163.375917,6985.788046,6985.788046
20220614,0,6983.792677,7013.723217,6888.014949,6973.81583
20220615,0,6953.862137,6973.81583,6860.079778,6882.028841
20220616,0,6884.02421,6989.778785,6846.112193,6929.917705
20220617,0,6913.95475,6963.838983,6850.102931,6921.936227
20220620,0,6915.950119,6955.857506,6818.177022,6884.02421
20220621,0,6884.02421,6913.95475,6656.552106,6840.126085
20220622,0,6842.121454,6882.028841,6596.691026,6630.612304
20220623,0,6590.704918,6704.44097,6185.644942,6594.695656
20220624,0,6592.700287,6666.528952,6395.158723,6419.103155
20220627,0,6419.103155,6758.315942,6335.297643,6746.343726
20220628,0,6752.329834,6929.917705,6748.339095,6913.95475
20220629,0,6894.001057,6977.806569,6852.098301,6890.010318
20220630,0,6909.964011,6955.857506,6830.149238,6872.051994
20220701,0,6854.09367,6864.070517,6712.422447,6728.385402
20220704,0,6762.30668,6768.292788,6626.621566,6690.473384
20220705,0,6714.417816,6822.167761,6628.616935,6668.524322
20220706,0,6626.621566,6628.616935,6413.117047,6582.72344
20220707,0,6596.691026,6710.427078,6466.992019,6598.686395
20220708,0,6604.672503,6694.464123,6570.751224,6598.686395
20220711,0,6598.686395,6654.556736,6395.158723,6459.010541
20220712,0,6389.172615,6550.797531,6389.172615,6451.029064
20220713,0,6431.075371,6578.732702,6343.27912,6534.834576
20220714,0,6484.950343,6558.779008,6437.061479,6500.913297
20220715,0,6476.968865,6544.811423,6415.112416,6437.061479
20220718,0,6476.968865,6694.464123,6466.992019,6590.704918
20220719,0,6594.695656,6684.487276,6512.885513,6536.829945
20220720,0,6532.839207,6664.533583,6468.987388,6624.626196
20220721,0,6596.691026,6874.047363,6592.700287,6692.468754
20220722,0,6684.487276,6870.056625,6678.501168,6864.070517
20220725,0,6866.065886,6929.917705,6840.126085,6846.112193
20220726,0,6888.014949,6933.908443,6812.190914,6913.95475
20220727,0,6913.95475,6925.926966,6838.130715,6895.996426
20220728,0,6907.968642,7179.338872,6890.010318,7159.385178
20220729,0,7139.431485,7231.218474,7093.53799,7219.246258
20220801,0,7213.26015,7311.033248,7099.524098,7159.385178
20220802,0,7159.385178,7261.149015,7123.46853,7225.232366
20220803,0,7229.223105,7257.158276,7163.375917,7163.375917
20220804,0,7177.343502,7199.292565,7003.74637,7055.625973
20220805,0,7077.575036,7147.412962,7041.658388,7131.450008
20220808,0,7131.450008,7187.320349,6969.825091,7093.53799
20220809,0,7071.588928,7129.454638,7031.681541,7091.542621
20220810,0,7103.514837,7121.473161,6989.778785,7085.556513
20220811,0,7049.639865,7169.362025,7049.639865,7121.473161
20220812,0,7149.274708,7166.383352,6963.218202,7014.544135
20220815,0,7014.544135,7068.008648,6873.39782,6881.952142
20220816,0,6822.071887,6924.723752,6777.161696,6832.76479
20220817,0,6832.76479,6896.922205,6693.757055,6698.034216
20220818,0,6698.034216,6745.082988,6650.985445,6683.064153
20220819,0,6683.064153,6789.993179,6636.015381,6719.420022
20220822,0,6719.420022,7014.544135,6715.142861,6978.188266
20220823,0,6980.326846,7050.900004,6965.356782,7035.92994
20220824,0,7038.06852,7057.315745,6973.911105,7003.851232
20220825,0,7023.098457,7119.33458,7003.851232,7112.918839
20220826,0,7078.70155,7119.33458,7012.405554,7108.641678
20220829,0,7121.473161,7164.244772,6984.604007,7020.959876
20220830,0,7023.098457,7082.978711,6991.019749,7016.682715
20220831,0,6993.158329,7132.166064,6991.019749,7112.918839
20220901,0,7100.087356,7106.503097,7010.266974,7048.761423
20220902,0,7080.840131,7100.087356,6961.079621,7068.008648
20220905,0,7068.008648,7164.244772,7018.821296,7112.918839
20220906,0,7125.750322,7260.480895,7106.503097,7249.787993
20220907,0,7249.787993,7258.342315,7185.630577,7241.233671
20220908,0,7196.32348,7303.252506,7166.383352,7266.896637
20220909,0,7249.787993,7275.450959,7170.660513,7243.372251
20220913,0,7290.421023,7416.597274,7142.858966,7241.233671
20220914,0,7196.32348,7241.233671,7168.521933,7232.679349
20220915,0,7239.09509,7333.192633,7219.847865,7303.252506
20220916,0,7290.421023,7474.338948,7249.787993,7425.151596
20220919,0,7442.26024,7523.5263,7418.735855,7463.646046
20220920,0,7442.26024,7459.368885,7326.776892,7343.885536
20220921,0,7335.331214,7365.271341,7209.154963,7264.758056
20220922,0,7271.173798,7401.62721,7251.926573,7375.964244
20220923,0,7386.657147,7399.48863,7110.780258,7130.027483
20220926,0,7132.166064,7207.016382,7085.117292,7149.274708
20220927,0,7149.274708,7298.975345,7134.304644,7262.619476
20220928,0,7262.619476,7328.915472,7187.769157,7269.035217
20220929,0,7288.282442,7298.975345,7217.709285,7243.372251
20220930,0,7245.510832,7420.874435,7245.510832,7367.409922
20221010,0,7431.567338,7452.953143,7367.409922,7375.964244
20221011,0,7375.964244,7403.765791,7177.076255,7277.58954
20221012,0,7313.945409,7399.48863,7273.312379,7373.825663
20221013,0,7373.825663,7380.241405,7213.432124,7219.847865
20221014,0,7202.739221,7266.896637,7136.443225,7147.136127
20221017,0,7140.720386,7219.847865,7110.780258,7166.383352
20221018,0,7166.383352,7258.342315,7147.136127,7211.293543
20221019,0,7207.016382,7326.776892,7181.353416,7294.698184
20221020,0,7294.698184,7339.608375,7211.293543,7243.372251
20221021,0,7258.342315,7328.915472,7204.877802,7241.233671
20221024,0,7219.847865,7324.638311,7215.570704,7320.36115
20221025,0,7320.36115,7378.102824,7292.559603,7363.132761
20221026,0,7352.439858,7369.548502,7200.600641,7209.154963
20221027,0,7204.877802,7226.263607,7149.274708,7181.353416
20221028,0,7181.353416,7249.787993,7117.196,7132.166064
20221031,0,7110.780258,7149.274708,7029.514198,7127.888903
20221101,0,7121.473161,7313.945409,7097.948775,7296.836764
20221102,0,7284.005281,7339.608375,7230.540768,7281.866701
20221103,0,7256.203734,7292.559603,7162.106191,7183.491996
20221104,0,7174.937674,7241.233671,7127.888903,7177.076255
20221107,0,7200.600641,7311.806828,7068.008648,7082.978711
20221108,0,7074.424389,7140.720386,7059.454326,7087.255873
20221109,0,7065.870067,7142.858966,7020.959876,7061.592906
20221110,0,7053.038584,7119.33458,7027.375618,7078.70155
20221111,0,7078.70155,7298.975345,7078.70155,7284.005281
20221114,0,7273.312379,7309.668248,7236.95651,7266.896637
20221115,0,7290.421023,7294.698184,7236.95651,7281.866701
20221116,0,7245.510832,7378.102824,7241.233671,7333.192633
20221117,0,7333.192633,7356.717019,7281.866701,7348.162697
20221118,0,7346.024117,7412.320113,7331.054053,7399.48863
20221121,0,7399.48863,7425.151596,7324.638311,7375.964244
20221122,0,7399.48863,7472.200368,7363.132761,7446.537401
20221123,0,7472.200368,7581.267975,7455.091724,7570.575072
20221124,0,7585.545136,7671.088357,7555.605008,7630.455327
20221125,0,7645.425391,7649.702552,7547.050686,7591.960877
20221128,0,7591.960877,7613.346683,7450.814562,7467.923207
20221129,0,7452.953143,7472.200368,7401.62721,7442.26024
20221130,0,7440.12166,7472.200368,7414.458693,7465.784626
20221201,0,7474.338948,7536.357784,7435.844499,7506.417656
20221202,0,7506.417656,7720.275709,7497.863334,7698.889904
20221205,0,7698.889904,7816.511833,7677.504099,7775.878803
20221206,0,7801.541769,7801.541769,7728.830031,7737.384353
20221207,0,7741.661514,7775.878803,7707.444226,7715.998548
20221208,0,7737.384353,7763.04732,7692.474162,7741.661514
20221209,0,7730.968612,7803.68035,7707.444226,7758.770159
20221212,0,7741.661514,7968.35105,7741.661514,7902.055054
20221213,0,7882.807829,7895.639312,7799.403189,7803.68035
20221214,0,7795.126028,7837.897638,7613.346683,7658.256874
20221215,0,7655.985068,7696.87757,7624.179789,7660.528679
20221216,0,7667.344096,7753.672711,7417.445474,7456.06617
20221219,0,7456.06617,7494.686866,7383.368389,7385.640195
20221220,0,7372.009361,7433.348114,7331.116859,7390.183806
20221221,0,7374.281166,7503.774089,7372.009361,7456.06617
20221222,0,7496.958672,7528.763951,7401.542834,7428.804502
20221223,0,7421.989085,7428.804502,7337.932276,7349.291304
20221226,0,7378.824778,7717.323821,7372.009361,7678.703125
20221227,0,7630.995206,7680.97493,7596.918121,7671.887708
20221228,0,7671.887708,7705.964793,7508.3177,7537.851174
20221229,0,7540.12298,7558.297425,7474.240615,7537.851174
20221230,0,7506.045895,7690.062153,7501.502283,7640.082428
20230103,0,7617.364372,7640.082428,7471.96881,7537.851174
20230104,0,7553.753813,7651.441457,7506.045895,7537.851174
20230105,0,7510.589506,7553.753813,7490.143255,7492.415061
20230106,0,7510.589506,7596.918121,7440.163531,7576.47187
20230109,0,7576.47187,7626.451595,7292.496163,7297.039774
20230110,0,7297.039774,7356.106721,7203.895742,7215.25477
20230111,0,7240.244633,7240.244633,7160.731435,7185.721297
20230112,0,7190.264908,7281.137134,7176.634074,7226.613799
20230113,0,7226.613799,7396.999223,7215.25477,7351.56311
20230116,0,7369.737555,7394.727417,7301.583385,7367.465749
20230117,0,7353.834916,7369.737555,7237.972827,7344.747693
20230118,0,7347.019499,7553.753813,7276.593523,7512.861312
20230119,0,7471.96881,7546.938396,7465.153393,7508.3177
20230120,0,7540.12298,7730.954655,7515.133117,7717.323821
20230130,0,7726.411043,7740.041877,7635.538817,7708.236598
20230131,0,7719.595627,7828.642298,7708.236598,7808.196047
20230201,0,7808.196047,7844.544938,7762.759934,7842.273132
20230202,0,7837.729521,7889.981051,7646.897845,7710.508404
20230203,0,7683.246736,7810.467853,7680.97493,7794.565213
20230206,0,7824.098687,7905.88369,7760.488128,7805.924242
20230207,0,7805.924242,7826.370492,7685.518542,7735.498266
20230208,0,7742.313683,7776.390768,7628.7234,7671.887708
20230209,0,7701.421181,7746.857294,7646.897845,7674.159513
20230210,0,7674.159513,7701.421181,7487.871449,7590.102704
20230213,0,7610.548955,7626.451595,7531.035757,7540.12298
20230214,0,7544.666591,7560.56923,7446.978948,7462.881587
20230215,0,7478.784227,7660.528679,7462.881587,7565.112842
20230216,0,7558.297425,7581.015481,7476.512421,7494.686866
20230217,0,7481.056032,7540.12298,7426.532697,7469.697004
20230220,0,7460.609781,7533.307563,7440.163531,7503.774089
20230221,0,7487.871449,7596.918121,7456.06617,7571.928259
20230222,0,7585.559093,7628.7234,7537.851174,7567.384647
20230223,0,7556.025619,7590.102704,7390.183806,7396.999223
20230224,0,7396.999223,7460.609781,7342.475887,7360.650333
20230227,0,7360.650333,7387.912,7331.116859,7356.106721
20230228,0,7356.106721,7421.989085,7335.66047,7408.358251
20230301,0,7408.358251,7417.445474,7342.475887,7392.455612
20230302,0,7410.630057,7433.348114,7287.952551,7308.398802
20230303,0,7312.942414,7319.757831,7219.798382,7235.701021
20230306,0,7222.070187,7328.845053,7197.080325,7303.855191
20230307,0,7312.942414,7335.66047,7256.147272,7290.224357
20230308,0,7290.224357,7315.214219,7222.070187,7253.875467
20230309,0,7244.788244,7247.06005,7067.587403,7088.033654
20230310,0,7069.859208,7076.674625,6940.366286,6951.725314
20230313,0,6940.366286,7063.043791,6847.222254,6994.889622
20230314,0,6951.725314,7024.423095,6913.104618,6967.627954
20230315,0,6967.627954,6983.530593,6860.853088,6958.540731
20230316,0,6929.007257,6965.356148,6656.390578,6740.447388
20230317,0,6735.903777,6813.145169,6667.749607,6676.836829
20230320,0,6645.03155,6688.195858,6513.266822,6549.615713
20230321,0,6558.702935,6574.605575,6379.230288,6390.589316
20230322,0,6372.414871,6535.984879,6370.143066,6438.297235
20230323,0,6440.569041,6508.723211,6422.394596,6445.112652
20230324,0,6474.646126,6631.400716,6424.666401,6622.313494
20230327,0,6579.149186,6697.28308,6567.790158,6665.477801
20230328,0,6683.652246,6695.011275,6531.441267,6592.78002
20230329,0,6567.790158,6601.867243,6338.337786,6538.256684
20230330,0,6538.256684,6556.43113,6433.753624,6470.102515
20230331,0,6467.830709,6513.266822,6315.61973,6338.337786
20230403,0,6347.425009,6570.061963,6290.629868,6549.615713
20230404,0,6563.246546,6574.605575,6381.502094,6436.02543
20230406,0,6417.850984,6567.790158,6297.445284,6320.163341
20230407,0,6336.065981,6495.092377,6329.250564,6401.948345
20230410,0,6383.773899,6445.112652,6258.824588,6331.522369
20230411,0,6326.978758,6340.609592,6197.485836,6231.56292
20230412,0,6224.747503,6247.46556,6149.777917,6213.388475
20230413,0,6202.029447,6217.932086,6074.80833,6097.526387
20230414,0,6129.331666,6213.388475,6106.613609,6158.865139
20230417,0,6170.463755,6274.8513,6151.90597,6260.932961
20230418,0,6251.654068,6321.245764,6247.014622,6316.606318
20230419,0,6316.606318,6356.041613,6251.654068,6305.007702
20230420,0,6279.490747,6309.647148,6161.184863,6195.980711
20230421,0,6195.980711,6198.300434,6028.960639,6040.559255
20230424,0,6063.756487,6100.872059,6008.08313,6084.633996
20230425,0,6084.633996,6133.348184,6047.518425,6077.674827
20230426,0,6063.756487,6063.756487,5968.647836,6005.763407
20230427,0,5996.484514,6015.0423,5889.777246,5910.654755
20230428,0,5910.654755,5931.532264,5854.981398,5866.580014
20230504,0,5803.947487,5915.294202,5801.627764,5915.294202
20230505,0,5915.294202,5994.164791,5892.096969,5989.525345
20230508,0,5968.647836,6040.559255,5917.613925,5996.484514
20230509,0,5998.804237,6054.477595,5957.04922,5998.804237
20230510,0,6012.722577,6073.03538,5959.368943,6024.321193
20230511,0,6024.321193,6052.157871,5892.096969,5910.654755
20230512,0,5910.654755,6068.395934,5875.858907,6066.076211
20230515,0,6077.674827,6156.545416,6008.08313,6052.157871
20230516,0,6045.198702,6119.429845,6026.640916,6114.790398
20230517,0,6112.470675,6135.667907,6033.600086,6114.790398
20230518,0,6137.98763,6161.184863,6096.232612,6133.348184
20230519,0,6117.110121,6128.708738,5973.287282,6068.395934
20230522,0,6096.232612,6158.865139,5912.974478,5943.13088
20230523,0,5945.450603,6133.348184,5889.777246,6126.389014
20230524,0,6140.307354,6147.266523,6068.395934,6084.633996
20230525,0,6098.552336,6100.872059,5915.294202,5964.008389
20230526,0,5987.205621,6052.157871,5940.811157,5994.164791
20230529,0,5987.205621,6086.95372,5931.532264,6033.600086
20230530,0,6010.402853,6024.321193,5901.375862,5961.688666
20230531,0,5973.287282,5977.926728,5878.17863,5945.450603
20230601,0,5938.491434,6054.477595,5889.777246,6017.362023
20230602,0,6010.402853,6035.919809,5947.770327,5996.484514
20230605,0,5980.246452,6008.08313,5917.613925,5943.13088
20230606,0,5947.770327,5973.287282,5903.695586,5917.613925
20230607,0,5910.654755,5929.212541,5732.036068,5769.151639
20230608,0,5771.471362,5815.546103,5713.478282,5796.988318
20230609,0,5794.668594,5973.287282,5766.831916,5954.729496
20230612,0,5959.368943,6028.960639,5931.532264,6003.443684
20230613,0,6003.443684,6008.08313,5922.253371,5952.409773
20230614,0,5957.04922,6061.436764,5957.04922,5994.164791
20230615,0,5984.885898,6033.600086,5970.967559,6024.321193
20230616,0,6026.640916,6073.03538,6017.362023,6042.878979
20230619,0,6042.878979,6082.314273,5975.607005,6026.640916
20230620,0,6031.280362,6045.198702,5929.212541,5961.688666
20230621,0,5959.368943,6008.08313,5908.335032,5982.566175
20230626,0,5973.287282,6028.960639,5848.022228,5880.498353
20230627,0,5882.818077,5982.566175,5871.219461,5964.008389
20230628,0,5973.287282,5975.607005,5915.294202,5938.491434
20230629,0,5922.253371,6054.477595,5922.253371,6008.08313
20230630,0,6001.123961,6066.076211,5984.885898,6012.722577
20230703,0,6012.722577,6117.110121,5996.484514,6103.191782
20230704,0,6121.749568,6251.654068,6098.552336,6242.375175
20230705,0,6253.973791,6281.81047,6228.456836,6244.694898
20230706,0,6240.055452,6242.375175,6163.504586,6186.701818
20230707,0,6172.783479,6205.259604,6103.191782,6135.667907
20230710,0,6135.667907,6205.259604,6126.389014,6198.300434
20230711,0,6156.545416,6305.007702,6156.545416,6209.89905
20230712,0,6219.177943,6270.211854,6209.89905,6242.375175
20230713,0,6251.654068,6298.048532,6112.470675,6191.341264
20230714,0,6205.259604,6247.014622,6147.266523,6216.85822
20230717,0,6216.85822,6226.137113,5996.484514,6024.321193
20230718,0,6031.280362,6052.157871,6005.763407,6047.518425
20230719,0,6047.518425,6112.470675,6040.559255,6096.232612
20230720,0,6105.511505,6144.9468,6073.03538,6128.708738
20230721,0,6147.266523,6156.545416,6047.518425,6070.715657
20230724,0,6061.436764,6135.667907,6038.239532,6105.511505
20230725,0,6114.790398,6216.85822,6114.790398,6195.980711
20230726,0,6198.300434,6272.531577,6163.504586,6258.613238
20230727,0,6258.613238,6439.551649,6240.055452,6383.878291
20230728,0,6386.198015,6465.068604,6346.76272,6430.272756
20230731,0,6437.231925,6485.946113,6321.245764,6374.599398
20230801,0,6386.198015,6414.034693,6281.81047,6367.640229
20230802,0,6367.640229,6427.953032,6325.885211,6393.157184
20230803,0,6386.198015,6402.436077,6168.144032,6198.300434
20230804,0,6240.055452,6258.613238,6144.9468,6182.062372
20230807,0,6184.382095,6209.89905,6117.110121,6207.579327
20230808,0,6205.259604,6240.055452,6170.463755,6191.341264
20230809,0,6151.90597,6205.259604,6096.232612,6200.620157
20230810,0,6200.620157,6228.456836,6161.184863,6186.701818
20230811,0,6182.062372,6205.259604,6140.307354,6156.545416
20230814,0,6147.266523,6209.89905,6105.511505,6140.307354
20230815,0,6140.307354,6153.670373,6082.400937,6131.398674
20230816,0,6104.672636,6144.761693,5975.496783,5997.768481
20230817,0,6020.04018,6035.630369,5968.815273,6031.17603
20230818,0,6028.94886,6097.991126,6026.72169,6051.220558
20230821,0,6051.220558,6115.808485,5995.541312,6095.763956
20230822,0,6091.309616,6164.806222,6051.220558,6158.124713
20230823,0,6167.033392,6258.347357,6164.806222,6236.075658
20230824,0,6247.211508,6291.754905,6209.34962,6240.529998
20230825,0,6240.529998,6320.708114,6191.532261,6278.391886
20230828,0,6280.619056,6302.890755,6180.396411,6229.394149
20230829,0,6229.394149,6231.621319,6126.944334,6133.625844
20230830,0,6146.988863,6249.438678,6129.171504,6247.211508
20230831,0,6240.529998,6300.663585,6213.80396,6247.211508
20230901,0,6262.801697,6485.518685,6224.939809,6474.382835
20230904,0,6485.518685,6567.92397,6405.340569,6454.338306
20230905,0,6458.792646,6556.788121,6456.565476,6498.881704
20230906,0,6498.881704,6536.743592,6472.155665,6505.563214
20230907,0,6505.563214,6516.699063,6314.026604,6360.797172
20230908,0,6354.115662,6367.478681,6269.483207,6287.300566
20230911,0,6293.982075,6414.249249,6293.982075,6394.20472
20230912,0,6398.659059,6440.975287,6371.933021,6432.066608
20230913,0,6443.202457,6456.565476,6309.572264,6363.024341
20230914,0,6380.8417,6409.794909,6334.071133,6400.886229
20230915,0,6414.249249,6532.289252,6409.794909,6510.017553
20230918,0,6523.380573,6659.237935,6449.883967,6630.284727
20230919,0,6630.284727,6692.645483,6612.467368,6663.692275
20230920,0,6679.282464,6815.139827,6672.600954,6775.050769
20230921,0,6788.413788,6850.774545,6748.32473,6795.095298
20230922,0,6797.322468,6815.139827,6692.645483,6770.596429
20230925,0,6775.050769,6797.322468,6708.235672,6743.870391
20230926,0,6743.870391,6870.819074,6681.509634,6821.821336
20230927,0,6826.275676,6964.360208,6821.821336,6893.090772
20230928,0,6893.090772,7002.222096,6873.046243,6995.540587
20231009,0,6993.313417,7062.355683,6904.226622,7033.402475
20231010,0,7033.402475,7080.173042,6933.17983,6935.407
20231011,0,6948.770019,7042.311154,6884.182093,6988.859077
20231012,0,6988.859077,7080.173042,6959.905869,7071.264363
20231013,0,7082.400212,7113.58059,6993.313417,6995.540587
20231016,0,7026.720965,7046.765494,6946.542849,7042.311154
20231017,0,7048.992664,7077.945872,6937.63417,6942.08851
20231018,0,6937.63417,6937.63417,6855.228884,6861.910394
20231019,0,6855.228884,6968.814548,6832.957186,6904.226622
20231020,0,6904.226622,6942.08851,6804.003977,6808.458317
20231023,0,6806.231147,6808.458317,6694.872653,6757.23341
20231024,0,6757.23341,6821.821336,6703.781333,6781.732278
20231025,0,6781.732278,6839.638695,6743.870391,6777.277939
20231026,0,6777.277939,6777.277939,6641.420576,6652.556426
20231027,0,6630.284727,6677.055294,6559.015291,6601.331518
20231030,0,6592.422839,6672.600954,6583.514159,6665.919445
20231031,0,6659.237935,6726.053032,6616.921707,6708.235672
20231101,0,6721.598692,6739.416051,6665.919445,6677.055294
20231102,0,6692.645483,6712.690012,6632.511897,6654.783595
20231103,0,6654.783595,6819.594166,6643.647746,6810.685487
20231106,0,6824.048506,6917.589641,6821.821336,6881.954923
20231107,0,6879.727753,6893.090772,6781.732278,6828.502846
20231108,0,6835.184356,6937.63417,6824.048506,6884.182093
20231109,0,6870.819074,6870.819074,6567.92397,6576.83265
20231110,0,6581.286989,6632.511897,6514.471893,6590.195669
20231113,0,6614.694538,6677.055294,6592.422839,6661.465105
20231114,0,6661.465105,6670.373785,6556.788121,6634.739067
20231115,0,6634.739067,6712.690012,6612.467368,6672.600954
20231116,0,6668.146615,6815.139827,6650.329256,6792.868128
20231117,0,6792.868128,6817.366997,6681.509634,6730.507371
20231120,0,6737.188881,6783.959448,6639.193406,6657.010765
20231121,0,6654.783595,6692.645483,6587.968499,6625.830387
20231122,0,6645.874916,6650.329256,6429.839438,6449.883967
20231123,0,6445.429627,6469.928496,6396.43189,6429.839438
20231124,0,6414.249249,6518.926233,6407.567739,6498.881704
20231127,0,6498.881704,6545.652271,6476.610005,6507.790383
20231128,0,6507.790383,6521.153403,6447.656797,6478.837175
20231129,0,6478.837175,6512.244723,6229.394149,6238.302828
20231130,0,6236.075658,6305.117925,6211.57679,6291.754905
20231201,0,6291.754905,6309.572264,5997.768481,6100.218296
20231204,0,6142.534523,6211.57679,6084.628107,6149.216033
20231205,0,6151.443203,6158.124713,5962.133763,6031.17603
20231206,0,6031.17603,6109.126975,6017.81301,6055.674898
20231207,0,6024.49452,6142.534523,5957.679424,6138.080184
20231208,0,6155.897543,6387.52321,6133.625844,6387.52321
20231211,0,6449.883967,6472.155665,6325.162453,6374.160191
20231212,0,6363.024341,6374.160191,6202.66811,6311.799434
20231213,0,6272.18563,6377.822441,6175.351887,6214.965691
20231214,0,6241.374894,6291.992532,6199.560323,6245.776428
20231215,0,6267.784096,6327.204802,6208.36339,6241.374894
20231218,0,6245.776428,6391.027042,6228.170292,6355.814772
20231219,0,6366.818606,6366.818606,6280.988698,6285.390232
20231220,0,6265.58333,6355.814772,6162.147286,6336.00787
20231221,0,6369.019373,6402.030877,6316.200968,6382.223975
20231222,0,6360.216306,6487.860785,6349.212471,6386.625508
20231225,0,6360.216306,6465.853116,6336.00787,6380.023208
20231226,0,6393.227809,6408.633177,6280.988698,6298.594833
20231227,0,6296.394066,6393.227809,6278.787931,6377.822441
20231228,0,6384.424742,6413.034711,6329.405569,6353.614005
20231229,0,6344.810938,6358.015539,6192.958022,6206.162624
20240102,0,6217.166458,6446.046214,6208.36339,6441.644681
20240103,0,6446.046214,6582.493761,6419.637012,6545.080724
20240104,0,6545.080724,6593.497596,6432.841613,6472.455417
20240105,0,6492.262319,6492.262319,6362.417073,6461.451583
20240108,0,6443.845447,6527.474589,6371.22014,6393.227809
20240109,0,6382.223975,6417.436245,6296.394066,6318.401735
20240110,0,6336.00787,6373.420907,6223.768759,6250.177961
20240111,0,6250.177961,6316.200968,6243.575661,6289.791765
20240112,0,6291.992532,6329.405569,6217.166458,6296.394066
20240115,0,6316.200968,6338.208637,6239.174127,6305.197134
20240116,0,6296.394066,6399.83011,6258.981029,6307.3979
20240117,0,6307.3979,6351.413238,6256.780262,6274.386397
20240118,0,6272.18563,6340.409404,6239.174127,6318.401735
20240119,0,6305.197134,6353.614005,6283.189465,6294.193299
20240122,0,6283.189465,6291.992532,6170.950353,6217.166458
20240123,0,6219.367225,6285.390232,6192.958022,6261.181796
20240124,0,6261.181796,6377.822441,6241.374894,6358.015539
20240125,0,6362.417073,6375.621674,6318.401735,6351.413238
20240126,0,6360.216306,6408.633177,6296.394066,6309.598667
20240129,0,6294.193299,6362.417073,6241.374894,6256.780262
20240130,0,6274.386397,6300.7956,6232.571826,6274.386397
20240131,0,6274.386397,6285.390232,6221.567992,6239.174127
20240201,0,6239.174127,6314.000201,6212.764924,6283.189465
20240202,0,6287.590998,6298.594833,6140.139617,6175.351887
20240205,0,6162.147286,6261.181796,6159.946519,6212.764924
20240206,0,6208.36339,6217.166458,6087.321212,6122.533482
20240207,0,6113.730414,6131.336549,6085.120445,6122.533482
20240208,0,6122.533482,6188.556488,6115.931181,6129.135783
20240219,0,6157.745752,6294.193299,6148.942685,6287.590998
20240220,0,6289.791765,6347.011704,6267.784096,6322.803269
20240221,0,6349.212471,6386.625508,6300.7956,6340.409404
20240222,0,6338.208637,6369.019373,6309.598667,6340.409404
20240223,0,6358.015539,6399.83011,6336.00787,6377.822441
20240226,0,6382.223975,6439.443914,6362.417073,6404.231644
20240227,0,6404.231644,6468.053883,6404.231644,6448.246981
20240228,0,6448.246981,6479.057718,6432.841613,6457.050049
20240229,0,6457.050049,6485.660018,6424.038545,6474.656184
20240301,0,6476.856951,6483.459251,6441.644681,6441.644681
20240304,0,6448.246981,6454.849282,6373.420907,6417.436245
20240305,0,6404.231644,6441.644681,6386.625508,6391.027042
20240306,0,6382.223975,6426.239312,6362.417073,6397.629343
20240307,0,6397.629343,6549.482258,6388.826275,6531.876123
20240308,0,6531.876123,6580.292995,6509.868454,6569.28916
20240311,0,6569.28916,6657.319836,6558.285326,6591.296829
20240312,0,6589.096062,6646.316001,6586.895295,6622.107565
20240313,0,6622.107565,6681.528271,6611.103731,6661.721369
20240314,0,6657.319836,6696.93364,6615.505265,6641.914467
20240315,0,6641.914467,6674.925971,6626.509099,6650.717535
20240318,0,6637.512934,6710.138241,6591.296829,6615.505265
20240319,0,6624.308332,6767.35818,6615.505265,6758.555112
20240320,0,6712.339008,6828.979653,6705.736707,6815.775052
20240321,0,6822.377352,6857.589622,6760.755879,6776.161248
20240322,0,6804.771217,6839.983487,6769.558947,6804.771217
20240325,0,6815.775052,6870.794224,6683.729038,6732.14591
20240326,0,6714.539775,6740.948977,6657.319836,6666.122903
20240327,0,6701.335173,6831.18042,6679.327504,6701.335173
20240328,0,6701.335173,6747.551278,6630.910633,6732.14591
20240329,0,6738.74821,6760.755879,6650.717535,6754.153579
20240401,0,6754.153579,6809.172751,6668.32367,6784.964315
20240402,0,6784.964315,6828.979653,6703.53594,6721.142075
20240403,0,6710.138241,6758.555112,6624.308332,6648.516768
20240408,0,6683.729038,6765.157413,6648.516768,6683.729038
20240409,0,6712.339008,6791.566616,6666.122903,6736.547444
20240410,0,6740.948977,6758.555112,6696.93364,6747.551278
20240411,0,6756.354346,6945.620298,6745.350511,6932.415697
20240412,0,6919.478062,6962.60351,6891.446521,6932.415697
20240415,0,6943.197058,6951.822148,6863.41498,6895.759066
20240416,0,6887.133977,6988.478778,6826.75835,6841.852257
20240417,0,6824.602078,6859.102436,6798.726809,6837.539712
20240418,0,6837.539712,6895.759066,6706.007097,6710.319642
20240419,0,6710.319642,6811.664443,6710.319642,6781.47663
20240422,0,6792.257992,6904.384156,6759.913906,6781.47663
20240423,0,6781.47663,6818.133261,6738.351183,6783.632902
20240424,0,6775.007813,6861.258708,6744.82,6861.258708
20240425,0,6861.258708,6876.352615,6807.351899,6826.75835
20240426,0,6813.820716,6846.164801,6753.445089,6824.602078
20240429,0,6824.602078,6895.759066,6781.47663,6893.602794
20240430,0,6895.759066,6947.509603,6852.633619,6869.883798
20240506,0,6891.446521,6934.571969,6872.04007,6919.478062
20240507,0,6930.259424,6938.884514,6800.883081,6844.008529
20240508,0,6841.852257,6867.727525,6811.664443,6822.445805
20240509,0,6822.445805,6826.75835,6755.601362,6768.538996
20240510,0,6772.851541,6818.133261,6637.006381,6721.101003
20240513,0,6721.101003,6794.414264,6669.350466,6757.757634
20240514,0,6759.913906,6811.664443,6731.882365,6762.070179
20240515,0,6757.757634,6787.945447,6697.382007,6723.257276
20240516,0,6740.507455,6932.415697,6734.038638,6878.508887
20240517,0,6889.290249,6904.384156,6848.321074,6880.665159
20240520,0,6895.759066,6921.634335,6818.133261,6884.977704
20240521,0,6876.352615,7029.447954,6846.164801,6913.009245
20240522,0,6900.071611,6962.60351,6900.071611,6960.447237
20240523,0,6960.447237,6992.791323,6770.695268,6775.007813
20240524,0,6794.414264,6818.133261,6759.913906,6775.007813
20240527,0,6768.538996,6811.664443,6738.351183,6777.164085
20240528,0,6779.320358,6878.508887,6779.320358,6787.945447
20240529,0,6803.039354,6826.75835,6742.663727,6777.164085
20240530,0,6766.382723,6837.539712,6723.257276,6759.913906
20240531,0,6753.445089,6766.382723,6686.600645,6688.756918
20240603,0,6686.600645,6697.382007,6511.942583,6524.880217
20240604,0,6533.505307,6546.442941,6477.442225,6501.161221
20240605,0,6501.161221,6608.97484,6477.442225,6537.817851
20240606,0,6537.817851,6568.005665,6511.942583,6559.380575
20240607,0,6557.224303,6593.880933,6503.317493,6548.599213
20240611,0,6542.130396,6570.161937,6486.067314,6533.505307
20240612,0,6542.130396,6552.911758,6406.285236,6535.661579
20240613,0,6552.911758,6555.06803,6432.160505,6436.47305
20240614,0,6440.785594,6470.973408,6395.503874,6445.098139
20240617,0,6445.098139,6481.754769,6371.784878,6464.50459
20240618,0,6466.660863,6501.161221,6386.878785,6391.19133
20240619,0,6389.035057,6406.285236,6326.503158,6367.472333
20240620,0,6367.472333,6451.566956,6322.190613,6399.816419
20240621,0,6410.597781,6421.379143,6330.815703,6345.90961
20240624,0,6330.815703,6401.972691,6307.096707,6348.065882
20240625,0,6378.253695,6440.785594,6350.222154,6421.379143
20240626,0,6434.316777,6535.661579,6432.160505,6486.067314
20240627,0,6460.192046,6511.942583,6421.379143,6425.691688
20240628,0,6427.84796,6455.879501,6386.878785,6436.47305
20240701,0,6440.785594,6462.348318,6326.503158,6365.316061
20240702,0,6356.690972,6419.222871,6348.065882,6401.972691
20240703,0,6414.910326,6483.911042,6406.285236,6481.754769
20240704,0,6477.442225,6503.317493,6315.721796,6322.190613
20240705,0,6307.096707,6307.096707,6231.627174,6242.408535
20240708,0,6238.095991,6261.814987,6188.501726,6214.376995
20240709,0,6214.376995,6220.845812,6162.626457,6188.501726
20240710,0,6188.501726,6194.970543,6100.094559,6121.657282
20240711,0,6100.094559,6188.501726,6097.938286,6177.720364
20240712,0,6177.720364,6218.689539,6151.845096,6197.126816
20240715,0,6197.126816,6216.533267,6160.470185,6184.189181
20240716,0,6184.189181,6194.970543,6141.063734,6166.939002
20240717,0,6156.15764,6192.814271,6078.531835,6130.282372
20240718,0,6125.969827,6212.220722,6065.5942,6207.908177
20240719,0,6199.283088,6227.314629,6173.407819,6201.43936
20240722,0,6177.720364,6199.283088,6091.469469,6125.969827
20240723,0,6117.344738,6151.845096,6078.531835,6080.688107
20240724,0,6072.063018,6184.189181,6044.031477,6166.939002
20240725,0,6166.939002,6182.032909,6018.156208,6056.969111
20240726,0,6059.125383,6166.939002,6056.969111,6108.719648
20240729,0,6113.032193,6190.657998,6102.250831,6162.626457
20240730,0,6162.626457,6177.720364,6082.844379,6104.407103
20240731,0,6095.782014,6214.376995,6028.93757,6173.407819
20240801,0,6192.814271,6263.971259,6162.626457,6184.189181
20240802,0,6186.345454,6238.095991,6121.657282,6233.783446
20240805,0,6220.845812,6242.408535,6097.938286,6108.719648
20240806,0,6087.156924,6169.095275,6061.281656,6102.250831
20240807,0,6091.469469,6145.376278,6072.063018,6119.50101
20240808,0,6123.813555,6197.126816,5977.187033,6020.312481
20240809,0,6050.500294,6182.032909,5998.749757,6162.626457
20240812,0,6171.251547,6188.501726,6087.156924,6136.751189
20240813,0,6145.376278,6177.720364,6095.782014,6102.250831
20240814,0,6093.625741,6123.813555,6039.718932,6041.875204
20240815,0,6069.906745,6119.50101,6026.781298,6069.906745
20240816,0,6091.469469,6134.594917,6054.812839,6100.094559
20240819,0,6100.094559,6141.063734,6074.21929,6128.126099
20240820,0,6142.979591,6149.345373,6089.931408,6138.735736
20240821,0,6142.979591,6272.417157,6132.369954,6266.051375
20240822,0,6251.197884,6287.270648,6225.734756,6270.29523
20240823,0,6270.29523,6285.148721,6206.63741,6215.12512
20240826,0,6221.490901,6310.611849,6196.027774,6304.246067
20240827,0,6310.611849,6344.562686,6283.026794,6340.318831
20240828,0,6340.318831,6395.488942,6336.074977,6344.562686
20240829,0,6333.953049,6416.708215,6300.002212,6403.976651
20240830,0,6403.976651,6429.439779,6382.757378,6406.098578
20240902,0,6408.220506,6416.708215,6333.953049,6350.928468
20240903,0,6350.928468,6469.756398,6344.562686,6448.537125
20240904,0,6429.439779,6446.415197,6147.223445,6155.711155
20240905,0,6168.442719,6244.832102,6164.198864,6193.905846
20240906,0,6217.247047,6223.612829,6121.760317,6170.564646
20240909,0,6172.686573,6179.052355,6094.175262,6138.735736
20240910,0,6138.735736,6145.101518,6092.053335,6096.29719
20240911,0,6092.053335,6102.662972,5954.128059,6017.785879
20240912,0,6017.785879,6045.370934,5977.46926,6002.932388
20240913,0,6002.932388,6053.858643,5973.225405,6011.420097
20240918,0,6017.785879,6092.053335,5941.396495,5985.956969
20240919,0,5985.956969,6100.541044,5975.347332,6087.80948
20240920,0,6087.80948,6183.29621,6070.834062,6153.589227
20240923,0,6153.589227,6153.589227,6077.199844,6113.272608
20240924,0,6115.394536,6166.320791,6094.175262,6151.4673
20240925,0,6174.8085,6251.197884,6134.491881,6162.076937
20240926,0,6155.711155,6176.930428,6066.590207,6170.564646
20240927,0,6181.174282,6246.954029,6159.955009,6238.46632
20240930,0,6240.588247,6308.489922,6208.759338,6272.417157
20241008,0,6355.172323,6355.172323,6121.760317,6136.613809
20241009,0,6128.126099,6200.271628,6113.272608,6145.101518
20241010,0,6147.223445,6166.320791,6079.321771,6106.906826
20241011,0,6106.906826,6302.12414,6106.906826,6266.051375
20241014,0,6270.29523,6310.611849,6246.954029,6280.904866
20241015,0,6280.904866,6287.270648,6217.247047,6232.100538
20241016,0,6225.734756,6289.392576,6087.80948,6094.175262
20241017,0,6094.175262,6157.833082,6062.346353,6113.272608
20241018,0,6113.272608,6240.588247,6111.150681,6215.12512
20241021,0,6227.856683,6261.807521,6193.905846,6249.075957
20241022,0,6255.441739,6278.782939,6189.661992,6257.563666
20241023,0,6266.051375,6270.29523,6206.63741,6234.222465
20241024,0,6227.856683,6236.344393,6109.028754,6223.612829
20241025,0,6234.222465,6249.075957,6119.63839,6140.857663
20241028,0,6172.686573,6217.247047,6136.613809,6172.686573
20241029,0,6185.418137,6193.905846,6100.541044,6138.735736
20241030,0,6151.4673,6215.12512,6115.394536,6208.759338
20241031,0,6206.63741,6227.856683,6183.29621,6200.271628
20241101,0,6206.63741,6210.881265,6126.004172,6140.857663
20241104,0,6145.101518,6185.418137,6087.80948,6149.345373
20241105,0,6142.979591,6172.686573,6117.516463,6126.004172
20241106,0,6121.760317,6159.955009,6102.662972,6109.028754
20241107,0,6100.541044,6213.003192,6070.834062,6208.759338
20241108,0,6196.027774,6259.685593,6189.661992,6213.003192
20241111,0,6213.003192,6255.441739,6087.80948,6117.516463
20241112,0,6117.516463,6138.735736,6104.784899,6117.516463
20241113,0,6130.248027,6223.612829,6121.760317,6223.612829
20241114,0,6227.856683,6316.977631,6223.612829,6297.880285
20241115,0,6291.514503,6297.880285,6204.515483,6238.46632
20241118,0,6257.563666,6331.831122,6210.881265,6278.782939
20241119,0,6263.929448,6319.099558,6225.734756,6280.904866
20241120,0,6293.63643,6300.002212,6236.344393,6287.270648
20241121,0,6287.270648,6338.196904,6240.588247,6319.099558
20241122,0,6329.709195,6331.831122,6276.661012,6283.026794
20241125,0,6293.63643,6300.002212,6142.979591,6196.027774
20241126,0,6196.027774,6206.63741,6168.442719,6183.29621
20241127,0,6193.905846,6213.003192,6164.198864,6189.661992
20241128,0,6204.515483,6213.003192,6159.955009,6176.930428
20241129,0,6176.930428,6234.222465,6172.686573,6200.271628
20241202,0,6215.12512,6274.539084,6200.271628,6249.075957
20241203,0,6236.344393,6268.173303,6217.247047,6246.954029
20241204,0,6246.954029,6257.563666,6168.442719,6185.418137
20241205,0,6185.418137,6196.027774,6130.248027,6138.735736
20241206,0,6153.589227,6244.832102,6119.63839,6223.612829
20241209,0,6206.63741,6246.954029,6136.613809,6164.198864
20241210,0,6202.393556,6215.12512,6179.052355,6181.174282
20241211,0,6187.540064,6196.027774,6170.564646,6185.418137
20241212,0,6174.8085,6196.027774,6153.589227,6157.833082
20241213,0,6138.735736,6176.930428,6089.931408,6113.272608
20241216,0,6113.272608,6138.568909,6077.436183,6111.164583
20241217,0,6123.812733,6155.433109,6090.084333,6128.028783
20241218,0,6123.812733,6165.973234,6106.948533,6117.488658
20241219,0,6117.488658,6125.920758,6003.655306,6079.544208
20241220,0,6073.220132,6119.596683,6066.896057,6094.300383
20241223,0,6092.192358,6134.352859,6077.436183,6109.056558
20241224,0,6121.704708,6239.75411,6106.948533,6231.32201
20241225,0,6229.213985,6250.294236,6212.349785,6239.75411
20241226,0,6239.75411,6252.402261,6216.565835,6241.862135
20241227,0,6254.510286,6294.562761,6241.862135,6286.130661
20241230,0,6281.914611,6292.454736,6235.53806,6246.078186
20241231,0,6239.75411,6273.482511,6222.88991,6265.050411
20250102,0,6279.806586,6376.775738,6237.646085,6372.559688
20250103,0,6368.343638,6383.099813,6313.534987,6351.479437
20250106,0,6351.479437,6477.96094,6319.859062,6397.855988
20250107,0,6397.855988,6404.180063,6241.862135,6279.806586
20250108,0,6281.914611,6328.291162,6256.618311,6265.050411
20250109,0,6260.834361,6281.914611,6163.865209,6193.37756
20250110,0,6193.37756,6220.781885,6165.973234,6168.081259
20250113,0,6201.80966,6311.426962,6180.729409,6298.778811
20250114,0,6281.914611,6366.235613,6281.914611,6334.615237
20250115,0,6313.534987,6353.587462,6286.130661,6319.859062
20250116,0,6334.615237,6347.263387,6294.562761,6324.075112
20250117,0,6313.534987,6338.831287,6231.32201,6321.967087
20250120,0,6345.155362,6378.883763,6290.346711,6315.643012
20250121,0,6315.643012,6347.263387,6294.562761,6309.318937
20250122,0,6286.130661,6435.800439,6258.726336,6431.584389
20250123,0,6437.908464,6471.636865,6416.828214,6463.204764
20250124,0,6461.096739,6494.82514,6404.180063,6444.232539
20250127,0,6458.988714,6490.60909,6418.936239,6452.664639
20250205,0,6452.664639,6539.093666,6446.340564,6528.553541
20250206,0,6501.149215,6524.33749,6469.528839,6501.149215
20250207,0,6471.636865,6513.797365,6431.584389,6488.501065
20250210,0,6511.68934,6518.013415,6383.099813,6458.988714
20250211,0,6458.988714,6475.852915,6416.828214,6446.340564
20250212,0,6448.427434,6458.861782,6371.213254,6387.908212
20250213,0,6396.255691,6398.342561,6331.56273,6373.300124
20250214,0,6373.300124,6423.384997,6352.431427,6362.865775
20250217,0,6364.952645,6394.168821,6312.780902,6352.431427
20250218,0,6344.083948,6396.255691,6323.215251,6348.257687
20250219,0,6348.257687,6348.257687,6281.477856,6296.085944
20250220,0,6291.912205,6323.215251,6271.043508,6296.085944
20250221,0,6298.172814,6333.649599,6279.390987,6296.085944
20250224,0,6302.346553,6316.954641,6273.130377,6285.651596
20250225,0,6281.477856,6337.823339,6218.871765,6227.219244
20250226,0,6227.219244,6254.34855,6216.784895,6235.566722
20250227,0,6235.566722,6252.26168,6200.089937,6246.001071
20250228,0,6237.653592,6250.17481,6208.437416,6220.958634
20250303,0,6216.784895,6229.306113,6177.13437,6202.176807
20250304,0,6204.263677,6206.350546,6139.570715,6143.744455
20250305,0,6156.265673,6158.352543,6104.09393,6106.1808
20250306,0,6106.1808,6135.396976,6070.704015,6112.441409
20250307,0,6133.310106,6175.047501,6085.312103,6118.702018
20250310,0,6112.441409,6172.960631,6097.833321,6122.875758
20250311,0,6122.875758,6179.22124,6106.1808,6152.091934
20250312,0,6156.265673,6172.960631,6129.136367,6162.526282
20250313,0,6177.13437,6195.916198,6114.528279,6129.136367
20250314,0,6137.483846,6193.829328,6091.572712,6175.047501
20250317,0,6156.265673,6175.047501,6122.875758,6145.831324
20250318,0,6143.744455,6147.918194,6047.748448,6083.225233
20250319,0,6085.312103,6104.09393,6062.356536,6089.485842
20250320,0,6104.09393,6156.265673,6085.312103,6145.831324
20250321,0,6143.744455,6158.352543,5997.663574,6001.837314
20250324,0,5999.750444,6033.14036,5958.01305,6022.706011
20250325,0,6020.619141,6041.487838,5995.576705,6003.924184
20250326,0,6003.924184,6016.445402,5962.186789,5970.534268
20250327,0,5966.360529,5989.316095,5907.928176,5962.186789
20250328,0,5962.186789,5997.663574,5955.92618,5972.621138
20250331,0,5968.447398,5983.055486,5884.972609,5889.146349
20250401,0,5891.233219,5899.580698,5841.148345,5882.88574
20250402,0,5882.88574,5937.144352,5878.712,5918.362525
20250403,0,5918.362525,5924.623134,5774.368514,5793.150342
20250407,0,5486.380493,5724.283641,5486.380493,5592.810849
20250408,0,5592.810849,5718.023032,5592.810849,5678.372507
20250409,0,5642.895722,5682.546247,5334.039003,5427.948141
20250410,0,5427.948141,5613.679546,5379.950137,5582.3765
20250411,0,5571.97714,5644.772661,5536.619316,5630.213557
20250414,0,5634.373301,5669.731125,5603.17522,5611.494708
20250415,0,5582.3765,5646.852533,5582.3765,5632.293429
20250416,0,5632.293429,5636.453173,5549.098548,5569.897268
20250417,0,5584.456372,5613.57458,5530.3797,5544.938804
20250418,0,5540.77906,5605.255092,5501.261491,5576.136884
20250421,0,5590.695988,5640.612917,5549.098548,5611.494708
20250422,0,5609.414836,5611.494708,5542.858932,5563.657652
20250423,0,5563.657652,5636.453173,5563.657652,5617.734324
20250424,0,5615.654452,5615.654452,5571.97714,5603.17522
20250425,0,5588.616116,5661.411637,5565.737524,5590.695988
20250428,0,5580.296628,5603.17522,5536.619316,5557.418036
20250429,0,5561.57778,5563.657652,5382.708786,5384.788658
20250430,0,5376.46917,5391.028274,5287.034673,5324.47237
20250506,0,5330.711986,5351.510706,5230.878129,5237.117745
20250507,0,5249.596977,5372.309426,5245.437233,5343.191218
20250508,0,5334.87173,5370.229554,5320.312626,5353.590578
20250509,0,5353.590578,5426.386099,5353.590578,5370.229554
20250512,0,5355.67045,5480.462771,5332.791858,5465.903667
20250513,0,5511.660851,5613.57458,5461.743923,5486.702387
20250514,0,5490.862131,5594.855732,5470.063411,5592.77586
20250515,0,5605.255092,5640.612917,5565.737524,5601.095348
20250516,0,5601.095348,5613.57458,5549.098548,5569.897268
20250519,0,5594.855732,5657.251893,5574.057012,5605.255092
20250520,0,5594.855732,5638.533045,5553.258292,5626.053813
20250521,0,5638.533045,5713.408437,5628.133685,5636.453173
20250522,0,5615.654452,5651.012277,5586.536244,5642.692789
20250523,0,5634.373301,5696.769461,5626.053813,5682.210357
20250526,0,5669.731125,5696.769461,5596.935604,5617.734324
20250527,0,5615.654452,5615.654452,5463.823795,5484.622515
20250528,0,5484.622515,5569.897268,5474.223155,5538.699188
20250529,0,5538.699188,5721.727925,5515.820596,5711.328565
20250530,0,5703.009077,5713.408437,5567.817396,5630.213557
20250603,0,5636.453173,5648.932405,5511.660851,5515.820596
20250604,0,5503.341363,5534.539444,5472.143283,5509.580979
20250605,0,5509.580979,5526.219956,5467.983539,5490.862131
20250606,0,5507.501107,5547.018676,5453.424435,5490.862131
20250609,0,5492.942003,5642.692789,5484.622515,5609.414836
20250610,0,5615.654452,5638.533045,5580.296628,5590.695988
20250611,0,5565.737524,5605.255092,5551.17842,5559.497908
20250612,0,5555.338164,5559.497908,5470.063411,5478.382899
20250613,0,5478.382899,5499.181619,5438.865331,5451.344563
20250616,0,5455.539518,5501.684028,5428.272308,5487.001684
20250617,0,5487.001684,5497.489072,5438.759697,5468.124385
20250618,0,5466.026907,5514.268894,5453.442041,5482.806729
20250619,0,5487.001684,5545.73106,5468.124385,5510.073939
20250620,0,5510.073939,5531.048716,5361.153021,5369.542932
20250623,0,5505.878983,5665.287289,5482.806729,5535.243671
20250624,0,5518.46385,5531.048716,5371.64041,5386.322754
20250625,0,5386.322754,5386.322754,5306.618601,5317.10599
20250626,0,5315.008512,5335.983289,5298.22869,5312.911034
20250627,0,5306.618601,5365.347977,5298.22869,5344.3732
20250630,0,5338.080767,5346.470678,5270.96148,5310.813556
20250701,0,5310.813556,5321.300945,5262.571569,5270.96148
20250702,0,5270.96148,5338.080767,5249.986703,5319.203467
20250703,0,5319.203467,5367.445455,5306.618601,5342.275722
20250704,0,5335.983289,5371.64041,5296.131213,5315.008512
20250707,0,5315.008512,5346.470678,5308.716079,5321.300945
20250708,0,5321.300945,5340.178244,5285.643824,5333.885811
20250709,0,5344.3732,5363.250499,5327.593378,5354.860588
20250710,0,5348.568155,5457.636996,5348.568155,5449.247085
20250711,0,5455.539518,5526.85376,5442.954652,5489.099162
20250714,0,5484.904206,5505.878983,5466.026907,5499.58655
20250715,0,5497.489072,5526.85376,5455.539518,5518.46385
20250716,0,5518.46385,5520.561327,5470.221862,5497.489072
20250717,0,5501.684028,5537.341149,5480.709251,5520.561327
20250718,0,5518.46385,5589.778092,5501.684028,5549.926015
20250721,0,5545.73106,5619.14278,5539.438627,5593.973047
20250722,0,5596.070525,5642.215034,5564.608359,5629.630168
20250723,0,5627.53269,5768.063697,5623.337735,5677.872155
20250724,0,5658.994856,5730.309098,5600.26548,5721.919187
20250725,0,5715.626754,5799.525862,5677.872155,5789.038474
20250728,0,5793.233429,5830.988028,5581.388181,5621.240257
20250729,0,5663.189811,5715.626754,5596.070525,5635.922601
20250730,0,5642.215034,5682.067111,5568.803315,5585.583136
20250731,0,5583.485659,5585.583136,5474.416818,5487.001684
20250801,0,5487.001684,5501.684028,5432.467264,5438.759697
20250804,0,5432.467264,5449.247085,5396.810143,5419.882397
20250805,0,5428.272308,5442.954652,5382.127799,5411.492486
20250806,0,5428.272308,5459.734474,5384.225276,5421.979875
20250807,0,5421.979875,5447.149607,5403.102576,5438.759697
20250808,0,5438.759697,5459.613837,5399.136831,5413.734729
20250811,0,5419.990971,5478.382563,5411.649315,5470.040907
20250812,0,5482.553391,5505.492944,5455.443009,5488.809633
20250813,0,5476.297149,5557.628294,5467.955493,5528.432498
20250814,0,5534.68874,5559.713708,5486.724219,5545.11581
20250815,0,5549.286638,5553.457466,5459.613837,5532.603326
20250818,0,5543.030396,5545.11581,5451.272181,5476.297149
20250819,0,5482.553391,5524.26167,5374.111863,5399.136831
20250820,0,5409.563901,5422.076385,5309.464029,5355.343137
20250821,0,5367.855621,5367.855621,5326.147341,5349.086895
20250822,0,5342.830653,5347.001481,5292.780717,5326.147341
20250825,0,5326.147341,5374.111863,5315.720271,5355.343137
20250826,0,5351.172309,5355.343137,5276.097405,5286.524475
20250827,0,5286.524475,5292.780717,5221.876641,5223.962055
20250828,0,5223.962055,5223.962055,5163.485049,5215.620399
20250829,0,5215.620399,5257.328679,5167.655877,5232.303711
20250901,0,5234.389125,5265.670335,5226.047469,5255.243265
20250902,0,5265.670335,5286.524475,5234.389125,5257.328679
