date,time,open,high,low,close
20190925,0,15575,15760,15280,15575
20190926,0,15565,15935,15550,15705
20190927,0,15715,15800,15580,15725
20190930,0,15735,15790,15635,15700
20191008,0,15630,15800,15545,15675
20191009,0,15630,15695,15630,15675
20191010,0,15685,15895,15600,15765
20191011,0,15800,15800,15705,15745
20191014,0,15775,15830,15735,15765
20191015,0,15735,15820,15165,15440
20191016,0,15405,15585,15405,15490
20191017,0,15465,15510,15115,15180
20191018,0,15175,15245,14790,15020
20191021,0,15180,15200,14680,14850
20191022,0,14850,14980,14770,14895
20191023,0,14940,15150,14840,14975
20191024,0,14975,15130,14940,15005
20191025,0,15060,15080,14815,14960
20191028,0,14960,15065,14855,15005
20191029,0,15065,15225,14965,15025
20191030,0,15020,15065,14965,15065
20191031,0,15115,15115,14925,14985
20191101,0,14990,15000,14850,15000
20191104,0,14955,15005,14950,14975
20191105,0,14960,15000,14875,14910
20191106,0,14910,14975,14865,14930
20191107,0,14955,14965,14850,14920
20191108,0,14940,14940,14775,14780
20191111,0,14765,14780,14200,14210
20191112,0,14205,14425,14170,14385
20191113,0,14345,14480,14250,14360
20191114,0,14350,14430,14270,14370
20191115,0,14365,14440,14200,14375
20191118,0,14375,14405,14115,14300
20191119,0,14205,14505,14205,14380
20191120,0,14380,14485,14335,14415
20191121,0,14400,14405,14260,14375
20191122,0,14420,14580,14315,14530
20191125,0,14540,14595,14455,14525
20191126,0,14555,14565,14355,14370
20191127,0,14360,14380,14185,14220
20191128,0,14220,14260,14095,14110
20191129,0,14080,14135,14000,14005
20191202,0,13975,14075,13905,13930
20191203,0,13930,14075,13925,14020
20191204,0,14015,14095,13835,13850
20191205,0,13870,13980,13765,13880
20191206,0,13875,14015,13850,13950
20191209,0,13970,14130,13785,13935
20191210,0,13920,14030,13860,13985
20191211,0,13985,14280,13940,14200
20191212,0,14275,14395,14200,14235
20191213,0,14265,14295,14115,14275
20191216,0,14350,14375,14190,14255
20191217,0,14220,14325,14220,14300
20191218,0,14300,14345,14230,14295
20191219,0,14290,14395,14255,14395
20191220,0,14410,14430,14310,14340
20191223,0,14340,14470,14330,14440
20191224,0,14440,14480,14235,14310
20191225,0,14330,14330,14240,14240
20191226,0,14240,14290,14240,14270
20191227,0,14260,14320,14070,14240
20191230,0,14220,14355,14220,14345
20191231,0,14360.195975,15054.14548,14360.195975,14598.266243
20200102,0,14578.004944,14588.135593,13975.231285,13985.361935
20200103,0,13985.361935,14117.060381,13924.578037,13929.643362
20200106,0,13929.643362,14157.58298,13909.382062,14076.537782
20200107,0,14111.995056,14147.452331,14030.949859,14111.995056
20200108,0,14152.517655,14284.216102,14086.668432,14147.452331
20200109,0,14106.929732,14248.758828,14106.929732,14132.256356
20200110,0,14182.909605,14284.216102,14106.929732,14248.758828
20200113,0,14299.412076,14324.738701,14182.909605,14213.301554
20200114,0,14162.648305,14213.301554,14010.688559,14020.819209
20200115,0,14056.276483,14076.537782,13995.492585,14010.688559
20200116,0,14025.884534,14132.256356,14025.884534,14117.060381
20200117,0,14132.256356,14193.040254,13970.16596,14020.819209
20200120,0,13990.42726,14051.211158,13990.42726,14041.080508
20200121,0,14000.55791,14122.125706,13975.231285,14046.145833
20200122,0,14056.276483,14096.799082,13939.774011,14030.949859
20200123,0,14000.55791,14030.949859,13858.728814,13884.055438
20200203,0,13661.181144,13661.181144,13088.799435,13200.236582
20200204,0,13261.02048,13468.698799,13190.105932,13418.045551
20200205,0,13357.261653,13504.156073,13331.935028,13407.914901
20200206,0,13433.241525,13534.548023,13402.849576,13438.30685
20200207,0,13433.241525,13473.764124,13357.261653,13443.372175
20200210,0,13382.588277,13499.090749,13357.261653,13463.633475
20200211,0,13433.241525,13600.397246,13433.241525,13570.005297
20200212,0,13600.397246,13737.161017,13564.939972,13676.377119
20200213,0,13737.161017,13828.336864,13640.919845,13640.919845
20200214,0,13625.72387,13757.422316,13453.502825,13468.698799
20200217,0,13524.417373,13539.613347,13473.764124,13519.352048
20200218,0,13488.960099,13514.286723,13387.653602,13423.110876
20200219,0,13392.718927,13448.4375,13347.131003,13347.131003
20200220,0,13331.935028,13423.110876,13326.869703,13423.110876
20200221,0,13423.110876,13499.090749,13367.392302,13372.457627
20200224,0,13347.131003,13392.718927,13210.367232,13255.955155
20200225,0,13240.759181,13240.759181,13129.322034,13149.583333
20200226,0,13129.322034,13154.648658,12815.271893,12825.402542
20200227,0,12825.402542,12967.231638,12810.206568,12855.794492
20200228,0,12845.663842,12845.663842,12551.875,12632.920198
20200302,0,12663.312147,12901.382415,12648.116172,12815.271893
20200303,0,12845.663842,13017.884887,12805.141243,12840.598517
20200304,0,12865.925141,12891.251766,12713.965395,12744.357345
20200305,0,12734.226695,12876.055791,12673.442797,12810.206568
20200306,0,12815.271893,12830.467867,12713.965395,12759.553319
20200309,0,12562.00565,12612.658898,12268.216808,12359.392655
20200310,0,12389.784605,12688.638771,12389.784605,12607.593573
20200311,0,12622.789548,12632.920198,12491.091102,12531.613701
20200312,0,12501.221751,12506.287076,12308.739407,12420.176554
20200313,0,12207.43291,12455.633828,12146.649011,12339.131356
20200316,0,12354.327331,12562.00565,12329.000706,12374.58863
20200317,0,12374.58863,12379.653955,12258.086158,12359.392655
20200318,0,12349.262006,12435.372528,12177.04096,12202.367585
20200319,0,12293.543432,12293.543432,11852.860169,12101.061088
20200320,0,12106.126412,12202.367585,12060.538489,12141.583686
20200323,0,12020.01589,12055.473164,11832.59887,11954.166667
20200324,0,11954.166667,12035.211864,11883.252119,11954.166667
20200325,0,12055.473164,12136.518362,12009.88524,12136.518362
20200326,0,12156.779661,12197.30226,12075.734463,12106.126412
20200327,0,12156.779661,12237.824859,12065.603814,12227.694209
20200330,0,12187.17161,12192.236935,11974.427966,12035.211864
20200331,0,12045.342514,12202.367585,12045.342514,12136.518362
20200401,0,12151.714336,12217.563559,12085.865113,12141.583686
20200402,0,12090.930438,12151.714336,11979.493291,12111.191737
20200403,0,12187.17161,12192.236935,12065.603814,12070.669138
20200407,0,12141.583686,12349.262006,12106.126412,12207.43291
20200408,0,12187.17161,12404.980579,12136.518362,12364.45798
20200409,0,12404.980579,12480.960452,12318.870056,12455.633828
20200410,0,12567.070975,12632.920198,12430.307203,12617.724223
20200413,0,12556.940325,12860.859816,12541.74435,12673.442797
20200414,0,12800.075918,13007.754237,12713.965395,12972.296963
20200415,0,12987.492938,13397.784251,12962.166314,13028.015537
20200416,0,13012.819562,13012.819562,12835.533192,12860.859816
20200417,0,12946.970339,13129.322034,12926.70904,13114.126059
20200420,0,13109.060734,13564.939972,13063.472811,13494.025424
20200421,0,13473.764124,13696.638418,12906.44774,13200.236582
20200422,0,13185.040607,13230.628531,13007.754237,13119.191384
20200423,0,13164.779308,13342.065678,13043.211511,13205.301907
20200424,0,13129.322034,13352.196328,12997.623588,13109.060734
20200427,0,13149.583333,13210.367232,13007.754237,13083.73411
20200428,0,13099.042691,13155.174156,12879.619693,13109.248412
20200429,0,13129.659854,13226.614202,13002.088343,13022.499785
20200430,0,13144.968435,13144.968435,13032.705506,13124.556994
20200506,0,13104.145552,13517.477246,13063.322668,13486.860083
20200507,0,13471.551502,13742.003104,13195.997039,13384.802875
20200508,0,13512.374385,13517.477246,13349.082852,13461.345781
20200511,0,13573.60871,14012.454706,13471.551502,13956.323242
20200512,0,13951.220381,14002.248985,13696.07736,13711.385942
20200513,0,13742.003104,13828.751731,13594.020152,13782.825987
20200514,0,13777.723127,13828.751731,13578.711571,13696.07736
20200515,0,13665.460198,13701.180221,13532.785827,13614.431594
20200518,0,13583.814431,13787.928848,13548.094408,13701.180221
20200519,0,13742.003104,13879.780335,13655.254477,13731.797383
20200520,0,13762.414546,13803.237429,13614.431594,13655.254477
20200521,0,13655.254477,13915.500358,13502.168664,13915.500358
20200522,0,13879.780335,13930.808939,13359.288573,13389.905735
20200525,0,13507.271525,13594.020152,13379.700014,13527.682966
20200526,0,13568.50585,13624.637314,13420.522898,13522.580106
20200527,0,13532.785827,13558.300129,13277.642806,13410.317177
20200528,0,13534.10472,13534.10472,13332.949962,13389.68592
20200529,0,13286.529634,13446.421877,13286.529634,13363.896848
20200601,0,13400.001548,13544.420349,13369.054662,13508.315649
20200602,0,13430.948434,13513.473463,13389.68592,13456.737506
20200603,0,13513.473463,13580.525049,13379.370291,13441.264063
20200604,0,13430.948434,13430.948434,13229.793676,13245.267119
20200605,0,13245.267119,13384.528105,13234.951491,13358.739034
20200608,0,13363.896848,13487.684391,13317.47652,13400.001548
20200609,0,13358.739034,13467.053134,13317.47652,13353.58122
20200610,0,13389.68592,13389.68592,13250.424934,13317.47652
20200611,0,13307.160891,13358.739034,13162.742091,13224.635862
20200612,0,13162.742091,13234.951491,13064.743619,13167.899905
20200615,0,13142.110833,13276.214005,12966.745147,12982.21859
20200616,0,13069.901433,13183.373348,12992.534219,13147.268648
20200617,0,13121.479576,13209.162419,13085.374876,13121.479576
20200618,0,13116.321762,13204.004605,13059.585805,13147.268648
20200619,0,13147.268648,13709.470406,13142.110833,13668.207892
20200622,0,13668.207892,13802.311064,13487.684391,13621.787563
20200623,0,13699.154778,13730.101663,13544.420349,13606.31412
20200624,0,13657.892263,13688.839149,13410.317177,13565.051606
20200629,0,13595.998492,13652.734449,13446.421877,13575.367234
20200630,0,13585.682863,13606.31412,13441.264063,13518.631277
20200701,0,13518.631277,13586.564098,13502.954472,13570.887293
20200702,0,13555.210488,13921.002599,13534.308082,13806.039364
20200703,0,13769.460153,14077.770646,13764.234551,13983.709817
20200706,0,13983.709817,14035.965833,13837.392973,13926.2282
20200707,0,13952.356208,14140.477865,13921.002599,14020.289028
20200708,0,14056.868239,14297.245912,13988.935419,14130.026662
20200709,0,14067.319443,14187.508279,14062.093841,14156.154669
20200710,0,14156.154669,14244.989896,13894.874591,14009.837825
20200713,0,14030.740232,14318.148318,14015.063427,14281.569107
20200714,0,14260.666701,14412.209147,14150.929068,14203.185084
20200715,0,14192.73388,14271.117904,14161.380271,14166.605873
20200716,0,14166.605873,14224.08749,13941.905005,14009.837825
20200717,0,14088.221849,14098.673052,14004.612224,14056.868239
20200720,0,14009.837825,14046.417036,13910.551395,14025.51463
20200721,0,14077.770646,14192.73388,13988.935419,14114.349857
20200722,0,14114.349857,14312.922717,14114.349857,14192.73388
20200723,0,14114.349857,14156.154669,13957.58181,14077.770646
20200724,0,14119.575458,14359.953131,14119.575458,14307.697115
20200727,0,14318.148318,14595.105202,14255.441099,14339.050725
20200728,0,14339.050725,14474.916366,14292.02031,14406.983545
20200729,0,14328.599521,14459.239561,14213.636287,14380.855537
20200730,0,14354.727529,14589.8796,14297.245912,14532.397983
20200731,0,14521.886303,14711.096548,14290.629337,14711.096548
20200803,0,14716.352388,14763.654949,14479.839582,14605.979745
20200804,0,14653.282306,14916.074313,14569.188864,14879.283432
20200805,0,14879.283432,15241.936402,14805.70167,15199.88968
20200806,0,15241.936402,15552.03097,15136.819599,15168.35464
20200807,0,15173.61048,15310.262323,15005.423595,15121.052078
20200810,0,15168.35464,15168.35464,14831.980871,14900.306793
20200811,0,14931.841833,15010.679436,14663.793986,14690.073187
20200812,0,14695.329027,14805.70167,14632.258946,14779.422469
20200813,0,14853.004231,15010.679436,14779.422469,14858.260071
20200814,0,14853.004231,15163.0988,14632.258946,15115.796238
20200817,0,15115.796238,15688.682813,15094.772878,15667.659453
20200818,0,15693.938654,15904.172259,15557.28681,15783.287936
20200819,0,15862.125538,15877.893058,15436.402487,15509.984249
20200820,0,15578.31017,15678.171133,15410.123286,15651.891932
20200821,0,15651.891932,15709.706174,15431.146647,15457.425847
20200824,0,15446.914167,15856.869698,15378.588245,15735.985375
20200825,0,15762.255801,15872.591592,15688.698607,15714.969034
20200826,0,15657.174096,15982.927382,15657.174096,15967.165126
20200827,0,16024.960064,16024.960064,15830.558909,15877.845677
20200828,0,15888.353847,15982.927382,15793.780313,15967.165126
20200831,0,16024.960064,16208.853049,15951.402871,16098.517258
20200901,0,16077.500917,16130.04177,15862.083421,16051.230491
20200902,0,16003.943723,16140.54994,15972.419212,16009.197808
20200903,0,16056.484576,16256.139816,15662.428181,15693.952692
20200904,0,15657.174096,15725.477204,15520.567879,15525.821964
20200907,0,15562.600561,15709.714948,15441.7566,15557.346476
20200908,0,15557.346476,15646.665925,15478.535197,15636.157755
20200909,0,15478.535197,15531.076049,14706.184662,14911.093988
20200910,0,14921.602158,15168.544166,14763.9796,14842.790879
20200911,0,14869.061306,15031.937949,14811.266368,14937.364414
20200914,0,14937.364414,15257.863615,14916.348073,15184.306422
20200915,0,15194.814592,15236.847274,15121.257398,15131.765569
20200916,0,15152.78191,15179.052336,14658.897895,14827.028623
20200917,0,14827.028623,14869.061306,14627.373383,14716.692833
20200918,0,14637.881554,14911.093988,14564.32436,14842.790879
20200921,0,14763.9796,14863.80722,14611.611127,14711.438748
20200922,0,14711.438748,14837.536794,14506.529422,14632.627469
20200923,0,14658.897895,14784.995941,14548.562104,14711.438748
20200924,0,14648.389724,15073.970631,14637.881554,14984.651181
20200925,0,14963.63484,15179.052336,14900.585817,15058.208375
20200928,0,14973.848664,15184.747941,14958.031219,14994.938592
20200929,0,15079.298303,15089.843267,14836.764134,14936.941291
20200930,0,14921.123845,15021.301002,14694.407122,14831.491652
20201009,0,15021.301002,15332.377435,14931.668809,15332.377435
20201012,0,15342.922399,15527.459266,15184.747941,15306.015026
20201013,0,15306.015026,15306.015026,15031.845966,15158.385532
20201014,0,15184.747941,15216.382833,14942.213773,15163.658014
20201015,0,15190.020423,15364.012327,15047.663411,15121.478158
20201016,0,15132.023122,15269.107652,15000.211074,15248.017724
20201019,0,15274.380134,15590.72905,15242.745243,15284.925098
20201020,0,15306.015026,15348.194881,15174.202978,15295.470062
20201021,0,15379.829773,15511.641821,15300.742544,15495.824375
20201022,0,15464.189483,15601.274013,15253.290206,15306.015026
20201023,0,15321.832471,15474.734447,15253.290206,15327.104953
20201026,0,15268.726091,15321.797784,15072.360827,15109.511012
20201027,0,15120.12535,15178.504213,15061.746488,15167.889874
20201028,0,15167.889874,15841.900376,14976.831779,15682.685297
20201029,0,15592.463419,15597.770588,15189.118551,15226.268737
20201030,0,15146.661197,15284.647599,14982.138948,14982.138948
20201102,0,14976.831779,15072.360827,14653.094452,14653.094452
20201103,0,14653.094452,14780.466515,14594.715589,14716.780483
20201104,0,14727.394822,14902.531409,14541.643896,14706.166145
20201105,0,14753.930668,14807.002361,14562.872573,14679.630298
20201106,0,14748.623499,14860.074054,14605.329928,14706.166145
20201109,0,14727.394822,14934.374425,14393.043156,14838.845377
20201110,0,14870.688393,14918.452917,14594.715589,14631.865774
20201111,0,14605.329928,14642.480113,14456.729187,14515.10805
20201112,0,14499.186542,14515.10805,14286.899769,14318.742785
20201113,0,14339.971463,14467.343526,14308.128447,14382.428817
20201116,0,14393.043156,14541.643896,14074.612997,14122.377521
20201117,0,14095.841675,14127.68469,13745.5685,13793.333024
20201118,0,13825.17604,13915.397918,13750.87567,13841.097548
20201119,0,13830.483209,14021.541304,13650.039453,13952.548103
20201120,0,14000.312627,14079.920167,13926.012257,13979.08395
20201123,0,13957.855273,14260.363923,13957.855273,14186.063553
20201124,0,14175.405353,14276.658249,14047.506959,14250.01275
20201125,0,14175.405353,14313.961947,13967.570463,14090.139757
20201126,0,14026.19056,14138.101655,14015.53236,14052.836059
20201127,0,14068.823358,14303.303747,14047.506959,14250.01275
20201130,0,14260.670949,14351.265645,14138.101655,14191.392652
20201201,0,14223.367251,14234.025451,13887.633966,14138.101655
20201202,0,14175.405353,14292.645548,14127.443455,14255.34185
20201203,0,14202.050852,14393.898443,14138.101655,14207.379952
20201204,0,14260.670949,14260.670949,14095.468857,14196.721752
20201207,0,14228.696351,14425.873042,14196.721752,14393.898443
20201208,0,14377.911144,14511.138638,14281.987348,14345.936545
20201209,0,14313.961947,14479.164039,14292.645548,14415.214842
20201210,0,14415.214842,14596.404234,14303.303747,14345.936545
20201211,0,14372.582044,15097.339611,14372.582044,14846.871923
20201214,0,14836.213723,15310.503601,14724.302628,15065.365013
20201215,0,15123.98511,15257.212604,14873.517421,14980.099416
20201216,0,15001.415815,15123.98511,14607.062433,14692.32803
20201217,0,14692.32803,14820.226424,14676.34073,14798.910025
20201218,0,14836.213723,14916.150219,14671.011631,14884.175621
20201221,0,14878.846521,15022.732215,14633.707932,14916.150219
20201222,0,14809.568224,14878.846521,14132.772555,14175.405353
20201223,0,14196.721752,14292.645548,13951.583163,14180.734453
20201224,0,14239.35455,14356.594745,14154.088954,14266.000049
20201225,0,14239.463591,14568.515675,14239.463591,14541.979217
20201228,0,14557.901092,14648.12505,14372.145883,14483.599008
20201229,0,14446.447966,14531.364633,14117.395882,14138.625049
20201230,0,14154.546924,14266.000049,14096.166715,14207.619841
20201231,0,14175.77609,14303.151091,14133.317757,14266.000049
20210104,0,14271.307341,14595.052134,14244.770882,14579.130258
20210105,0,14579.130258,14860.416718,14472.984425,14817.958384
20210106,0,14817.958384,15035.557343,14748.963592,14892.260468
20210107,0,14913.489635,15629.974012,14908.182343,15629.974012
20210108,0,15709.583387,15969.64068,15099.244844,15332.765678
20210111,0,15391.145886,15444.218803,14786.114634,14786.114634
20210112,0,14579.130258,14817.958384,14414.604216,14759.578176
20210113,0,14754.270884,14950.640676,14605.666717,14764.885467
20210114,0,14754.270884,14881.645884,14541.979217,14791.421926
20210115,0,14833.880259,15099.244844,14727.734426,14828.572968
20210118,0,14828.572968,15269.078177,14791.421926,15216.005261
20210119,0,15200.083386,15332.765678,15056.78651,15178.854219
20210120,0,15231.927136,15391.145886,15072.708385,15290.307344
20210121,0,15338.072969,15476.062553,15210.697969,15285.000053
20210122,0,15300.921928,15322.151094,14897.56776,14950.640676
20210125,0,14955.947968,15316.843803,14839.187551,15247.849011
20210126,0,15247.849011,15587.043427,15173.650232,15369.747004
20210127,0,15433.345957,15528.744387,15163.050407,15274.348575
20210128,0,15163.050407,15242.549098,15041.152413,15120.651105
20210129,0,15110.051279,15290.248313,15110.051279,15189.54997
20210201,0,15210.749621,15433.345957,15205.449709,15353.847266
20210202,0,15390.946655,15390.946655,14998.753111,15104.751366
20210203,0,15104.751366,15115.351192,14945.753983,15078.251802
20210204,0,15115.351192,15390.946655,15041.152413,15141.850756
20210205,0,15125.951017,15295.548226,15083.551715,15242.549098
20210208,0,15306.148051,15353.847266,15072.95189,15327.347702
20210209,0,15369.747004,15369.747004,15163.050407,15327.347702
20210210,0,15322.047789,15565.843776,15242.549098,15359.147179
20210218,0,15602.943166,15836.139327,15433.345957,15751.340723
20210219,0,15846.739153,16254.832435,15814.939676,16249.532522
20210222,0,16313.131476,16620.526416,16085.235227,16196.533395
20210223,0,16196.533395,16525.127986,16037.536012,16249.532522
20210224,0,16217.733046,16244.23261,16016.336361,16106.434878
20210225,0,16117.034703,16556.927462,16117.034703,16429.729556
20210226,0,16392.689908,16456.186448,15773.59865,15937.631376
20210301,0,15874.134837,16255.114073,15863.55208,15985.253781
20210302,0,15979.962403,16128.120994,15636.022814,15768.307271
20210303,0,15874.134837,15953.505511,15440.241818,15540.778005
20210304,0,15239.169443,15249.7522,14805.276425,14805.276425
20210305,0,14540.707511,15133.341878,14471.919593,15064.55396
20210308,0,15091.010852,15434.95044,14900.521234,14995.766043
20210309,0,14937.560882,15091.010852,14757.65402,14757.65402
20210310,0,14826.441938,14926.978125,14545.998889,14657.117833
20210311,0,14667.700589,14932.269503,14667.700589,14889.938477
20210312,0,14974.60053,15001.057421,14741.779885,14762.945398
20210315,0,14773.528155,14964.017773,14583.038537,14863.481586
20210316,0,14900.521234,14942.85226,14725.90575,14747.071264
20210317,0,14778.819533,14868.772964,14604.20405,14768.236777
20210318,0,14773.528155,14905.812612,14720.614372,14847.607451
20210319,0,14847.607451,14937.560882,14699.448859,14778.819533
20210322,0,14789.40229,15112.176365,14667.700589,15016.931556
20210323,0,15059.262582,15159.798769,14979.891908,15133.341878
20210324,0,15133.341878,15170.381526,14942.85226,15064.55396
20210325,0,15117.467743,15292.083226,15096.30223,15112.176365
20210326,0,15133.491141,15319.995433,15042.903342,15319.995433
20210329,0,15304.009351,15367.95368,15250.72241,15341.31021
20210330,0,15341.31021,15559.786666,15341.31021,15554.457972
20210331,0,15581.101442,15581.101442,15202.764164,15293.351963
20210401,0,15293.351963,15362.624986,15165.463305,15186.778082
20210402,0,15186.778082,15250.72241,15037.574648,15213.421552
20210406,0,15261.379799,15410.583232,15208.092858,15250.72241
20210407,0,15261.379799,15442.555397,15256.051105,15421.24062
20210408,0,15421.24062,15506.499726,15250.72241,15426.569315
20210409,0,15426.569315,15671.689241,15346.638904,15346.638904
20210412,0,15346.638904,15527.814502,14973.630319,14984.287707
20210413,0,14984.287707,15053.56073,14787.126027,14883.04252
20210414,0,14883.04252,14968.301625,14712.52431,14755.153863
20210415,0,14803.112109,14845.741662,14669.894757,14755.153863
20210416,0,14723.181698,14899.028602,14707.195616,14840.412968
20210419,0,14845.741662,14941.658155,14675.223452,14867.056438
20210420,0,14867.056438,14978.959013,14771.139945,14872.385132
20210421,0,14872.385132,14877.713826,14717.853004,14829.755579
20210422,0,14829.755579,14877.713826,14739.16778,14749.825168
20210423,0,14765.811251,14946.986849,14760.482557,14925.672073
20210426,0,14931.000767,15165.463305,14893.699908,15122.833753
20210427,0,15122.833753,15485.184949,15085.532894,15474.527561
20210428,0,15474.527561,15629.059689,15304.009351,15623.730995
20210429,0,15602.416219,15602.416219,15314.666739,15463.870173
20210430,0,15463.870173,15591.758831,15367.95368,15447.884091
20210506,0,15490.899431,16130.752618,15490.899431,16125.375701
20210507,0,16206.029464,16216.783299,15937.183587,16023.214268
20210510,0,16033.968103,16732.967383,15824.268319,16447.990753
20210511,0,16453.367671,16577.036774,16200.652546,16555.529104
20210512,0,16620.052114,17087.84394,16539.398351,16754.475053
20210513,0,16722.213548,16969.551754,16270.552474,16410.35233
20210514,0,16399.598495,16458.744588,15964.068175,16249.044804
20210517,0,16292.060144,16652.31362,16265.175557,16437.236918
20210518,0,16437.236918,16883.521074,16265.175557,16824.374981
20210519,0,16824.374981,16921.159497,16582.413692,16738.3443
20210520,0,16560.906021,16560.906021,15947.937422,16270.552474
20210521,0,16270.552474,16491.006093,16130.752618,16308.190897
20210524,0,16453.367671,16464.121506,15958.691257,16130.752618
20210525,0,16216.783299,16308.190897,15990.952762,16044.721938
20210526,0,16044.721938,16168.391041,15894.168247,16001.706597
20210527,0,15980.198927,16281.306309,15942.560504,16227.537134
20210528,0,16265.175557,16700.705877,16232.914052,16663.067455
20210531,0,16598.544444,17034.074765,16560.906021,16937.290249
20210601,0,16937.290249,17469.605086,16824.374981,17383.574405
20210602,0,17367.443652,17453.474333,17098.597775,17340.559065
20210603,0,17324.428312,17561.012684,17152.366951,17302.920642
20210604,0,17152.366951,17195.382291,16706.082795,16706.082795
20210607,0,16775.982723,17055.582435,16630.805949,16700.705877
20210608,0,16651.762096,16771.402451,16597.380117,16640.8857
20210609,0,16640.8857,17086.817931,16640.8857,17054.188744
20210610,0,17075.941535,17211.896484,16988.930368,17075.941535
20210611,0,17075.941535,17831.851049,17054.188744,17831.851049
20210615,0,17831.851049,17853.603841,17293.469453,17598.008538
20210616,0,17549.064756,17668.705111,17184.705494,17233.649276
20210617,0,17233.649276,17402.233412,17075.941535,17288.031255
20210618,0,17162.952702,17510.997371,17162.952702,17304.345849
20210621,0,17304.345849,17396.795214,17086.817931,17201.020088
20210622,0,17201.020088,17810.098258,17184.705494,17652.390517
20210623,0,17695.896101,17989.55879,17636.075923,17799.221862
20210624,0,17940.615008,18092.88455,17750.27808,18071.131759
20210625,0,18163.581124,18408.300031,18071.131759,18217.963103
20210628,0,18217.963103,18430.052823,17962.3678,18103.760946
20210629,0,18000.435185,18174.45752,17886.233029,18005.873383
20210630,0,18109.199144,18315.850666,18065.693561,18304.97427
20210701,0,18304.97427,18478.996604,17951.491404,18000.435185
20210702,0,18092.88455,18163.581124,17739.401684,17761.154476
20210705,0,17782.907268,18217.963103,17782.907268,18125.513738
20210706,0,18147.26653,18457.243813,18038.502571,18359.35625
20210707,0,18326.727062,18375.670843,18011.311581,18299.536072
20210708,0,18299.536072,18788.973887,18299.536072,18636.704345
20210709,0,18636.704345,18897.737846,18544.25498,18881.423252
20210712,0,18908.614242,19028.254596,18653.018938,18821.603075
20210713,0,18821.603075,19001.063607,18609.513355,18924.928835
20210714,0,18870.546856,19539.445203,18816.164877,19457.872234
20210715,0,19534.007005,19838.54609,19316.479087,19740.658527
20210716,0,19740.658527,20855.489105,19729.782131,20382.365884
20210719,0,20382.365884,20714.095958,20143.085174,20344.298498
20210720,0,20251.849133,20251.849133,19691.714745,20110.455987
20210721,0,20110.455987,20404.118675,19871.175277,19985.377434
20210722,0,19985.377434,20382.365884,19898.366267,20202.905352
20210723,0,20398.680478,21100.208012,20355.174894,21013.196845
20210726,0,21029.617681,21522.24277,20936.566276,21275.930226
20210727,0,21325.192734,21752.134478,20717.621792,20848.988482
20210728,0,21018.670457,21390.87608,20547.939817,20931.092663
20210729,0,21056.985742,21637.188624,20942.039888,21626.2414
20210730,0,21730.24003,21965.60535,21566.031667,21888.974781
20210802,0,21992.97341,22091.498428,21035.091293,21226.667717
20210803,0,21215.720493,21347.087183,20339.942557,20487.730083
20210804,0,20416.573126,20925.619051,20274.259212,20690.253731
20210805,0,20690.253731,21024.144069,20339.942557,20564.360653
20210806,0,20586.255101,20865.409318,20526.045368,20816.146809
20210809,0,20799.725973,20854.462094,19759.739674,19880.159141
20210810,0,19759.739674,20175.734194,19732.371614,20148.366133
20210811,0,20115.524461,20241.417539,19759.739674,19945.842486
20210812,0,20044.367504,20630.043998,20006.052219,20290.680048
20210813,0,20290.680048,20290.680048,19847.317468,19967.736934
20210816,0,19967.736934,20214.049479,19726.898002,19819.949407
20210817,0,19819.949407,20252.364763,19644.79382,20120.998073
20210818,0,19945.842486,20175.734194,19726.898002,19836.370244
20210819,0,19836.370244,19847.317468,19185.010404,19294.482646
20210820,0,19152.168732,19420.375724,19026.275653,19310.903482
20210823,0,19310.903482,19644.79382,19157.642344,19398.481276
20210824,0,19453.217397,19557.216027,19338.271543,19447.743785
20210825,0,19447.743785,19746.769458,19447.743785,19630.481696
20210826,0,19791.069558,19791.069558,19381.293635,19453.281297
20210827,0,19453.281297,19558.494034,19170.868161,19431.131247
20210830,0,19442.206272,20117.782793,19298.230948,20073.482694
20210831,0,20245.14558,20488.796129,20012.570056,20438.958516
20210901,0,20444.496029,20472.183591,19364.681098,19447.743785
20210902,0,19580.644084,19879.669757,19348.06856,19719.081896
20210903,0,19713.544383,20776.746777,19636.019209,20726.909165
20210906,0,20821.046877,21690.436334,20821.046877,21690.436334
20210907,0,21790.111558,21945.161908,21247.435337,21524.31096
20210908,0,21524.31096,21551.998522,21092.384988,21446.785785
20210909,0,21485.548373,22028.224595,21225.285287,21557.536035
20210910,0,21596.298622,22155.587381,21391.410661,21635.061209
20210913,0,21718.123896,21839.949171,20998.247276,21241.897824
20210914,0,21241.897824,21252.972849,20776.746777,21053.6224
20210915,0,21313.885486,21989.462007,21014.859813,21945.161908
20210916,0,22089.137232,22903.151564,22089.137232,22903.151564
20210917,0,23146.802113,24254.304606,22759.17624,24171.241919
20210922,0,24165.704407,24420.42998,23545.503011,24326.292268
20210923,0,24326.292268,24835.743415,23750.390972,24215.542019
20210924,0,24254.304606,24420.42998,22692.726091,23196.639725
20210927,0,22869.92649,23390.452661,22371.550367,22609.663404
20210928,0,22695.3277,23083.672513,22615.374357,22889.500106
20210929,0,23083.672513,23791.830699,22164.20906,22489.733388
20210930,0,22444.045763,22866.656294,22038.568092,22558.264825
20211008,0,23517.70495,23957.44834,22929.476778,23460.595419
20211011,0,23472.017325,23951.737387,22638.218169,22923.765825
20211012,0,23100.805372,23197.891575,22518.288154,22900.922013
20211013,0,22912.343919,23392.063981,22272.717169,22992.297263
20211014,0,22992.297263,23300.688731,22552.553872,22992.297263
20211015,0,23077.961559,23774.69784,23060.8287,23734.721168
20211018,0,23963.159293,24357.215058,23203.602528,23620.502106
20211019,0,23643.345918,23957.44834,23072.250606,23300.688731
20211020,0,23397.774934,23586.236387,22746.726278,22929.476778
20211021,0,22929.476778,24305.81648,22786.70295,23380.642075
20211022,0,23209.313481,23432.040653,22672.483888,23140.782044
20211025,0,23239.550132,23454.515971,22600.462503,22896.766767
20211026,0,23053.633731,23692.721359,22774.759129,23553.284059
20211027,0,23576.523609,23774.059785,22809.618454,22809.618454
20211028,0,22670.181154,23007.154631,21351.336684,22420.35599
20211029,0,22420.35599,22658.561379,21967.184762,22170.530826
20211101,0,21903.275999,22286.728576,21618.59151,21914.895774
20211102,0,21996.2342,22170.530826,21089.891745,21705.739823
20211103,0,21699.929936,21943.945212,21200.279608,21572.11241
20211104,0,21566.302522,21572.11241,20996.933544,21066.652195
20211105,0,21066.652195,21496.583872,20979.503882,21113.131295
20211108,0,21147.99062,21670.880498,21084.081857,21165.420283
20211109,0,21223.519158,21403.625671,21206.089495,21299.047696
20211110,0,20921.405006,21287.427921,20665.769955,21188.659833
20211111,0,21229.329045,21362.956459,20799.397368,20921.405006
20211112,0,20867.126354,21162.643461,20577.640208,20619.856937
20211115,0,20698.259435,21078.210002,20481.144826,20656.042706
20211116,0,20806.81674,21409.912877,20794.754817,20993.776543
20211117,0,20987.745581,21222.953075,20806.81674,21096.302886
20211118,0,21102.333847,21126.457693,20444.959058,20450.990019
20211119,0,20414.804251,21072.179041,20245.937332,20855.064431
20211122,0,20698.259435,21060.117118,20698.259435,20903.312122
20211123,0,20903.312122,21271.200766,20879.188277,21210.891152
20211124,0,21235.014998,21928.575556,21235.014998,21886.358826
20211125,0,21952.699401,22073.318629,21542.594028,21627.027487
20211126,0,21602.903641,21681.306139,20867.126354,20921.405006
20211129,0,20631.91886,20927.435968,20577.640208,20710.321358
20211130,0,20710.321358,20734.445204,20318.308869,20390.680405
20211201,0,20463.051942,20716.352319,20294.185023,20571.609246
20211202,0,20577.640208,20722.383281,20185.627719,20288.154062
20211203,0,20312.277907,20420.835212,20095.163298,20336.401753
20211206,0,20288.154062,20565.578285,19902.172534,20065.008491
20211207,0,20119.287143,20444.959058,20028.822723,20095.163298
20211208,0,20113.256182,20149.44195,19395.571779,19401.60274
20211209,0,19401.60274,19467.943315,18822.630448,19136.240439
20211210,0,19057.837942,19341.293126,18985.466405,19069.899864
20211213,0,19069.899864,19498.098122,18671.856414,19492.067161
20211214,0,19299.076397,19480.005238,19118.147555,19329.231203
20211215,0,19419.695624,19709.18177,19419.695624,19522.221967
20211216,0,19455.551852,19613.135761,19267.663345,19534.343807
20211217,0,19649.501279,19801.024268,19255.541506,19388.881737
20211220,0,19388.881737,19613.135761,19273.724265,19376.759898
20211221,0,19419.186335,19637.379439,19346.4553,19510.100128
20211222,0,19540.404726,19752.536911,19413.125415,19697.988635
20211223,0,19819.207027,20164.679443,19776.78059,20152.557604
20211224,0,20219.227719,20485.908181,20104.070247,20461.664502
20211227,0,20473.786341,20788.95416,20134.374845,20267.715076
20211228,0,20267.715076,20558.639216,20188.923121,20491.9691
20211229,0,20491.9691,20516.212779,20158.618523,20473.786341
20211230,0,20473.786341,20861.685195,20473.786341,20855.624275
20211231,0,20855.624275,20891.989793,20570.761055,20758.649562
20220104,0,20813.197838,21225.340369,20522.273698,20885.928873
20220105,0,20885.928873,21122.304737,20704.101286,20764.710481
20220106,0,20764.710481,20885.928873,20413.177146,20491.9691
20220107,0,20491.9691,20582.882894,20219.227719,20498.03002
20220110,0,20437.420824,21122.304737,20170.740362,21092.000139
20220111,0,21092.000139,21722.335775,20928.35531,21528.386348
20220112,0,21607.178303,22128.417387,21510.20359,21995.077156
20220113,0,22122.356467,22443.585205,21213.21853,21395.046118
20220114,0,21395.046118,21722.335775,21116.243817,21692.031177
20220117,0,21661.726579,21722.335775,21152.609334,21188.974852
20220118,0,21145.970264,22061.353637,20961.664887,21938.483385
20220119,0,21889.335285,21889.335285,21453.145892,21772.608546
20220120,0,21877.04826,23345.347764,21809.469621,23062.746186
20220121,0,22853.866758,23093.463748,22399.246828,22730.996507
20220124,0,22657.274356,22982.880522,21668.168832,21797.182596
20220125,0,21594.446682,21754.178008,20789.646535,20986.238937
20220126,0,21109.109189,21447.00238,21059.961088,21213.548902
20220127,0,21330.275641,21545.298581,21072.248113,21164.400802
20220128,0,21367.136716,21723.460445,21090.678651,21428.571842
20220207,0,21748.034496,22264.089552,21428.571842,21963.057436
20220208,0,21963.057436,22356.24224,21809.469621,22245.659014
20220209,0,22245.659014,22583.552205,21864.761235,22374.672778
20220210,0,22399.246828,22712.565969,22282.520089,22589.695718
20220211,0,22687.991919,22860.010271,22300.950627,22485.256004
20220214,0,22669.561381,23283.912638,22300.950627,23087.320236
20220215,0,23087.320236,23265.4821,22694.135431,23093.463748
20220216,0,23277.769126,23781.537156,23099.607261,23707.815005
20220217,0,23707.815005,23812.254719,23001.31106,23001.31106
20220218,0,23007.454572,23320.773714,22903.014859,23185.616437
20220221,0,23315.525174,23507.295214,22802.076357,23210.360958
20220222,0,23210.360958,23439.24778,22919.612833,23241.29161
20220223,0,23241.29161,23278.408392,22350.488844,22573.189535
20220224,0,22653.60923,22987.660267,22486.583711,22727.842793
20220225,0,22950.543485,23030.963179,21818.481636,22084.48524
20220228,0,21985.507155,22177.277195,21614.339336,21670.014509
20220301,0,21651.456118,22065.926849,21595.780945,21719.503551
20220302,0,21725.689682,22016.437807,21645.269987,21768.992594
20220303,0,22016.437807,22894.868312,21806.109376,22876.309921
20220304,0,23080.452222,23358.828086,22876.309921,23228.919349
20220307,0,23395.944868,25592.021131,23216.547089,25437.367873
20220308,0,25981.747341,27373.626663,25548.718219,27373.626663
20220309,0,27218.973405,30664.647993,25387.878831,26068.353166
20220310,0,24781.638059,25356.948179,24373.353458,24373.353458
20220311,0,23507.295214,24348.608937,23018.590918,23798.043339
20220314,0,23921.765945,24763.079668,23631.01782,23921.765945
20220315,0,23859.904642,24843.499363,23760.926557,24509.448325
20220316,0,24509.448325,25969.375081,24292.933764,25660.068565
20220317,0,25350.762049,25363.134309,24249.630852,24503.262195
20220318,0,24125.908246,24855.871623,24125.908246,24787.82419
20220321,0,24787.82419,25158.992009,24348.608937,24472.331543
20220322,0,24317.678285,24862.057754,24163.025027,24509.448325
20220323,0,24620.798671,25480.670785,24577.495759,25257.970094
20220324,0,25981.747341,27645.816397,25926.072168,26823.061065
20220325,0,28001.960348,28523.157926,25234.649399,26171.564092
20220328,0,25687.594913,26059.878897,24651.40449,25129.168936
20220329,0,25129.168936,25352.539327,24787.908618,25153.987869
20220330,0,24943.026944,25724.823311,24676.223422,25724.823311
20220331,0,25718.618578,25830.303773,24893.38908,25048.507407
20220401,0,25209.830466,25408.381925,24856.160681,25166.397335
20220406,0,25563.500251,25848.917973,25079.531072,25848.917973
20220407,0,25848.917973,26010.241033,25203.625733,25271.877797
20220408,0,25271.877797,25414.586658,24732.06602,24849.955948
20220411,0,24775.499151,24775.499151,23726.899263,23987.498051
20220412,0,23751.718195,24409.4199,23714.489796,24266.71104
20220413,0,24266.71104,24818.932283,24086.773781,24576.947693
20220414,0,24589.357159,24725.861287,24310.144171,24607.971359
20220415,0,24651.40449,24812.72755,24384.600968,24614.176092
20220418,0,24645.199757,24707.247088,24099.183247,24204.663709
20220419,0,24204.663709,25749.642244,24204.663709,25147.783136
20220420,0,25147.783136,25209.830466,24645.199757,24682.428155
20220421,0,24620.380825,24912.003279,24502.490896,24775.499151
20220422,0,24794.122679,25265.918704,24738.252097,24868.616788
20220425,0,25005.189321,25005.189321,23627.048301,23720.165938
20220426,0,23720.165938,24148.507066,23242.16207,23869.154156
20220427,0,23862.946314,24309.910969,23738.789465,24272.663914
20220428,0,24272.663914,24440.27566,23987.103162,24148.507066
20220429,0,24061.597272,24179.546278,23589.801247,24036.765902
20220505,0,23937.440423,24322.326654,23782.244362,24210.58549
20220506,0,24210.58549,24210.58549,23279.409125,23279.409125
20220509,0,23279.409125,24160.922751,23279.409125,23987.103162
20220510,0,23242.16207,23627.048301,22969.017003,23391.150289
20220511,0,23391.150289,23831.907102,23142.836591,23658.087513
20220512,0,23713.958095,23900.193368,23304.240495,23422.189501
20220513,0,23378.734604,23651.879671,23093.173852,23378.734604
20220516,0,23341.487549,23900.193368,23118.005222,23807.075732
20220517,0,23558.762035,23763.620835,23155.252276,23298.032652
20220518,0,23322.864022,23378.734604,22751.742518,22795.197415
20220519,0,22795.197415,23149.044434,22689.664094,23099.381694
20220520,0,23130.420907,23794.660047,23093.173852,23701.54241
20220523,0,23701.54241,23782.244362,22906.938579,23012.4719
20220524,0,23012.4719,23167.667961,22795.197415,22894.522894
20220525,0,22913.146421,23242.16207,22882.107209,23086.96601
20220526,0,23186.291489,23384.942446,22894.522894,23006.264058
20220527,0,23120.470554,23329.849129,23057.0225,23221.987439
20220530,0,23298.125102,23723.227058,23171.228996,23659.779005
20220531,0,23704.192642,23786.675111,23120.470554,23209.297828
20220601,0,23241.021854,23405.986793,23095.091332,23260.05627
20220602,0,23202.953023,23596.330952,22968.195226,23469.434846
20220606,0,23577.296536,23602.675757,23120.470554,23475.779651
20220607,0,23640.744589,24008.743297,23348.883545,23425.021208
20220608,0,23425.021208,23977.019271,23405.986793,23957.984855
20220609,0,23951.640049,23977.019271,23539.227704,23640.744589
20220610,0,23501.158872,23881.847191,23412.331598,23818.399138
20220613,0,23793.019917,23793.019917,22695.368598,22834.954315
20220614,0,22758.816651,22885.712757,22416.197164,22650.954961
20220615,0,22650.954961,22669.989376,22308.335474,22384.473137
20220616,0,22384.473137,22727.092624,22365.438722,22530.40366
20220617,0,22460.610801,22587.506907,22181.439368,22289.301058
20220620,0,22289.301058,22815.919899,22251.232226,22650.954961
20220621,0,22650.954961,23323.504324,22562.127686,23006.264058
20220622,0,23006.264058,23272.745881,22606.541323,22784.195872
20220623,0,22841.29912,23412.331598,22701.713403,23241.021854
20220624,0,23241.021854,23355.22835,22213.163394,22213.163394
20220627,0,22199.949139,22464.234247,21929.056902,21981.913924
20220628,0,22114.056478,22299.056054,21829.949986,22213.163394
20220629,0,22213.163394,22226.37765,21790.30722,21962.092541
20220630,0,22133.877861,22437.805737,21962.092541,22285.841799
20220701,0,22094.235095,22160.306372,21578.879133,21638.343282
20220704,0,21724.235943,22067.806584,21526.022111,21592.093388
20220705,0,21737.450198,22226.37765,21684.593176,21962.092541
20220706,0,21862.985625,22054.592329,21631.736155,22014.949562
20220707,0,22014.949562,22180.127755,21684.593176,22067.806584
20220708,0,22199.949139,22530.305525,22114.056478,22358.520204
20220711,0,22338.698821,22437.805737,21962.092541,22041.378073
20220712,0,22166.9135,22252.80616,21935.66403,22008.342435
20220713,0,22041.378073,22351.913076,21968.699668,22266.020416
20220714,0,22153.699245,22431.198609,21777.092965,22041.378073
20220715,0,22001.735307,22001.735307,21043.701788,21208.879981
20220718,0,21367.451046,21737.450198,21222.094236,21605.307644
20220719,0,21671.378921,21803.521475,21347.629663,21526.022111
20220720,0,21684.593176,21757.271581,21400.486685,21677.986049
20220721,0,21671.378921,21730.843071,21248.522747,21321.201152
20220722,0,21212.558089,21382.312875,21049.593494,21158.236557
20220725,0,21253.299237,21565.648044,21137.865983,21368.732492
20220726,0,21436.634407,21436.634407,21131.075791,21307.620769
20220727,0,21307.620769,21327.991343,20968.111197,21049.593494
20220728,0,21049.593494,21457.004981,20750.82507,21429.844215
20220729,0,21409.473641,21518.116704,21212.558089,21429.844215
20220801,0,21321.201152,22360.100444,21321.201152,22095.282977
20220802,0,21959.479148,22244.667189,21796.514553,22156.3947
20220803,0,22000.220297,22149.604509,21864.416468,22034.171254
20220804,0,22000.220297,22251.45738,21925.528191,22088.492786
20220805,0,22040.961446,22203.92604,21823.675319,22108.86336
20220808,0,22000.220297,22285.408338,21334.781535,21416.263832
20220809,0,21416.263832,21545.27747,21083.544451,21158.236557
20220810,0,21198.977706,21266.87962,20893.419091,20913.789665
20220811,0,21022.432728,21321.201152,20995.271962,21253.299237
20220812,0,21321.201152,21538.487278,21144.656174,21300.830578
20220815,0,21334.781535,21409.473641,21049.593494,21226.138472
20220816,0,21124.2856,21273.669812,20988.481771,21151.446366
20220817,0,21212.558089,21524.906895,21117.495408,21131.075791
20220818,0,21151.446366,21212.558089,20533.538944,20621.811433
20220819,0,20737.244687,20832.307368,20513.168369,20723.664304
20220822,0,20642.182007,20886.628899,20615.021241,20798.35641
20220823,0,20777.985836,21042.803302,20676.132964,20947.740622
20220824,0,20989.580317,21101.152837,20857.08795,21031.420012
20220825,0,20982.607035,21407.977267,20947.740622,21254.565052
20220826,0,21289.431465,21575.336047,21149.965815,21554.416199
20220829,0,21589.282612,21672.962002,21226.671922,21394.030702
20220830,0,21394.030702,21498.629939,21142.992532,21184.832227
20220831,0,21198.778792,21847.294064,21156.939097,21770.587957
20220901,0,21617.175742,21707.828414,21310.351312,21456.790244
20220902,0,21456.790244,21910.053607,21317.324595,21819.400934
20220905,0,21784.534522,22147.145212,21679.935284,22091.358952
20220906,0,22091.358952,22907.233004,22091.358952,22837.500179
20220907,0,22802.633766,23025.778806,22426.076512,22760.794071
20220908,0,22760.794071,23325.629954,22760.794071,23018.805524
20220909,0,22900.259721,23792.839881,22900.259721,23716.133774
20220913,0,23981.118509,24643.580346,23876.519271,24378.595611
20220914,0,24211.236831,24308.862786,23527.855146,23799.813164
20220915,0,23737.053621,24190.316983,23681.267361,23834.679576
20220916,0,23681.267361,23688.240644,23353.523084,23492.988734
20220919,0,23611.534536,24176.370418,23437.202474,23506.935299
20220920,0,23541.801711,24085.717746,23541.801711,23751.000186
20220921,0,23778.893316,24232.156678,23778.893316,24113.610876
20220922,0,23981.118509,24204.263548,23667.320796,24022.958204
20220923,0,24129.726907,24158.198561,23595.883391,23695.534181
20220926,0,23489.114688,23667.062526,23275.577282,23439.289293
20220927,0,23346.756417,23745.359575,23339.638504,23624.355045
20220928,0,23517.586342,23766.713316,23239.987714,23439.289293
20220929,0,23460.643034,23745.359575,23446.407207,23588.765477
20220930,0,23716.887921,24001.604463,23546.057996,23845.010365
20221010,0,23916.1895,24058.547771,23161.690665,23446.407207
20221011,0,23403.699725,23624.355045,23140.336924,23247.105627
20221012,0,23268.459368,23432.17138,23083.393616,23289.813109
20221013,0,23204.398146,23510.468429,23147.454838,23318.284763
20221014,0,23289.813109,24677.806249,23204.398146,24450.033016
20221017,0,24158.198561,24613.745027,24158.198561,24485.622584
20221018,0,24485.622584,24563.919633,24293.438918,24457.15093
20221019,0,24457.15093,24891.343656,24428.679275,24770.339125
20221020,0,24763.221212,25325.536382,24763.221212,25204.531851
20221021,0,25240.121419,25453.658825,24798.81078,24877.107829
20221024,0,24760.587417,25452.42736,24760.587417,25044.60592
20221025,0,25051.888446,25547.100194,24993.62824,25481.557463
20221026,0,25481.557463,25481.557463,24979.063188,25190.256434
20221027,0,25270.364217,25416.014731,24920.802983,25008.193291
20221028,0,25110.148651,25110.148651,24236.245566,24469.286389
20221031,0,24614.936903,24614.936903,24025.05232,24112.442629
20221101,0,24112.442629,24440.156286,23901.249383,24360.048503
20221102,0,24396.461132,24702.327211,24141.572732,24265.375669
20221103,0,24330.9184,24389.178606,24061.464949,24170.702835
20221104,0,24105.160103,24520.264069,23966.792115,24411.026183
20221107,0,24542.111646,24680.479634,23915.814435,23981.357166
20221108,0,23886.684332,24141.572732,23690.056138,24017.769795
20221109,0,24083.312526,24185.267886,23813.859075,23966.792115
20221110,0,24032.334846,24236.245566,23857.554229,24148.855257
20221111,0,24083.312526,25182.973908,24061.464949,24840.6952
20221114,0,24789.71752,24964.498137,23959.509589,24054.182423
20221115,0,24396.461132,24600.371852,24046.899897,24571.241749
20221116,0,24498.416492,24928.085509,24498.416492,24840.6952
20221117,0,24614.936903,24738.73984,23784.728972,24148.855257
20221118,0,24192.550412,24192.550412,23770.16392,24039.617372
20221121,0,24032.334846,24301.788297,23799.294023,24294.505772
20221122,0,24207.115463,24753.304891,24156.137783,24527.546594
20221123,0,24623.675056,24682.831032,24327.895175,24505.363103
20221124,0,24505.363103,24904.665942,24453.601624,24608.886062
20221125,0,24690.225529,24823.326475,24475.785115,24786.35399
20221128,0,24741.987008,24867.693457,24253.950205,24631.069553
20221129,0,24786.35399,24993.399906,24424.023636,24904.665942
20221130,0,24845.509966,25000.794403,24675.436535,24793.748487
20221201,0,24845.509966,25045.161385,24749.381505,24926.849433
20221202,0,24993.399906,25030.372391,24801.142984,24986.005409
20221205,0,25022.977894,25629.326649,24638.46405,25459.253218
20221206,0,25311.363278,25592.354164,25230.023811,25481.436709
20221207,0,25518.409194,25762.427596,25303.968781,25466.647715
20221208,0,25466.647715,25636.721146,25355.73026,25533.198188
20221209,0,25584.959667,25954.684518,25437.069727,25828.978069
20221212,0,25710.666117,26272.64789,25658.904637,25954.684518
20221213,0,25991.657003,26095.179961,25732.849608,25873.345051
20221214,0,25888.134045,26161.730434,25777.21659,26050.812979
20221215,0,25954.684518,26265.253393,25828.978069,26006.445997
20221216,0,26028.629488,26376.170848,25296.574284,25474.042212
20221219,0,25511.014697,25511.014697,24579.308073,24608.886062
20221220,0,24764.170499,24764.170499,24143.03275,24216.97772
20221221,0,24320.154131,24408.591055,23973.776179,24253.826438
20221222,0,24334.893619,24386.481824,24025.364384,24084.322334
20221223,0,24172.759258,24239.086951,23892.708998,24040.103872
20221226,0,24172.759258,24438.07003,24032.734128,24379.112081
20221227,0,24246.456695,24799.18747,24239.086951,24666.532084
20221228,0,24614.943878,24725.490033,24489.658236,24637.053109
20221229,0,24688.641315,24902.363882,24644.422853,24762.338752
20221230,0,24703.380802,24813.926958,24563.355673,24791.817727
20230103,0,24836.036189,25012.910037,24202.238232,24850.775676
20230104,0,24983.431062,25278.220809,24880.254651,24968.691575
20230105,0,24821.296701,24850.775676,24386.481824,24467.549005
20230106,0,24570.725416,24688.641315,24312.784388,24622.313622
20230109,0,24592.834647,25182.414141,24548.616185,25101.346961
20230110,0,25057.128499,25175.044398,24872.884907,25049.758755
20230111,0,25197.153629,25219.26286,24504.397723,24718.12029
20230112,0,24762.338752,24953.952087,24467.549005,24858.14542
20230113,0,24777.078239,25189.783885,24703.380802,24902.363882
20230116,0,24946.582344,25219.26286,24718.12029,25116.086448
20230117,0,25204.264634,25380.621004,25035.256445,25270.398273
20230118,0,25160.175541,25358.576458,25005.863717,25307.139183
20230119,0,25365.92464,25439.406461,25167.523723,25277.746455
20230120,0,25277.746455,25490.843736,25189.568269,25307.139183
20230130,0,25358.576458,25674.548289,25108.738266,25292.442819
20230131,0,25351.228276,25652.503742,25329.183729,25505.5401
20230201,0,25454.102825,25564.325557,25307.139183,25527.584646
20230202,0,25556.977375,25608.41465,24542.928244,24616.410065
20230203,0,24689.891886,24925.033713,24491.490969,24851.551892
20230206,0,24807.4628,24961.774624,24638.454611,24873.596439
20230207,0,24866.248257,24932.381896,24689.891886,24711.936432
20230208,0,24719.284614,24807.4628,24601.713701,24689.891886
20230209,0,24689.891886,24778.070071,24550.276426,24601.713701
20230210,0,24572.320972,24594.365519,23962.421857,24425.35733
20230213,0,24359.223691,24447.401876,24234.304595,24271.045506
20230214,0,24315.134598,24329.830963,24153.474592,24249.000959
20230215,0,24315.134598,24454.750059,24182.86732,24212.260049
20230216,0,24278.393688,24359.223691,24131.430046,24234.304595
20230217,0,24293.090052,24572.320972,24263.697324,24307.786416
20230220,0,24322.482781,24469.446423,24160.822774,24403.312784
20230221,0,24484.142787,24741.329161,24425.35733,24667.84734
20230222,0,24778.135778,24991.360092,24653.142215,24888.424216
20230223,0,24822.251153,24866.366528,24572.264027,24667.84734
20230224,0,24675.199902,24748.725528,24461.975588,24601.674277
20230227,0,24601.674277,24631.084527,24189.930774,24270.808962
20230228,0,24336.982025,24381.0974,24204.635899,24234.046149
20230301,0,24234.046149,24278.161525,23719.366771,23954.648773
20230302,0,24042.879523,24042.879523,23756.129584,23792.892397
20230303,0,23763.482147,24109.052586,23689.956521,24072.289773
20230306,0,24035.526961,24182.578212,23881.123147,24013.469273
20230307,0,24013.469273,24028.174398,23756.129584,23807.597522
20230308,0,23763.482147,23763.482147,23307.623269,23403.206582
20230309,0,23381.148894,23439.969395,23182.629706,23366.443769
20230310,0,23300.270706,23454.67452,23042.931017,23197.334831
20230313,0,23248.802768,23425.26427,22969.405392,23131.161768
20230314,0,23131.161768,23395.854019,23042.931017,23366.443769
20230315,0,23454.67452,23770.834709,23307.623269,23337.033519
20230316,0,23337.033519,23447.321957,22910.584891,23278.213019
20230317,0,23226.745081,23359.091207,22984.110517,23204.687393
20230320,0,23256.155331,23528.200145,23145.866893,23204.687393
20230321,0,23174.69749,23242.174772,22972.265645,23114.717684
20230322,0,23197.189917,23227.17982,22807.321179,23002.255548
20230323,0,23002.255548,23084.727781,22732.346422,22777.331276
20230324,0,22769.833801,23174.69749,22612.38681,23047.240403
20230327,0,23017.2505,23204.687393,22769.833801,22799.823704
20230328,0,22919.783315,23092.225257,22822.316131,23054.737878
20230329,0,23069.73283,23152.205063,22492.427199,22612.38681
20230330,0,22664.86914,22709.853995,22200.025645,22245.010499
20230331,0,22162.538266,22394.960014,21975.101373,22080.066033
20230403,0,22095.060985,22289.995354,21892.62914,22207.523121
20230404,0,22207.523121,22282.497878,21825.151858,21862.639237
20230406,0,21742.679625,21885.131664,21600.227586,21637.714965
20230407,0,21697.694771,22155.040791,21682.699819,22125.050888
20230410,0,22065.071082,22132.548363,21855.141761,21945.11147
20230411,0,21967.603897,22567.401956,21930.116519,22522.417101
20230412,0,22529.914577,23084.727781,22529.914577,22657.371665
20230413,0,22657.371665,22754.838849,22507.42215,22664.86914
20230414,0,22792.326228,22957.270694,22679.864092,22799.823704
20230417,0,22876.230619,23342.312806,22799.823704,23227.702433
20230418,0,23311.75004,23327.031423,22998.481685,23197.139666
20230419,0,23304.109348,23548.611479,23250.624507,23342.312806
20230420,0,23204.780358,23647.94047,23105.451367,23502.76733
20230421,0,23502.76733,23556.252171,23258.265199,23349.953498
20230424,0,23327.031423,23365.234881,22639.36918,22784.54232
20230425,0,22876.230619,23151.295517,22746.338862,22983.200302
20230426,0,22906.793386,23036.685143,22738.698171,22960.278227
20230427,0,22960.278227,23411.079031,22960.278227,23158.936208
20230428,0,23166.5769,23449.282489,23113.092059,23380.516264
20230504,0,23426.360414,23846.598451,23411.079031,23670.862545
20230505,0,23556.252171,23701.425311,23151.295517,23586.814937
20230508,0,23540.970788,23808.394993,23456.92318,23670.862545
20230509,0,23747.269461,23838.95776,23563.892863,23609.737012
20230510,0,23663.221853,23991.771592,23487.485947,23861.879835
20230511,0,23823.676377,23869.520526,23235.343124,23342.312806
20230512,0,23365.234881,23594.455629,23258.265199,23349.953498
20230515,0,23411.079031,23701.425311,23327.031423,23380.516264
20230516,0,23380.516264,23426.360414,22654.650563,22746.338862
20230517,0,22799.823704,23021.40376,22578.243647,22967.918919
20230518,0,22998.481685,23143.654825,22784.54232,22853.308545
20230519,0,22799.391066,22799.391066,22483.58869,22745.473587
20230522,0,22814.79606,22953.441005,22445.076205,22583.72115
20230523,0,22568.316156,22668.448617,22337.241247,22337.241247
20230524,0,22445.076205,22498.993684,22267.918774,22337.241247
20230525,0,22468.183696,22714.663599,22229.406289,22699.258605
20230526,0,22691.556108,22868.713539,22552.911162,22861.011042
20230529,0,22868.713539,22953.441005,22676.151114,22822.498557
20230530,0,22884.118533,23107.490945,22722.366096,22899.523527
20230531,0,22876.416036,22953.441005,22452.778702,22576.018653
20230601,0,22645.341126,23269.243382,22529.803671,23176.813418
20230602,0,23045.870969,23430.995818,22976.548496,23361.673345
20230605,0,23315.458364,23330.863358,23030.465975,23146.00343
20230606,0,23199.920909,23523.425782,23115.193442,23315.458364
20230607,0,23269.243382,23531.128279,23269.243382,23361.673345
20230608,0,23361.673345,23484.913297,23161.408424,23338.565855
20230609,0,23377.078339,23461.805806,23169.110921,23400.18583
20230612,0,23369.375842,23700.583213,23369.375842,23515.723285
20230613,0,23469.508303,23515.723285,23199.920909,23415.590824
20230614,0,23492.615794,23723.690704,23484.913297,23592.748255
20230615,0,23538.830776,23631.26074,23215.325903,23315.458364
20230616,0,23438.698315,23646.665734,23346.268352,23500.318291
20230619,0,23569.640764,23585.045758,22930.333515,22999.655987
20230620,0,23084.383454,23084.383454,22730.068593,22776.283575
20230621,0,22776.283575,22961.707865,22753.105539,22892.173756
20230626,0,22822.639647,22838.091671,22621.763334,22699.023454
20230627,0,22644.94137,22853.543696,22590.859285,22791.735599
20230628,0,22899.899768,22915.351792,22714.475478,22776.283575
20230629,0,22714.475478,22714.475478,22513.599165,22575.407261
20230630,0,22575.407261,22861.269708,22498.14714,22745.379527
20230703,0,22683.57143,22868.99572,22590.859285,22722.20149
20230704,0,22644.94137,22807.187623,22621.763334,22714.475478
20230705,0,22683.57143,22984.885901,22637.215358,22776.283575
20230706,0,22714.475478,23046.693997,22652.667382,22946.25584
20230707,0,22915.351792,22977.159889,22714.475478,22784.009587
20230710,0,22768.557563,22868.99572,22660.393394,22760.831551
20230711,0,22807.187623,23108.502094,22768.557563,23046.693997
20230712,0,22907.62578,23023.515961,22892.173756,23000.337925
20230713,0,23062.146021,23216.666263,23023.515961,23131.68013
20230714,0,23054.420009,23270.748347,23054.420009,23116.228106
20230717,0,23178.036202,23286.200371,22753.105539,22807.187623
20230718,0,22807.187623,23179.93022,22706.236503,23110.040983
20230719,0,23110.040983,23242.053986,23063.448158,23218.757573
20230720,0,23234.288515,23902.119,23210.992103,23839.995234
20230721,0,23839.995234,23917.649942,23653.623936,23824.464293
20230724,0,23793.40241,24197.206889,23731.278644,24080.724828
20230725,0,24080.724828,24290.392538,24010.835591,24080.724828
20230726,0,24119.552182,24251.565185,24065.193886,24142.848594
20230727,0,24065.193886,24104.02124,23575.969228,23630.327524
20230728,0,23630.327524,23692.45129,23397.363401,23591.50017
20230731,0,23591.50017,23808.933351,23575.969228,23785.636939
20230801,0,23793.40241,23987.539179,23715.747702,23824.464293
20230802,0,23824.464293,24041.897474,23808.933351,23987.539179
20230803,0,23948.711825,23948.711825,23607.031111,23754.575056
20230804,0,23770.105997,24158.379535,23770.105997,23909.884471
20230807,0,23839.995234,23847.760705,23622.562053,23684.685819
20230808,0,23731.278644,23909.884471,23661.389407,23700.216761
20230809,0,23591.50017,23886.588059,23451.721696,23801.16788
20230810,0,23684.685819,23816.698822,23544.907345,23692.45129
20230811,0,23700.216761,24072.959357,23700.216761,24018.601062
20230814,0,23964.207594,24492.601277,23902.043632,24484.830782
20230815,0,24407.125828,24616.929202,24313.879884,24469.289791
20230816,0,24407.125828,24578.076725,24407.125828,24445.978305
20230817,0,24445.978305,24655.781679,24329.420875,24500.371772
20230818,0,24554.765239,24772.339109,24546.994744,24648.011183
20230821,0,24648.011183,24927.749015,24585.847221,24795.650595
20230822,0,24857.814557,25176.404866,24811.191585,25052.076941
20230823,0,25044.306445,25137.552389,24896.667034,24966.601492
20230824,0,24997.683473,25122.011398,24593.617716,24624.699697
20230825,0,24593.617716,24671.322669,24438.20781,24616.929202
20230828,0,24616.929202,24756.798118,24461.519296,24593.617716
20230829,0,24593.617716,24640.240688,24290.568398,24368.273352
20230830,0,24275.027408,24508.142267,24181.781464,24407.125828
20230831,0,24399.355333,24585.847221,24368.273352,24578.076725
20230901,0,24539.224249,24749.027623,24414.896324,24640.240688
20230904,0,24710.175146,24865.585053,24609.158707,24655.781679
20230905,0,24686.86366,24772.339109,24290.568398,24539.224249
20230906,0,24609.158707,24648.011183,24484.830782,24632.470193
20230907,0,24578.230718,24709.955157,24361.272817,24469.751767
20230908,0,24462.003271,24539.488235,24020.338974,24121.069428
20230911,0,24159.81191,24345.775824,24043.584463,24260.542363
20230912,0,24260.542363,24314.781839,23888.614534,23966.099499
20230913,0,23958.351002,24004.841981,23632.914152,23733.644605
20230914,0,23671.656634,23919.60852,23671.656634,23880.866038
20230915,0,23973.847995,24020.338974,23834.375059,23935.105513
20230918,0,23927.357016,24059.081456,23741.393102,24004.841981
20230919,0,23935.105513,24028.08747,23811.12957,23857.620548
20230920,0,23849.872052,24167.560406,23749.141598,23981.596492
20230921,0,23935.105513,23942.854009,23408.207755,23477.944223
20230922,0,23400.459258,23609.668662,23338.471287,23501.189712
20230925,0,23477.944223,23563.177684,23268.734819,23346.219783
20230926,0,23377.213769,23400.459258,23113.76489,23175.752861
20230927,0,23168.004365,23191.249854,22819.322025,22819.322025
20230928,0,22827.070522,23129.261883,22827.070522,22935.549472
20231009,0,22865.813004,22904.555486,22532.627657,22710.843075
20231010,0,22749.585557,22873.5615,22509.382167,22532.627657
20231011,0,22594.615628,22703.094578,22431.897203,22695.346082
20231012,0,22633.35811,22943.297968,22610.112621,22943.297968
20231013,0,22943.297968,23036.279925,22850.316011,22912.303982
20231016,0,22912.303982,23214.495344,22842.567514,23183.501358
20231017,0,23222.24384,23253.237826,22873.5615,22912.303982
20231018,0,22896.801747,23013.068513,22765.032746,22811.539452
20231019,0,22803.788334,22920.0551,22734.028275,22850.295041
20231020,0,22873.548394,22997.566277,22501.494743,22540.250332
20231023,0,22594.508156,22633.263744,22354.223506,22485.992508
20231024,0,22478.24139,22757.281628,22462.739155,22749.53051
20231025,0,22726.277157,22966.561806,22687.521568,22834.792805
20231026,0,22834.792805,22850.295041,22532.499214,22687.521568
20231027,0,22687.521568,22687.521568,22478.24139,22602.259274
20231030,0,22664.268215,22997.566277,22648.76598,22912.303982
20231031,0,22943.308453,22989.81516,22516.996979,22594.508156
20231101,0,22602.259274,22602.259274,22183.698917,22199.201152
20231102,0,22214.703388,22447.236919,22121.689975,22416.232448
20231103,0,22439.485801,22633.263744,22400.730213,22625.512627
20231106,0,22656.517098,22780.534981,22462.739155,22718.526039
20231107,0,22734.028275,22827.041687,22493.743625,22548.00145
20231108,0,22516.996979,22532.499214,22292.214565,22509.245861
20231109,0,22439.485801,22602.259274,22377.47686,22470.490272
20231110,0,22400.730213,22679.770451,22299.965682,22392.979095
20231113,0,22361.974624,22369.725742,21873.654208,22013.174327
20231114,0,21950.924276,22083.205634,21787.517891,21841.986686
20231115,0,21849.767943,22059.861865,21740.830353,22005.39307
20231116,0,22020.955583,22020.955583,21795.299148,21943.143019
20231117,0,21912.017994,21919.79925,21554.0802,21631.892764
20231120,0,21600.767738,21709.705328,21515.173918,21600.767738
20231121,0,21600.767738,21678.580302,21367.330046,21398.455072
20231122,0,21359.54879,21484.048892,21032.736022,21219.486175
20231123,0,21219.486175,21312.861252,20954.923458,21079.42356
20231124,0,21079.42356,21445.14261,21071.642304,21312.861252
20231127,0,21266.173713,21328.423764,21024.954765,21242.829944
20231128,0,21242.829944,21522.955174,21102.767329,21484.048892
20231129,0,21484.048892,21787.517891,21452.923867,21717.486584
20231130,0,21787.517891,21927.580506,21507.392661,21522.955174
20231201,0,21476.267636,21616.330251,21227.267431,21312.861252
20231204,0,21421.798841,21507.392661,21071.642304,21172.798637
20231205,0,21110.548586,21211.704919,20355.766716,20472.485562
20231206,0,20519.1731,20775.954561,20246.829126,20744.829535
20231207,0,20768.173304,20861.548381,20464.704305,20729.267022
20231208,0,20729.267022,21009.392252,20612.548177,20884.89215
20231211,0,20807.166463,20939.300131,20612.852245,20776.076188
20231212,0,20915.982425,21032.570956,20675.032795,21017.025818
20231213,0,20993.708112,21219.112605,20838.256738,21001.480681
20231214,0,20985.935544,21164.704624,20915.982425,21032.570956
20231215,0,21110.296643,21320.155999,21102.524074,21250.20288
20231218,0,21327.928567,21390.109117,21133.614349,21343.473705
20231219,0,21304.610861,21475.607373,21149.159487,21460.062236
20231220,0,21460.062236,21584.423335,21444.517098,21584.423335
20231221,0,21607.741041,21669.921591,21273.520586,21669.921591
20231222,0,21701.011866,21786.510122,21467.834804,21631.058747
20231225,0,21685.466728,22050.777458,21506.697648,21918.64379
20231226,0,21856.46324,21941.961496,21654.376454,21716.557003
20231227,0,21716.557003,21825.372965,21568.878198,21825.372965
20231228,0,21864.235809,21887.553515,21669.921591,21794.28269
20231229,0,21786.510122,21833.145534,21180.249762,21265.748018
20240102,0,21304.610861,21568.878198,21219.112605,21498.925079
20240103,0,21452.289667,21778.737553,21452.289667,21732.102141
20240104,0,21724.329572,21794.28269,21467.834804,21576.650766
20240105,0,21491.15251,21553.33306,21086.978937,21156.932055
20240108,0,21125.841781,21374.56398,21040.343525,21149.159487
20240109,0,21141.386918,21273.520586,20993.708112,21188.02233
20240110,0,21164.704624,21327.928567,21118.069212,21195.794899
20240111,0,21172.477193,21926.416359,21055.888662,21755.419847
20240112,0,21755.419847,21840.94866,21545.485488,21693.217074
20240115,0,21770.97054,21770.97054,21413.304596,21537.710141
20240116,0,21491.058062,21669.891034,21491.058062,21607.688261
20240117,0,21631.014301,22128.636485,21599.912914,21879.825393
20240118,0,21879.825393,22004.230939,21739.869154,21973.129552
20240119,0,21988.680246,22136.411831,21895.376086,22105.310445
20240122,0,22097.535098,22097.535098,21833.173313,21895.376086
20240123,0,21833.173313,22346.34619,21825.397966,22284.143417
20240124,0,22253.042031,22385.222923,22206.389951,22323.02015
20240125,0,22354.121537,22439.65035,22159.737871,22229.715991
20240126,0,22253.042031,22385.222923,22012.006285,22050.883018
20240129,0,22066.433712,22260.817377,21910.926779,22012.006285
20240130,0,22081.984405,22167.513218,21770.97054,21856.499353
20240131,0,21833.173313,21903.151433,21561.036181,21584.362221
20240201,0,21568.811528,21623.238954,21265.57301,21327.775783
20240202,0,21304.449743,21382.203209,21102.290731,21234.471623
20240205,0,21234.471623,21351.101823,21148.94281,21195.59489
20240206,0,21148.94281,21250.022316,21032.312611,21172.26885
20240207,0,21125.6852,21226.616442,20900.530893,21016.990017
20240208,0,21071.337609,21187.796734,20970.406368,21180.032792
20240219,0,21242.144325,21397.423158,21164.504909,21242.144325
20240220,0,21296.491916,21436.242866,21218.8525,21288.727975
20240221,0,21280.964033,21428.478924,21172.26885,21350.839508
20240222,0,21366.367391,21560.465932,21366.367391,21537.174107
20240223,0,21614.813524,21855.495715,21568.229874,21847.731773
20240226,0,21847.731773,21878.787539,21583.757757,21645.86929
20240227,0,21676.925057,21971.954839,21645.86929,21940.899073
20240228,0,21987.482722,22065.122139,21871.023598,21894.315423
20240229,0,21894.315423,22003.010606,21808.912065,21964.190897
20240301,0,21940.899073,21987.482722,21661.397174,21669.161115
20240304,0,21614.813524,21731.272648,21366.367391,21568.229874
20240305,0,21583.757757,21607.049582,21350.839508,21389.659216
20240306,0,21389.659216,21428.478924,21249.908267,21288.727975
20240307,0,21296.491916,21420.714983,21249.908267,21374.131333
20240308,0,21428.478924,21583.757757,21397.423158,21560.465932
20240311,0,21568.229874,21630.341407,21172.26885,21180.032792
20240312,0,21180.032792,21451.770749,21180.032792,21288.727975
20240313,0,21304.255858,21420.714983,21203.324617,21257.672208
20240314,0,21242.144325,21296.491916,20970.406368,21055.809726
20240315,0,21040.281842,21234.380383,20985.934251,21172.26885
20240318,0,21203.324617,21544.938049,21172.26885,21405.187099
20240319,0,21405.187099,21560.465932,21288.727975,21343.075566
20240320,0,21335.311625,21381.895275,21141.213084,21257.672208
20240321,0,21218.8525,21242.144325,21063.573667,21234.380383
20240322,0,21242.144325,21319.783741,21016.990017,21110.157317
20240325,0,21117.921259,21195.560675,20830.655418,20838.41936
20240326,0,20838.41936,20908.294835,20659.848702,20698.66841
20240327,0,20652.08476,20923.822718,20621.028994,20885.00301
20240328,0,20885.00301,21009.226076,20807.363593,20947.114543
20240329,0,20947.114543,21001.462134,20822.891477,20861.711185
20240401,0,20799.599652,20846.183301,20419.166511,20791.83571
20240402,0,20838.41936,20939.350601,20791.83571,20892.766951
20240403,0,20892.766951,20954.878484,20698.66841,20908.294835
20240408,0,21063.573667,21265.43615,20985.934251,21249.908267
20240409,0,21350.839508,21397.423158,21195.560675,21335.311625
20240410,0,21374.131333,21490.590457,21327.547683,21490.590457
20240411,0,21568.229874,21661.397174,21304.255858,21482.826516
20240412,0,21412.951041,21482.826516,21218.8525,21420.714983
20240415,0,21459.534691,21684.688998,21350.839508,21591.521699
20240416,0,21568.229874,21614.813524,21343.075566,21350.839508
20240417,0,21389.295631,21612.341145,21304.69216,21589.267471
20240418,0,21743.091963,21981.519926,21512.355225,21973.828701
20240419,0,21973.828701,22173.800541,21827.695434,22158.418092
20240422,0,22243.021562,22527.596873,21950.755027,21958.446252
20240423,0,21973.828701,22104.579519,21773.856861,21789.239311
20240424,0,21689.253391,22043.049723,21673.870941,22043.049723
20240425,0,22027.667273,22127.653193,21912.298904,22119.961969
20240426,0,22150.726867,22189.18299,21966.137477,22143.035642
20240429,0,22089.19707,22158.418092,21850.769107,21989.21115
20240430,0,22004.5936,22204.565439,21881.534006,21966.137477
20240506,0,21966.137477,22266.095236,21943.063803,22196.874215
20240507,0,22196.874215,22296.860135,21896.916455,21935.372578
20240508,0,21919.990129,21919.990129,21627.723594,21696.944615
20240509,0,21696.944615,21889.22523,21643.106043,21820.004209
20240510,0,21820.004209,21981.519926,21581.576246,21981.519926
20240513,0,21904.60768,22043.049723,21727.709514,21827.695434
20240514,0,21873.842781,22012.284824,21727.709514,21796.930535
20240515,0,21781.548086,21866.151557,21543.120123,21650.797268
20240516,0,21650.797268,21804.62176,21620.032369,21712.327064
20240517,0,21673.870941,22150.726867,21650.797268,22104.579519
20240520,0,22150.726867,22473.758301,22096.888295,22235.330338
20240521,0,22204.565439,22458.375851,22135.344418,22312.242584
20240522,0,22381.463605,22927.540552,22181.491765,22919.849328
20240523,0,22742.951162,22850.628306,22235.330338,22343.007482
20240524,0,22381.463605,22681.421365,22312.242584,22519.905648
20240527,0,22496.831974,22658.347691,22481.449525,22619.891568
20240528,0,22642.965242,22950.614226,22558.361771,22596.817894
20240529,0,22612.200343,22727.568713,22427.610953,22727.568713
20240530,0,22642.965242,23004.452798,22481.449525,22589.12667
20240531,0,22535.288097,22619.891568,22343.007482,22473.758301
20240603,0,22519.905648,22566.052996,22181.491765,22281.477685
20240604,0,22227.639113,22335.316258,22081.505846,22189.18299
20240605,0,22112.270744,22150.726867,21850.769107,21850.769107
20240606,0,21843.077883,21935.372578,21789.239311,21889.22523
20240607,0,21858.460332,22050.740947,21858.460332,21904.60768
20240611,0,21796.930535,21835.386658,21627.723594,21689.253391
20240612,0,21643.106043,21789.239311,21581.576246,21720.018289
20240613,0,21720.018289,21812.312984,21396.986856,21443.134203
20240614,0,21489.281551,21496.972775,21327.765834,21427.751754
20240617,0,21381.604406,21435.442979,21235.471139,21289.309711
20240618,0,21243.162363,21412.369305,21227.779914,21266.236037
20240619,0,21243.162363,21450.825428,21197.015016,21427.751754
20240620,0,21427.751754,21573.885022,21396.986856,21496.972775
20240621,0,21496.972775,21527.737674,21304.69216,21312.383385
20240624,0,21304.69216,21489.281551,21127.793994,21404.67808
20240625,0,21404.67808,21420.060529,21197.015016,21412.369305
20240626,0,21366.221957,21489.281551,21243.162363,21473.899102
20240627,0,21473.899102,21658.488492,21427.751754,21535.428899
20240628,0,21612.341145,21635.414818,21473.899102,21604.64992
20240701,0,21620.032369,21766.165637,21512.355225,21743.091963
20240702,0,21743.091963,21804.62176,21696.944615,21758.474412
20240703,0,21766.165637,21843.077883,21643.106043,21827.695434
20240704,0,21850.769107,21973.828701,21789.239311,21804.62176
20240705,0,21820.004209,21973.828701,21766.165637,21889.22523
20240708,0,21896.916455,22035.358498,21796.930535,21881.534006
20240709,0,21935.372578,21973.828701,21504.664,21550.811348
20240710,0,21550.811348,21620.032369,21412.369305,21427.751754
20240711,0,21427.751754,21473.899102,21258.544813,21335.457059
20240712,0,21381.604406,21427.751754,21266.236037,21389.295631
20240715,0,21443.134203,21473.899102,21281.618487,21420.060529
20240716,0,21412.369305,21527.737674,21335.457059,21481.590326
20240717,0,21412.369305,21450.825428,21173.941342,21250.853588
20240718,0,21212.397465,21320.07461,21158.558893,21281.618487
20240719,0,21227.779914,21335.457059,21027.808074,21250.853588
20240722,0,21227.779914,21381.604406,21166.250117,21304.69216
20240723,0,21304.69216,21666.179717,21258.544813,21589.267471
20240724,0,21543.120123,21712.327064,21535.428899,21635.414818
20240725,0,21635.414818,21673.870941,21104.720321,21173.941342
20240726,0,21220.08869,21435.442979,21173.941342,21320.07461
20240729,0,21304.69216,21566.193797,21304.69216,21458.516652
20240730,0,21458.516652,21604.64992,21358.530733,21389.295631
20240731,0,21327.765834,21658.488492,21327.765834,21658.488492
20240801,0,21712.327064,21796.930535,21620.032369,21696.944615
20240802,0,21696.944615,21743.091963,21481.590326,21712.327064
20240805,0,21712.327064,21781.548086,21558.502572,21635.414818
20240806,0,21566.193797,21620.032369,21335.457059,21381.604406
20240807,0,21381.604406,21504.664,21289.309711,21358.530733
20240808,0,21381.604406,21404.67808,21227.779914,21227.779914
20240809,0,21204.797836,21350.351,21158.833679,21212.458529
20240812,0,21189.47645,21273.744071,20913.691507,21036.262593
20240813,0,21020.941207,21105.208829,20867.72735,20951.994971
20240814,0,20951.994971,20997.959128,20737.495571,20783.459728
20240815,0,20783.459728,20974.97705,20676.210028,20867.72735
20240816,0,20913.691507,20982.637743,20860.066657,20921.3522
20240819,0,20890.709428,21128.190907,20814.1025,21043.923286
20240820,0,21036.262593,21082.22675,20898.370121,20921.3522
20240821,0,20974.97705,21189.47645,20951.994971,21181.815757
20240822,0,21181.815757,21197.137143,20997.959128,21005.619821
20240823,0,20990.298436,21066.905364,20921.3522,21036.262593
20240826,0,21066.905364,21181.815757,20990.298436,21158.833679
20240827,0,21151.172986,21335.029614,21143.512293,21312.047536
20240828,0,21312.047536,21342.690307,21174.155064,21212.458529
20240829,0,21204.797836,21273.744071,21143.512293,21243.1013
20240830,0,21243.1013,21342.690307,21197.137143,21235.440607
20240902,0,21204.797836,21235.440607,20768.138343,20768.138343
20240903,0,20814.1025,20844.745271,20722.174186,20729.834878
20240904,0,20668.684923,20699.259901,20515.810035,20561.672501
20240905,0,20515.810035,20737.478623,20485.235057,20607.534968
20240906,0,20622.822456,20683.972412,20515.810035,20584.603734
20240909,0,20599.891223,20607.534968,20103.047836,20294.141446
20240910,0,20255.922724,20324.716424,20179.48528,20232.991491
20240911,0,20194.772769,20301.785191,19965.460436,20278.853957
20240912,0,20255.922724,20531.097523,20248.27898,20454.660079
20240913,0,20477.591312,20500.522546,20309.428935,20408.797613
20240918,0,20408.797613,20477.591312,20294.141446,20439.37259
20240919,0,20469.947568,20576.95999,20332.360168,20576.95999
20240920,0,20546.385012,20584.603734,20424.085101,20431.728846
20240923,0,20469.947568,20469.947568,19980.747925,20041.89788
20240924,0,20041.89788,20332.360168,20003.679158,20324.716424
20240925,0,20347.647657,20638.109945,20332.360168,20462.303824
20240926,0,20485.235057,20538.741268,20385.866379,20492.878801
20240927,0,20523.453779,20638.109945,20431.728846,20599.891223
20240930,0,20554.130635,21507.476212,20554.130635,21354.94092
20241008,0,21736.279151,21896.441208,21232.912686,21385.447978
20241009,0,21438.835331,21484.595918,21240.539451,21309.180332
20241010,0,21278.673274,21423.581802,21126.137982,21301.553568
20241011,0,21332.060626,21492.222683,21217.659157,21339.687391
20241014,0,21400.701508,21713.398857,21370.194449,21423.581802
20241015,0,21370.194449,21438.835331,21202.405628,21225.285922
20241016,0,21263.419745,21522.729742,21232.912686,21400.701508
20241017,0,21408.328272,21537.983271,20973.602689,21019.363277
20241018,0,21026.990042,21095.630923,20920.215337,21011.736512
20241021,0,21019.363277,21187.152098,20950.722395,21149.018275
20241022,0,21118.511217,21141.391511,20729.546222,20790.560339
20241023,0,20798.187103,20828.694162,20561.7574,20599.891223
20241024,0,20592.264459,20866.827985,20523.623577,20805.813868
20241025,0,20843.947691,20965.975925,20790.560339,20859.20122
20241028,0,20821.067397,21049.870335,20821.067397,20958.34916
20241029,0,20920.215337,20988.856219,20714.292692,20775.306809
20241030,0,20790.560339,20859.20122,20653.278575,20813.440632
20241031,0,20790.560339,20813.440632,20577.010929,20607.517988
20241101,0,20645.651811,20706.665928,20393.968579,20660.90534
20241104,0,20706.665928,20775.306809,20546.503871,20668.532105
20241105,0,20638.025046,20699.039163,20554.130635,20607.517988
20241106,0,20645.651811,20889.708279,20470.236225,20477.862989
20241107,0,20439.729166,20760.05328,20355.834756,20721.919457
20241108,0,20767.680045,20927.842102,20630.398282,20660.90534
20241111,0,20600.427022,20676.02492,20411.432279,20509.709545
20241112,0,20509.709545,20555.068284,20290.475643,20328.274592
20241113,0,20328.274592,20366.073541,20199.758166,20252.676695
20241114,0,20252.676695,20313.155012,20041.002582,20109.04069
20241115,0,20086.36132,20169.519007,20003.203633,20056.122161
20241118,0,20109.04069,20169.519007,19836.888259,20124.160269
20241119,0,20086.36132,20222.437536,20041.002582,20154.399428
20241120,0,20109.04069,20192.198377,20063.681951,20169.519007
20241121,0,20214.877746,20229.997325,20139.279849,20192.198377
20241122,0,20177.078797,20192.198377,19912.486157,19980.524264
20241125,0,20033.442792,20139.279849,19957.844895,19995.643844
20241126,0,20025.883003,20056.122161,19693.252254,19799.089311
20241127,0,19799.089311,19814.20889,19496.697721,19746.170782
20241128,0,19768.850152,19859.567628,19685.692465,19776.409941
20241129,0,19806.6491,19852.007839,19647.893516,19663.013095
20241202,0,19632.773936,19708.371834,19549.616249,19610.094567
20241203,0,19587.415198,19806.6491,19534.49667,19753.730572
20241204,0,19821.76868,19920.045946,19685.692465,19685.692465
20241205,0,19670.572885,19746.170782,19353.061716,19405.980244
20241206,0,19405.980244,19542.05646,19375.741085,19428.659614
20241209,0,19474.018352,19693.252254,19443.779193,19542.05646
20241210,0,19579.855408,19874.687208,19557.176039,19715.931623
20241211,0,19625.214147,19708.371834,19519.37709,19685.692465
20241212,0,19731.051203,19806.6491,19647.893516,19776.409941
20241213,0,19761.393685,19813.950583,19588.706734,19618.739247
20241216,0,19618.739247,19641.263632,19431.03604,19521.133579
20241217,0,19461.068553,19543.657964,19446.052296,19498.609194
20241218,0,19521.133579,19671.296145,19370.971013,19385.98727
20241219,0,19423.527911,19476.084809,19265.857217,19318.414115
20241220,0,19295.88973,19408.511655,19265.857217,19363.462885
20241223,0,19325.922243,19603.72299,19280.873474,19573.690477
20241224,0,19536.149836,19633.755504,19476.084809,19566.182349
20241225,0,19588.706734,19618.739247,19431.03604,19468.576681
20241226,0,19498.609194,19618.739247,19468.576681,19536.149836
20241227,0,19573.690477,19596.214862,19393.495398,19423.527911
20241230,0,19378.479141,19581.198606,19325.922243,19551.166092
20241231,0,19566.182349,19596.214862,19318.414115,19393.495398
20250102,0,19340.9385,19378.479141,19100.678394,19130.710908
20250103,0,19085.662138,19160.743421,19025.597111,19093.170266
20250106,0,19093.170266,19205.044311,19063.337188,19182.669502
20250107,0,19242.335659,19302.001816,19152.836423,19227.419119
20250108,0,19242.335659,19510.833366,19205.044311,19488.458557
20250109,0,19488.458557,19764.414533,19398.959321,19659.998758
20250110,0,19630.16568,19674.915298,19548.124714,19577.957792
20250113,0,19615.249141,19801.705881,19585.416062,19764.414533
20250114,0,19727.123185,19764.414533,19570.499523,19667.457028
20250115,0,19667.457028,19704.748376,19592.874332,19637.623949
20250116,0,19622.70741,19779.331073,19585.416062,19734.581455
20250117,0,19764.414533,19898.663387,19667.457028,19868.830308
20250120,0,19883.746847,19891.205117,19324.376625,19354.209703
20250121,0,19369.126243,19704.748376,19361.667973,19637.623949
20250122,0,19645.082219,19697.290107,19555.582983,19645.082219
20250123,0,19615.249141,19630.16568,19413.87586,19481.000287
20250124,0,19451.167209,19518.291635,19354.209703,19451.167209
20250127,0,19481.000287,20085.120128,19436.250669,19883.746847
20250205,0,19883.746847,20010.537431,19786.789342,19943.413004
20250206,0,19921.038196,20100.036667,19913.579926,20047.828779
20250207,0,20010.537431,20047.828779,19943.413004,19988.162622
20250210,0,19988.162622,20010.537431,19794.247612,19898.663387
20250211,0,19883.746847,19906.121656,19592.874332,19689.831837
20250212,0,19674.915298,19682.373567,19555.582983,19630.16568
20250213,0,19630.16568,19825.865184,19622.638776,19705.43472
20250214,0,19690.380912,19750.596144,19600.058064,19705.43472
20250217,0,19743.06924,19780.70376,19569.950448,19637.692584
20250218,0,19622.638776,19705.43472,19607.584968,19667.8002
20250219,0,19645.219488,19803.284472,19622.638776,19758.123048
20250220,0,19743.06924,19946.295649,19735.542336,19938.768745
20250221,0,19968.876361,20134.468249,19908.661128,19916.188032
20250224,0,19901.134224,19991.457073,19833.392088,19983.930169
20250225,0,19976.403265,19998.983977,19750.596144,19765.649952
20250226,0,19728.015432,19848.445896,19645.219488,19818.33828
20250227,0,19825.865184,19946.295649,19803.284472,19893.60732
20250228,0,19931.241841,20006.510881,19855.9728,19916.188032
20250303,0,19908.661128,20014.037785,19818.33828,19946.295649
20250304,0,19976.403265,20059.199209,19878.553512,19938.768745
20250305,0,19961.349457,20036.618497,19848.445896,20036.618497
20250306,0,20021.564689,20247.371809,19916.188032,20202.210385
20250307,0,20247.371809,20307.587041,20141.995153,20149.522057
20250310,0,20157.048961,20345.221562,20119.414441,20307.587041
20250311,0,20337.694658,20382.856082,20157.048961,20337.694658
20250312,0,20352.748466,20428.017506,20254.898713,20420.490602
20250313,0,20450.598218,20488.232738,20345.221562,20450.598218
20250314,0,20443.071314,20608.663202,20405.436794,20495.759642
20250317,0,20525.867258,20593.609394,20465.652026,20548.44797
20250318,0,20571.028682,20571.028682,20179.629673,20262.425617
20250319,0,20307.587041,20352.748466,20179.629673,20315.113945
20250320,0,20337.694658,20367.802274,20126.941345,20217.264193
20250321,0,20247.371809,20277.479425,20081.779921,20096.833729
20250324,0,20096.833729,20172.102769,20044.145401,20157.048961
20250325,0,20134.468249,20202.210385,20051.672305,20104.360633
20250326,0,20104.360633,20247.371809,20089.306825,20187.156577
20250327,0,20179.629673,20247.371809,20126.941345,20232.318001
20250328,0,20232.318001,20420.490602,20187.156577,20375.329178
20250331,0,20375.329178,20405.436794,20059.199209,20119.414441
20250401,0,20104.360633,20450.598218,20074.253017,20390.382986
20250402,0,20405.436794,20458.125122,20360.27537,20412.963698
20250403,0,20367.802274,20375.329178,20126.941345,20217.264193
20250407,0,19554.89664,19615.111872,19201.132151,19434.466175
20250408,0,19434.466175,19562.423544,19216.185959,19231.239767
20250409,0,19208.659055,19283.928095,19020.486454,19050.59407
20250410,0,18967.798126,19261.347383,18734.464102,19080.701686
20250411,0,19073.221992,19133.059551,18856.31084,19095.661076
20250414,0,19185.417415,19237.775279,19050.782907,19155.498635
20250415,0,19177.93772,19252.734669,19140.539246,19237.775279
20250416,0,19267.694059,19327.531618,19110.620466,19177.93772
20250417,0,19215.336195,19320.051923,19162.97833,19215.336195
20250418,0,19245.254974,19245.254974,19088.181381,19118.100161
20250421,0,19088.181381,19185.417415,19028.343822,19133.059551
20250422,0,19162.97833,19177.93772,18975.985958,18983.465653
20250423,0,18998.425043,19192.89711,18968.506263,19133.059551
20250424,0,19103.140771,19148.018941,19013.384432,19118.100161
20250425,0,19140.539246,19162.97833,18938.587483,18968.506263
20250428,0,18931.107788,19140.539246,18901.189009,19095.661076
20250429,0,19095.661076,19110.620466,18916.148399,19028.343822
20250430,0,19020.864127,19035.823517,18908.668704,18953.546873
20250506,0,18953.546873,19148.018941,18893.709314,19050.782907
20250507,0,19005.904737,19222.81589,18961.026568,19013.384432
20250508,0,18990.945348,19155.498635,18961.026568,19005.904737
20250509,0,19005.904737,19088.181381,18990.945348,19028.343822
20250512,0,19043.256317,19319.137478,19035.80007,19281.85624
20250513,0,19319.137478,19356.418716,19237.118754,19281.85624
20250514,0,19281.85624,19565.193648,19252.03125,19505.543667
20250515,0,19535.368658,19565.193648,19348.962468,19378.787458
20250516,0,19386.243706,19438.437439,19326.593725,19334.049973
20250519,0,19311.68123,19408.612449,19266.943745,19311.68123
20250520,0,19296.768735,19326.593725,19087.993803,19147.643783
20250521,0,19125.275041,19281.85624,19125.275041,19192.381269
20250522,0,19192.381269,19266.943745,19162.556279,19207.293764
20250523,0,19222.206259,19296.768735,19132.731288,19199.837516
20250526,0,19170.012526,19289.312487,19117.818793,19199.837516
20250527,0,19177.468774,19207.293764,19125.275041,19170.012526
20250528,0,19170.012526,19177.468774,18886.675118,18909.043861
20250529,0,18879.218871,18983.606337,18789.7439,18923.956356
20250530,0,18961.237594,18998.518832,18909.043861,18916.500108
20250603,0,18871.762623,18923.956356,18782.287652,18834.481385
20250604,0,18849.39388,18983.606337,18819.56889,18968.693842
20250605,0,18953.781346,18998.518832,18849.39388,18923.956356
20250606,0,18931.403801,18998.430801,18886.719134,18931.403801
20250609,0,18916.508912,18931.403801,18752.665134,18849.481912
20250610,0,18864.3768,18871.824245,18551.584133,18559.031578
20250611,0,18551.584133,18819.692134,18521.794356,18767.560023
20250612,0,18737.770245,18804.797245,18685.638134,18745.217689
20250613,0,18745.217689,18775.007467,18618.611133,18693.085578
20250616,0,18722.875356,18752.665134,18611.163689,18693.085578
20250617,0,18693.085578,18722.875356,18566.479022,18588.821356
20250618,0,18573.926467,18678.190689,18529.2418,18655.848356
20250619,0,18626.058578,18752.665134,18626.058578,18730.3228
20250620,0,18730.3228,18745.217689,18603.716245,18626.058578
20250623,0,18626.058578,18700.533022,18424.977578,18454.767355
20250624,0,18432.425022,18581.373911,18343.055689,18529.2418
20250625,0,18536.689244,18737.770245,18536.689244,18678.190689
20250626,0,18707.980467,18886.719134,18678.190689,18819.692134
20250627,0,18804.797245,18819.692134,18700.533022,18797.3498
20250630,0,18864.3768,18968.641023,18767.560023,18782.454911
20250701,0,18782.454911,18797.3498,18588.821356,18707.980467
20250702,0,18707.980467,18909.061467,18693.085578,18871.824245
20250703,0,18886.719134,18938.851245,18827.139578,18931.403801
20250704,0,18983.535912,19058.010356,18946.298689,18961.193578
20250707,0,18931.403801,18946.298689,18760.112578,18827.139578
20250708,0,18819.692134,19050.562912,18804.797245,18916.508912
20250709,0,18879.271689,19028.220578,18871.824245,19020.773134
20250710,0,18998.430801,19177.169467,18998.430801,19162.274579
20250711,0,19139.932245,19169.722023,18894.166578,18931.403801
20250714,0,18894.181221,18983.515411,18849.514126,18953.737348
20250715,0,18909.070253,18961.181864,18812.291547,18871.847674
20250716,0,18871.847674,18983.515411,18834.625094,18864.403158
20250717,0,18834.625094,18961.181864,18760.179936,18953.737348
20250718,0,18938.848316,19028.182507,18886.736705,18946.292832
20250721,0,18968.62638,19296.185077,18961.181864,19214.295403
20250722,0,19214.295403,19273.85153,19110.072181,19251.517982
20250723,0,19281.296045,19422.741846,19110.072181,19206.850887
20250724,0,19251.517982,19296.185077,19162.183792,19258.962498
20250725,0,19244.073466,19422.741846,19154.739276,19400.408299
20250728,0,19422.741846,19549.298616,18998.404443,19117.516697
20250729,0,19117.516697,19251.517982,19102.627665,19236.62895
20250730,0,19229.184434,19348.296688,19184.517339,19236.62895
20250731,0,19184.517339,19214.295403,19005.848959,19065.405086
20250801,0,19087.738633,19229.184434,19065.405086,19117.516697
20250804,0,19065.405086,19273.85153,18990.959927,19244.073466
20250805,0,19236.62895,19333.407656,19236.62895,19296.185077
20250806,0,19266.407014,19318.518625,19184.517339,19258.962498
20250807,0,19325.96314,19378.074751,19229.184434,19355.741204
20250808,0,19333.493225,19392.821168,19296.413261,19355.741204
20250811,0,19355.741204,19696.876873,19281.581276,19615.300952
20250812,0,19593.052973,19652.380916,19548.557017,19578.220988
20250813,0,19578.220988,19637.54893,19452.14911,19474.397089
20250814,0,19504.06106,19511.477053,19281.581276,19318.66124
20250815,0,19318.66124,19400.237161,19229.669326,19296.413261
20250818,0,19303.829254,19385.405175,19237.085319,19296.413261
20250819,0,19281.581276,19318.66124,19066.517485,19111.013441
20250820,0,19088.765463,19125.845427,18933.029614,19014.605535
20250821,0,19029.437521,19073.933477,18962.693586,18977.525571
20250822,0,18955.277593,18999.77355,18836.621708,18910.781636
20250825,0,18940.445607,19140.677413,18925.613622,19103.597449
20250826,0,19073.933477,19148.093405,19029.437521,19044.269506
20250827,0,19059.101492,19155.509398,19051.685499,19059.101492
20250828,0,19022.021528,19066.517485,18910.781636,19059.101492
20250829,0,19066.517485,19096.181456,18925.613622,19007.189542
20250901,0,19029.437521,19237.085319,18933.029614,19207.421348
20250902,0,19192.589362,19326.077233,19185.173369,19222.253333
