date,time,open,high,low,close
20230421,0,96.09,96.28,96.01,96.21
20230424,0,96.28,96.41,96.26,96.37
20230425,0,96.4,96.48,96.32,96.4
20230426,0,96.44,96.51,96.38,96.43
20230427,0,96.57,96.79,96.47,96.79
20230428,0,96.79,96.79,96.55,96.64
20230504,0,96.89,97.1,96.89,97.1
20230505,0,97.16,97.57,97.13,97.45
20230508,0,97.38,97.38,97.05,97.1
20230509,0,97.15,97.23,97.08,97.17
20230510,0,97.31,97.41,97.25,97.27
20230511,0,97.51,97.69,97.4,97.45
20230512,0,97.29,97.41,97.24,97.35
20230515,0,97.26,97.4,97.12,97.23
20230516,0,97.23,97.320372,97.119546,97.270165
20230517,0,97.31033,97.38062,97.099463,97.199876
20230518,0,97.099463,97.240041,96.958885,97.23
20230519,0,97.23,97.400702,97.189835,97.370578
20230522,0,97.370578,97.46095,97.290248,97.360537
20230523,0,97.410744,97.641694,97.410744,97.551322
20230524,0,97.521198,97.661776,97.470991,97.591487
20230525,0,97.561363,97.581446,97.360537,97.440867
20230526,0,97.390661,97.491074,97.139628,97.209917
20230529,0,97.109504,97.390661,97.099463,97.390661
20230530,0,97.46095,97.491074,97.250083,97.270165
20230531,0,97.320372,97.46095,97.260124,97.46095
20230601,0,97.531239,97.661776,97.420785,97.591487
20230602,0,97.531239,97.561363,97.029174,97.099463
20230605,0,97.209917,97.38062,97.14967,97.320372
20230606,0,97.370578,97.481033,97.300289,97.470991
20230607,0,97.470991,97.671818,97.430826,97.631652
20230608,0,97.621611,97.621611,97.481033,97.551322
20230609,0,97.521198,98.053387,97.521198,97.92285
20230612,0,97.963016,98.143759,97.932892,98.023263
20230613,0,98.22409,98.615701,98.193966,98.444998
20230614,0,98.846651,98.91694,98.585577,98.736196
20230615,0,98.585577,98.605659,98.07347,98.163842
20230616,0,98.043346,98.113635,97.531239,97.782272
20230619,0,97.782272,97.822437,97.360537,97.551322
20230620,0,97.621611,97.832479,97.61157,97.762189
20230621,0,97.862602,97.99314,97.772231,97.902768
20230626,0,98.003181,98.1538,97.952974,98.103594
20230627,0,98.003181,98.063429,97.822437,97.963016
20230628,0,98.043346,98.193966,98.003181,98.183924
20230629,0,98.083511,98.334544,98.013222,98.22409
20230630,0,98.344585,98.515288,98.22409,98.505246
20230703,0,98.404833,98.45504,98.244172,98.324503
20230704,0,98.30442,98.53537,97.762189,98.113635
20230705,0,98.284337,98.45504,98.173883,98.444998
20230706,0,98.434957,98.525329,98.284337,98.374709
20230707,0,98.434957,98.575535,98.384751,98.515288
20230710,0,98.495205,98.696031,98.344585,98.68599
20230711,0,98.746238,98.906899,98.706072,98.756279
20230712,0,98.76632,98.896857,98.675949,98.896857
20230713,0,98.876775,98.957105,98.776362,98.806486
20230714,0,98.76632,98.937023,98.625742,98.776362
20230717,0,98.756279,99.047477,98.716114,99.047477
20230718,0,99.087642,99.29851,99.047477,99.198097
20230719,0,99.288468,99.288468,99.107725,99.14789
20230720,0,99.097684,99.328634,98.977188,99.268386
20230721,0,99.37884,99.730286,99.37884,99.68008
20230724,0,99.810617,100.001401,99.700162,99.951195
20230725,0,99.188055,99.408964,99.017353,99.057518
20230726,0,99.127807,99.559584,99.087642,99.509377
20230727,0,99.579666,99.800575,99.52946,99.670038
20230728,0,99.720245,99.810617,99.388882,99.509377
20230731,0,99.037436,99.449129,99.037436,99.388882
20230801,0,99.469212,99.649956,99.419005,99.459171
20230802,0,99.589708,99.710203,99.559584,99.60979
20230803,0,99.659997,99.84074,99.659997,99.780493
20230804,0,99.690121,100.001401,99.60979,99.880906
20230807,0,99.890947,99.961236,99.820658,99.951195
20230808,0,99.981319,100.001401,99.84074,99.890947
20230809,0,99.91103,99.961236,99.860823,99.941154
20230810,0,99.890947,99.941154,99.810617,99.850782
20230811,0,99.890947,100.031525,99.860823,99.961236
20230814,0,100.22231,100.403054,100.202228,100.272517
20230815,0,100.817038,101.250638,100.635531,101.018712
20230816,0,101.1498,101.371642,101.1498,101.341391
20230817,0,101.331307,101.341391,100.95821,100.988461
20230818,0,101.03888,101.290973,100.988461,101.270805
20230821,0,101.442228,102.218675,101.432145,102.006917
20230822,0,101.956498,102.168256,101.774991,101.976666
20230823,0,101.895996,102.09767,101.895996,102.067419
20230824,0,102.127921,102.248926,102.067419,102.208591
20230825,0,102.208591,102.319512,101.855661,101.956498
20230828,0,101.290973,101.946414,101.240554,101.875828
20230829,0,101.936331,101.936331,101.47248,101.623735
20230830,0,101.553149,101.916163,101.512814,101.643903
20230831,0,101.724573,101.845577,101.5834,101.714489
20230901,0,101.512814,101.623735,101.159884,101.23047
20230904,0,100.766619,100.907791,100.44394,100.60528
20230905,0,100.685949,100.726284,100.403605,100.423773
20230906,0,100.514526,100.595196,100.030507,100.060759
20230907,0,100.050675,100.222098,99.677577,99.788498
20230908,0,100.000256,100.17168,99.637242,100.060759
20230911,0,99.859084,100.09101,99.586824,99.949838
20230912,0,100.131345,100.353187,99.92967,99.970005
20230913,0,100.070842,100.242266,99.980089,100.141428
20230914,0,100.141428,100.766619,100.09101,100.675866
20230915,0,100.696033,100.696033,99.959921,99.970005
20230918,0,99.768331,99.869168,99.485987,99.758247
20230919,0,99.768331,100.000256,99.768331,99.849001
20230920,0,99.768331,99.889335,99.697745,99.768331
20230921,0,99.778414,100.070842,99.748163,99.970005
20230922,0,99.949838,100.030507,99.344814,99.375066
20230925,0,99.455735,99.566656,98.991884,99.122973
20230926,0,99.122973,99.213726,98.830545,99.153224
20230927,0,99.274228,99.364982,99.032219,99.22381
20230928,0,99.264145,99.727996,99.203642,99.647326
20231009,0,99.637242,99.828833,99.536405,99.758247
20231010,0,99.627159,99.697745,99.506154,99.596908
20231011,0,99.465819,99.475903,99.183475,99.284312
20231012,0,99.052387,99.395233,99.032219,99.344814
20231013,0,99.435568,99.65741,99.415401,99.536405
20231016,0,99.707828,99.778414,99.526321,99.707828
20231017,0,99.57674,99.687661,99.354898,99.506154
20231018,0,99.445652,99.596908,99.294396,99.334731
20231019,0,99.294396,99.334731,98.880963,98.891047
20231020,0,98.901131,99.364982,98.699456,99.254061
20231023,0,99.395233,99.596908,99.324647,99.485987
20231024,0,99.344814,99.445652,98.891047,99.153224
20231025,0,99.173391,99.314563,98.538117,99.233894
20231026,0,99.193559,99.274228,99.092721,99.133056
20231027,0,99.112889,99.22381,98.840628,98.971717
20231030,0,99.012052,99.254061,98.961633,99.042303
20231031,0,99.122973,99.395233,99.052387,99.30448
20231101,0,99.344814,99.516238,99.264145,99.385149
20231102,0,99.49607,99.808666,99.465819,99.798582
20231103,0,99.727996,99.808666,99.546489,99.768331
20231106,0,99.788498,99.859084,99.57674,99.798582
20231107,0,99.879252,99.949838,99.677577,99.73808
20231108,0,99.667494,100.101094,99.627159,99.959921
20231109,0,100.020424,100.17168,99.939754,99.949838
20231110,0,99.949838,100.272517,99.899419,100.181763
20231113,0,100.161596,100.454024,100.131345,100.333019
20231114,0,100.494359,100.494359,99.990173,100.131345
20231115,0,100.01034,100.262433,99.959921,100.201931
20231116,0,100.181763,100.454024,100.161596,100.413689
20231117,0,100.333019,100.615363,100.201931,100.564945
20231120,0,100.484275,100.585112,100.413689,100.52461
20231121,0,100.494359,100.60528,100.393521,100.433856
20231122,0,100.423759,100.504535,100.211725,100.262209
20231123,0,100.080465,100.080465,99.727073,99.73717
20231124,0,99.908818,100.009787,99.787655,99.807849
20231127,0,99.838139,99.838139,99.605911,99.616007
20231128,0,99.817945,100.050174,99.777558,100.040077
20231129,0,99.969399,100.353081,99.908818,100.242015
20231130,0,100.363178,100.494438,100.32279,100.373275
20231201,0,100.353081,100.423759,100.201628,100.363178
20231204,0,100.363178,100.433856,100.252112,100.272306
20231205,0,100.242015,100.58531,100.181434,100.484341
20231206,0,100.484341,100.524728,100.302597,100.373275
20231207,0,100.373275,100.524728,100.201628,100.443953
20231208,0,100.464147,100.58531,100.363178,100.514632
20231211,0,100.686279,100.999283,100.676182,100.777151
20231212,0,100.777151,100.888217,100.666085,100.666085
20231213,0,100.868023,101.33248,100.868023,101.231511
20231214,0,101.17093,101.352674,101.069961,101.090155
20231215,0,101.100252,101.584903,101.019476,101.574806
20231218,0,101.635387,101.716163,101.473837,101.665678
20231219,0,101.595,101.847422,101.544515,101.746453
20231220,0,101.695969,101.948391,101.695969,101.847422
20231221,0,101.837325,102.34217,101.786841,102.291686
20231222,0,102.594593,102.624883,102.362364,102.453236
20231225,0,102.513818,103.291279,102.47343,103.180213
20231226,0,103.038856,103.372054,102.746046,102.806628
20231227,0,102.998469,103.180213,102.544108,102.826821
20231228,0,103.129728,103.129728,102.453236,102.705659
20231229,0,102.735949,102.836918,102.443139,102.665271
20240102,0,102.796531,102.816725,102.544108,102.594593
20240103,0,102.513818,102.624883,102.221007,102.614787
20240104,0,102.685465,102.917694,102.614787,102.746046
20240105,0,102.958081,103.301376,102.887403,103.149922
20240108,0,103.210504,103.321569,103.05905,103.139825
20240109,0,103.412442,103.816318,103.341763,103.796124
20240110,0,103.745639,103.786027,103.48312,103.604283
20240111,0,103.35186,103.695155,103.19031,103.513411
20240112,0,103.392248,103.402345,103.05905,103.05905
20240115,0,102.836918,103.402345,102.685465,103.311473
20240116,0,103.341763,103.493217,103.180213,103.311473
20240117,0,103.19031,103.634573,103.19031,103.604283
20240118,0,103.695155,103.876899,103.543701,103.604283
20240119,0,103.695155,104.018256,103.674961,103.967771
20240122,0,103.93748,104.815911,103.917287,104.684651
20240123,0,104.684651,104.755329,104.36155,104.563488
20240124,0,104.462519,104.94717,104.321163,104.674554
20240125,0,104.401938,104.795717,104.149515,104.553391
20240126,0,104.613973,104.745232,104.502907,104.553391
20240129,0,104.502907,104.876492,104.401938,104.795717
20240130,0,105.108721,105.684244,105.098624,105.613566
20240131,0,106.411221,106.471802,105.997248,106.451608
20240201,0,106.320349,106.502093,105.95686,106.158798
20240202,0,106.128507,106.290058,106.037635,106.158798
20240205,0,106.875678,106.926162,106.451608,106.663643
20240206,0,106.562674,106.603062,105.66405,105.66405
20240207,0,105.593372,106.370833,105.512597,106.199186
20240208,0,106.138604,106.471802,105.593372,105.805407
20240219,0,105.805407,106.24967,105.653953,106.178992
20240220,0,106.350819,106.522646,106.199207,106.462001
20240221,0,106.563076,106.724795,106.098132,106.462001
20240222,0,106.411464,106.674258,106.259852,106.674258
20240223,0,106.734903,107.159417,106.684366,106.967375
20240226,0,106.957267,107.472748,106.815763,107.472748
20240227,0,107.927585,108.089304,107.614253,107.715328
20240228,0,107.846725,108.058982,107.422211,108.058982
20240229,0,108.352098,108.715967,108.119627,108.493603
20240301,0,108.149949,108.220701,107.139202,107.290814
20240304,0,107.755758,108.331883,107.74565,108.200486
20240305,0,107.998337,108.230809,107.543501,107.806295
20240306,0,107.937692,108.614893,107.816402,108.432958
20240307,0,109.039406,109.251663,107.897262,108.341991
20240308,0,108.382421,108.614893,107.887155,108.038767
20240311,0,107.988229,108.230809,107.300921,107.381781
20240312,0,106.835978,107.038127,106.168884,106.168884
20240313,0,106.077917,106.967375,105.623081,106.835978
20240314,0,106.603506,106.997697,106.229529,106.74501
20240315,0,106.532753,107.341351,106.532753,107.078557
20240318,0,107.038127,107.492963,106.896622,107.482856
20240319,0,107.806295,108.281346,107.422211,108.180271
20240320,0,107.897262,108.139841,107.674898,107.695113
20240321,0,107.341351,107.735543,107.058342,107.533393
20240322,0,107.62436,107.897262,106.613613,106.623721
20240325,0,106.876408,107.058342,106.300282,106.674258
20240326,0,106.674258,106.775333,106.330604,106.492324
20240327,0,106.583291,107.038127,106.411464,106.957267
20240328,0,107.078557,107.401996,106.856193,106.967375
20240329,0,106.835978,107.78608,106.724795,107.755758
20240401,0,107.311029,107.321136,106.78544,106.937052
20240402,0,107.139202,107.300921,106.967375,107.189739
20240403,0,107.300921,107.74565,107.300921,107.533393
20240408,0,107.442426,108.048874,107.401996,107.78608
20240409,0,107.775973,108.119627,107.725435,108.028659
20240410,0,107.543501,107.887155,107.412104,107.583931
20240411,0,107.432318,107.725435,106.846085,106.997697
20240412,0,107.300921,107.614253,107.169524,107.311029
20240415,0,107.391889,107.594038,107.149309,107.311029
20240416,0,107.311029,107.74565,107.189739,107.74565
20240417,0,107.978122,108.149949,107.543501,107.816402
20240418,0,107.846725,108.604785,107.846725,108.58457
20240419,0,108.554248,108.736182,108.382421,108.594678
20240422,0,108.837257,109.110159,108.796827,108.978762
20240423,0,109.130374,109.645855,109.069729,109.514458
20240424,0,108.958547,108.958547,108.210594,108.251024
20240425,0,108.261131,108.392528,107.78608,107.90737
20240426,0,107.968014,108.119627,107.280706,107.401996
20240429,0,106.795548,106.876408,106.10824,106.522646
20240430,0,107.038127,107.361566,106.8663,107.341351
20240506,0,107.129094,107.220062,106.815763,106.957267
20240507,0,106.997697,107.503071,106.997697,107.371674
20240508,0,107.260491,107.715328,107.189739,107.533393
20240509,0,107.321136,107.492963,106.876408,106.98759
20240510,0,107.169524,107.401996,106.643936,106.835978
20240513,0,107.189739,107.74565,107.118987,107.573823
20240514,0,107.715328,108.008444,107.583931,107.70522
20240515,0,107.634328,107.897641,107.330505,107.502672
20240516,0,107.35076,107.43178,106.905153,107.067192
20240517,0,106.743114,107.178594,106.358272,106.763369
20240520,0,106.945663,107.249486,106.844389,107.087447
20240521,0,106.986173,107.07732,106.783624,107.016555
20240522,0,106.9963,107.441907,106.9963,107.320378
20240523,0,107.492544,107.877387,107.482417,107.765985
20240524,0,107.907769,108.049553,107.553309,107.593818
20240527,0,107.522926,107.836877,107.452034,107.755857
20240528,0,107.857132,108.302739,107.826749,108.272356
20240529,0,108.545797,108.677454,108.363503,108.464777
20240530,0,108.515415,108.758473,108.10019,108.262229
20240531,0,107.988788,108.312866,107.78624,107.816622
20240603,0,107.938151,108.302739,107.928024,108.120445
20240604,0,108.160955,108.262229,107.998916,108.252101
20240605,0,108.322993,108.474905,108.241974,108.373631
20240606,0,108.485032,108.49516,108.272356,108.424268
20240607,0,108.363503,108.586307,108.292611,108.586307
20240611,0,108.616689,108.940767,108.49516,108.80911
20240612,0,108.829365,108.920512,108.636944,108.657199
20240613,0,108.869875,109.062296,108.819238,108.991404
20240614,0,109.173698,109.376246,109.062296,109.234462
20240617,0,109.183825,109.47752,109.143315,109.416756
20240618,0,109.659814,109.902873,109.538285,109.700324
20240619,0,109.882618,109.923127,109.437011,109.771216
20240620,0,109.963637,110.166186,109.761089,110.156058
20240621,0,109.943382,109.963637,109.47752,109.700324
20240624,0,109.690197,110.156058,109.55854,110.115549
20240625,0,110.348479,110.530773,110.247205,110.429499
20240626,0,110.388989,110.551028,110.26746,110.368734
20240627,0,110.358607,110.875106,110.348479,110.864978
20240628,0,110.945998,111.128292,110.642175,110.885233
20240701,0,110.996635,111.503007,109.619305,109.821853
20240702,0,109.690197,110.186441,109.690197,110.135803
20240703,0,110.115549,110.490264,109.994019,110.399117
20240704,0,110.186441,110.409244,110.034529,110.156058
20240705,0,110.014274,110.095294,109.588922,109.791471
20240708,0,109.376246,109.51803,109.052168,109.457266
20240709,0,109.690197,109.882618,109.578795,109.771216
20240710,0,109.730706,109.882618,109.649687,109.842108
20240711,0,109.821853,109.933255,109.740834,109.902873
20240712,0,110.085166,110.318097,110.044657,110.26746
20240715,0,110.348479,110.510518,110.287715,110.470009
20240716,0,110.490264,110.611793,109.892745,110.459881
20240717,0,110.540901,110.591538,110.287715,110.480136
20240718,0,110.378862,110.378862,110.125676,110.206695
20240719,0,110.247205,110.490264,110.206695,110.480136
20240722,0,110.642175,110.895361,110.500391,110.804214
20240723,0,110.915616,111.01689,110.854851,110.966253
20240724,0,110.925743,111.138419,110.794086,111.077654
20240725,0,111.300458,111.584026,111.249821,111.523261
20240726,0,111.958741,111.989123,111.594153,111.827084
20240729,0,111.938486,112.363838,111.897976,112.343583
20240730,0,112.627151,112.900592,112.363838,112.779063
20240731,0,112.930974,113.174033,112.495495,112.505622
20240801,0,112.536004,113.123395,112.536004,112.971484
20240802,0,113.356326,113.569002,112.880337,113.325944
20240805,0,113.639894,114.439961,113.548747,114.409579
20240806,0,113.305689,113.619639,113.011994,113.386709
20240807,0,113.619639,113.953845,113.457601,113.943717
20240808,0,113.467728,113.57913,112.728426,113.234797
20240809,0,112.43473,112.890464,112.404348,112.87021
20240812,0,112.292946,112.292946,111.361223,111.543516
20240813,0,111.76632,112.444858,111.695428,112.303074
20240814,0,113.011994,113.315817,112.698043,112.961356
20240815,0,113.18416,113.234797,112.384093,112.495495
20240816,0,112.587087,113.146817,112.566733,112.637971
20240819,0,112.760094,113.279116,112.719387,113.258762
20240820,0,113.289293,113.513185,113.218055,113.43177
20240821,0,113.472477,113.5946,112.851686,112.882217
20240822,0,113.421593,113.737077,113.289293,113.584423
20240823,0,113.635308,113.838846,113.340178,113.767608
20240826,0,113.676016,113.960969,113.472477,113.7269
20240827,0,113.56407,113.7269,112.963632,113.065401
20240828,0,113.13664,113.482654,112.780448,113.43177
20240829,0,113.533539,113.584423,113.095932,113.289293
20240830,0,113.411416,113.452124,112.810979,113.228232
20240902,0,113.523362,113.879554,113.340178,113.828669
20240903,0,113.808315,113.920261,113.696369,113.879554
20240904,0,114.001676,114.327337,114.001676,114.113622
20240905,0,114.398576,114.826006,113.981323,114.215391
20240906,0,114.28663,114.673352,114.256099,114.551229
20240909,0,114.602114,114.978659,114.591937,114.948129
20240910,0,115.060074,115.314497,114.948129,115.283966
20240911,0,115.385735,115.56892,115.273789,115.518035
20240912,0,115.467151,115.752104,115.355205,115.59945
20240913,0,116.047234,116.362718,115.823342,116.352541
20240918,0,116.841033,117.237932,116.647671,117.166694
20240919,0,117.339701,117.583947,116.576433,116.729087
20240920,0,116.912271,117.492354,116.861386,117.482178
20240923,0,117.624654,117.807838,117.390585,117.675539
20240924,0,117.909608,118.052084,116.118472,116.474664
20240925,0,116.342364,116.963155,115.813165,116.88174
20240926,0,117.237932,117.390585,115.589273,115.589273
20240927,0,114.378222,114.999013,112.098595,112.953455
20240930,0,111.437097,113.075578,110.531352,112.261426
20241008,0,111.253912,113.696369,111.019844,112.515848
20241009,0,112.760094,113.676016,112.648148,113.676016
20241010,0,113.574246,114.551229,113.472477,114.41893
20241011,0,114.948129,115.029544,114.133976,114.439283
20241014,0,114.58176,114.999013,113.910084,114.256099
20241015,0,114.256099,114.632644,113.645485,114.602114
20241016,0,114.74459,114.74459,113.798138,114.062738
20241017,0,114.113622,115.039721,113.940615,114.826006
20241018,0,115.100782,115.365382,114.113622,114.429106
20241021,0,114.41893,114.612291,114.144153,114.571583
20241022,0,114.571583,114.571583,113.879554,113.899907
20241023,0,113.849023,113.9915,113.00434,113.503008
20241024,0,113.777785,114.032207,113.197701,113.401239
20241025,0,113.503008,113.625131,113.045047,113.16717
20241028,0,113.075578,113.330001,112.587087,112.810979
20241029,0,112.760094,113.43177,112.556556,113.411416
20241030,0,113.411416,113.56407,113.197701,113.330001
20241031,0,113.319824,113.625131,113.085755,113.543716
20241101,0,113.676016,114.245922,113.5946,114.205215
20241104,0,114.164507,114.429106,113.981323,114.113622
20241105,0,114.235745,114.724237,114.062738,114.652998
20241106,0,114.764944,115.080428,114.500345,114.520699
20241107,0,114.561406,114.805652,114.429106,114.632644
20241108,0,114.602114,115.080428,114.530875,114.805652
20241111,0,114.897244,115.070251,114.652998,114.999013
20241112,0,115.110959,115.762281,115.039721,115.762281
20241113,0,115.609627,115.813165,115.233082,115.43662
20241114,0,115.334851,115.426443,115.019367,115.212728
20241115,0,115.243259,115.385735,114.87689,115.100782
20241118,0,114.937952,114.937952,113.910084,113.910084
20241119,0,113.808315,114.530875,113.787961,114.510522
20241120,0,114.490168,114.500345,114.144153,114.31716
20241121,0,114.368022,114.99871,114.113713,114.937675
20241122,0,115.049572,115.425949,114.896986,115.364915
20241125,0,115.242847,116.117671,115.222502,116.066809
20241126,0,116.168533,116.361808,115.883706,116.097326
20241127,0,116.168533,116.504221,115.690431,115.77181
20241128,0,115.934568,116.453359,115.863362,116.402498
20241129,0,116.860254,116.941633,116.290601,116.514394
20241202,0,116.982323,117.541804,116.961978,117.429908
20241203,0,117.338356,117.338356,116.860254,116.931461
20241204,0,117.267149,117.796113,117.206115,117.785941
20241205,0,117.582493,117.938526,117.429908,117.704562
20241206,0,117.602838,117.806285,117.043357,117.368873
20241209,0,117.44008,117.775768,117.267149,117.419735
20241210,0,118.447145,119.301625,117.999561,118.965936
20241211,0,118.609903,119.138867,118.416628,119.026971
20241212,0,119.24059,119.444038,118.925247,119.10835
20241213,0,119.637313,119.993346,119.4949,119.779726
20241216,0,120.034036,120.73593,120.034036,120.349379
20241217,0,120.237483,120.30869,119.850933,120.247656
20241218,0,120.257828,120.573172,117.999561,119.576279
20241219,0,119.362659,119.688175,118.813351,119.159211
20241220,0,119.525417,120.440931,119.515245,120.440931
20241223,0,121.051273,121.193687,120.044208,120.125587
20241224,0,120.064553,120.440931,119.118522,119.474555
20241225,0,119.627141,119.627141,118.945592,119.342314
20241226,0,119.566106,119.627141,119.047315,119.189729
20241227,0,119.627141,120.613861,119.555934,120.573172
20241230,0,120.461276,120.532482,119.840761,120.044208
20241231,0,120.603689,120.990239,120.400241,120.878343
20250102,0,121.437824,122.068511,121.275066,122.048166
20250103,0,122.821267,123.075576,121.692133,122.231269
20250106,0,122.027821,122.770405,121.559892,122.760232
20250107,0,122.648336,122.689026,121.926098,122.353337
20250108,0,122.099028,122.597474,122.017649,122.36351
20250109,0,122.261786,122.383855,121.610754,121.681961
20250110,0,120.705413,121.905753,120.440931,121.824374
20250113,0,121.854891,122.241441,121.620926,122.017649
20250114,0,121.661616,122.068511,121.468341,122.017649
20250115,0,122.556785,122.831439,122.32282,122.678853
20250116,0,122.475406,122.912818,122.190579,122.638164
20250117,0,122.760232,122.872129,122.017649,122.027821
20250120,0,121.773512,122.221097,121.681961,121.865063
20250121,0,121.865063,122.53644,121.610754,122.526268
20250122,0,122.546613,122.760232,122.353337,122.444889
20250123,0,122.455061,122.648336,122.221097,122.302476
20250124,0,122.261786,122.607647,121.702305,122.607647
20250127,0,122.678853,123.370575,122.678853,123.329886
20250205,0,123.116266,123.797815,123.116266,123.787642
20250206,0,123.9504,124.265744,123.767298,124.20471
20250207,0,124.225055,124.387813,123.879194,123.909711
20250210,0,123.736781,123.838504,123.370575,123.421437
20250211,0,123.492644,123.940228,123.451954,123.909711
20250212,0,123.77747,124.184365,123.685919,123.726608
20250213,0,123.940228,124.072469,123.56385,123.99109
20250214,0,123.909711,124.031779,122.994197,123.35023
20250217,0,123.004369,123.146783,122.383855,122.424544
20250218,0,122.32282,122.465234,121.376789,122.251614
20250219,0,122.445729,122.619411,122.057499,122.486595
20250220,0,122.445729,122.476378,121.48537,121.669269
20250221,0,121.618186,121.730568,120.555661,120.565878
20250224,0,120.637394,120.943891,119.074257,119.442054
20250225,0,119.8405,120.361546,118.604294,120.208297
20250226,0,120.392196,120.954108,120.044832,120.279813
20250227,0,120.32068,120.616961,119.605519,119.922233
20250228,0,119.993749,120.73956,119.656602,120.565878
20250303,0,120.688477,121.393421,120.402412,121.250389
20250304,0,121.45472,121.556886,120.831509,121.189089
20250305,0,121.372988,121.618186,121.199306,121.444504
20250306,0,121.219739,121.270822,120.525011,120.698693
20250307,0,120.136781,120.187864,118.921008,119.084473
20250310,0,118.829059,119.738335,118.829059,119.135556
20250311,0,119.115123,119.176423,117.878917,117.878917
20250312,0,117.490687,118.798409,117.265922,118.696243
20250313,0,118.512345,118.880142,118.236497,118.410179
20250314,0,117.909567,118.512345,117.408954,117.848267
20250317,0,117.368088,117.48047,116.060365,116.080798
20250318,0,116.264697,116.928775,116.019499,116.162531
20250319,0,116.499678,116.816392,116.264697,116.550761
20250320,0,117.265922,117.950433,117.173973,117.817617
20250321,0,117.817617,118.052599,117.398737,117.582636
20250324,0,117.388521,118.103682,116.990074,118.093465
20250325,0,118.716676,118.880142,118.328446,118.399962
20250326,0,118.308013,119.319455,118.226281,119.299022
20250327,0,119.176423,119.350105,118.818842,118.839275
20250328,0,118.818842,119.258155,118.308013,118.512345
20250331,0,118.328446,119.084473,118.308013,118.655377
20250401,0,118.788193,119.06404,118.481695,118.726893
20250402,0,118.777976,119.748551,118.777976,119.717901
20250403,0,121.06649,121.424071,120.330896,121.321905
20250407,0,123.620636,123.661502,122.762443,123.416304
20250408,0,122.905475,123.089373,122.517245,122.619411
20250409,0,123.109807,123.886267,122.568328,122.936125
20250410,0,122.445729,122.793092,121.9349,122.466162
20250411,0,122.823742,123.089373,122.006416,122.118798
20250414,0,121.812301,122.588761,121.638619,122.568328
20250415,0,122.486595,122.813526,122.333346,122.374213
20250416,0,122.609194,122.976991,122.251614,122.639844
20250417,0,122.578544,122.670494,121.914466,122.026849
20250418,0,121.9349,122.527461,121.894033,122.29248
20250421,0,122.29248,122.312913,121.730568,121.914466
20250422,0,121.996199,122.578544,121.945116,122.517245
20250423,0,122.149448,122.190314,121.597752,121.985983
20250424,0,122.190314,122.445729,121.832734,121.84295
20250425,0,121.996199,122.639844,121.894033,122.272047
20250428,0,122.343563,122.864609,122.302697,122.782876
20250429,0,123.007641,123.620636,122.997424,123.600202
20250430,0,123.51847,123.610419,123.263055,123.375438
20250506,0,123.211972,123.641069,123.13024,123.589986
20250507,0,123.293705,123.569553,122.609194,122.74201
20250508,0,122.966774,123.263055,122.874825,123.03829
20250509,0,123.058724,123.171106,122.752226,122.976991
20250512,0,122.29248,122.762443,120.994974,121.311688
20250513,0,121.393421,121.90425,121.301472,121.883817
20250514,0,121.812301,121.863384,121.270822,121.505803
20250515,0,121.628402,121.720351,121.219739,121.689702
20250516,0,121.475153,121.597752,121.086923,121.48537
20250519,0,121.556886,121.945116,121.45472,121.90425
20250520,0,122.158811,122.230088,121.731148,121.894067
20250521,0,121.894067,122.006074,121.48677,121.802425
20250522,0,121.812608,122.067169,121.629324,121.700601
20250523,0,121.659871,121.86352,121.32385,121.782061
20250526,0,121.894067,122.148629,121.853338,121.94498
20250527,0,121.955162,122.026439,121.558047,121.639506
20250528,0,121.466405,121.731148,121.293303,121.578412
20250529,0,121.272938,121.32385,120.804546,120.855458
20250530,0,121.374763,121.649689,121.36458,121.588594
20250603,0,121.527499,121.751513,121.466405,121.629324
20250604,0,121.802425,121.873703,121.466405,121.751513
20250605,0,121.710783,121.873703,121.48677,121.48677
20250606,0,121.680236,122.006074,121.680236,121.965345
20250609,0,122.087534,122.393007,121.934797,122.331913
20250610,0,122.260636,122.494832,122.199541,122.352278
20250611,0,122.678116,122.708663,122.494832,122.637386
20250612,0,122.708663,122.841035,122.566109,122.688298
20250613,0,122.667933,122.759575,122.576291,122.698481
20250616,0,122.851217,122.932677,122.667933,122.718846
20250617,0,122.637386,123.054866,122.545744,123.024319
20250618,0,122.953042,123.136326,122.90213,123.105779
20250619,0,123.289063,123.421434,123.126143,123.268698
20250620,0,123.207603,123.655631,123.177056,123.533441
20250623,0,123.716725,123.757455,123.411252,123.502894
20250624,0,123.441799,123.482529,123.085414,123.136326
20250625,0,123.146508,123.299245,122.667933,122.871582
20250626,0,122.953042,122.983589,122.708663,122.922495
20250627,0,123.044684,123.227968,122.8614,123.095596
20250630,0,122.963224,122.983589,122.372642,122.617021
20250701,0,122.647569,122.973407,122.606839,122.942859
20250702,0,123.187238,123.411252,123.136326,123.390887
20250703,0,123.36034,123.431617,123.115961,123.339975
20250704,0,123.31961,123.523259,123.289063,123.411252
20250707,0,123.462164,123.563989,123.31961,123.36034
20250708,0,123.27888,123.309428,123.014137,123.126143
20250709,0,123.105779,123.299245,122.963224,123.299245
20250710,0,123.227968,123.258515,122.657751,122.729028
20250711,0,122.657751,122.851217,122.342095,122.810488
20250714,0,122.637386,122.657751,122.250453,122.484649
20250715,0,122.708663,123.044684,122.606839,122.963224
20250716,0,123.034501,123.075231,122.82067,122.912312
20250717,0,122.953042,123.095596,122.851217,122.932677
20250718,0,122.830853,122.881765,122.657751,122.657751
20250721,0,122.40319,122.433737,121.955162,122.158811
20250722,0,122.189358,122.291183,121.568229,121.629324
20250723,0,121.069289,121.710783,120.855458,121.44604
20250724,0,121.262756,121.283121,120.356518,120.40743
20250725,0,120.509255,120.824911,120.000132,120.101957
20250728,0,120.712904,121.059107,120.458343,120.9471
20250729,0,120.824911,120.824911,119.94922,120.020497
20250730,0,120.152869,120.794363,119.786301,120.519437
20250731,0,120.86564,121.374763,120.86564,121.293303
20250801,0,121.120202,121.568229,121.069289,121.211844
20250804,0,121.883885,121.985709,121.293303,121.36458
20250805,0,121.374763,121.670054,121.232208,121.496952
20250806,0,121.395128,121.670054,121.344215,121.507134
20250807,0,121.588594,121.86352,121.40531,121.558047
20250808,0,121.680236,121.782061,121.283121,121.496952
20250811,0,121.313668,121.313668,120.560167,120.763816
20250812,0,120.621262,120.753633,120.061227,120.295423
20250813,0,119.90849,120.600897,119.816848,120.427795
20250814,0,120.285241,120.305606,119.613199,120.03068
20250815,0,120.152869,120.325971,119.592835,119.623382
20250818,0,119.063347,119.063347,118.126562,118.208022
20250819,0,118.350576,118.706962,118.15711,118.666232
20250820,0,118.972969,119.095663,117.950513,118.134555
20250821,0,118.073207,118.850274,117.89939,118.717355
20250822,0,118.635558,119.054765,118.36972,118.584435
20250825,0,118.277699,119.525095,118.195902,119.422849
20250826,0,119.576218,119.944302,119.279705,119.903404
20250827,0,119.750035,120.036323,119.453523,120.036323
20250828,0,119.954526,119.964751,119.034316,119.075214
20250829,0,119.095663,119.453523,118.962744,119.167235
20250901,0,119.044541,119.617116,118.921846,119.535319
20250902,0,119.586442,119.668239,119.126337,119.300155
