date,time,open,high,low,close
20180817,0,99.4,99.405,99.075,99.16
20180820,0,99.1,99.26,99.1,99.215
20180821,0,99.185,99.235,99.12,99.185
20180822,0,99.235,99.29,99.19,99.2
20180823,0,99.28,99.28,99.225,99.275
20180824,0,99.305,99.38,99.29,99.31
20180827,0,99.27,99.3,99.205,99.27
20180828,0,99.215,99.315,99.185,99.275
20180829,0,99.27,99.32,99.225,99.31
20180830,0,99.335,99.435,99.3,99.365
20180831,0,99.36,99.4,99.315,99.375
20180903,0,99.35,99.365,99.31,99.33
20180904,0,99.315,99.315,99.265,99.28
20180905,0,99.29,99.315,99.275,99.275
20180906,0,99.29,99.305,99.265,99.27
20180907,0,99.26,99.28,99.245,99.255
20180910,0,99.25,99.275,99.22,99.25
20180911,0,99.26,99.265,99.205,99.24
20180912,0,99.25,99.255,99.22,99.24
20180913,0,99.225,99.31,99.22,99.27
20180914,0,99.295,99.305,99.275,99.3
20180917,0,99.405,99.405,99.325,99.345
20180918,0,99.385,99.385,99.335,99.34
20180919,0,99.35,99.375,99.31,99.31
20180920,0,99.27,99.3,99.25,99.275
20180921,0,99.27,99.32,99.27,99.32
20180925,0,99.305,99.33,99.28,99.295
20180926,0,99.28,99.345,99.275,99.34
20180927,0,99.38,99.4,99.345,99.395
20180928,0,99.45,99.45,99.36,99.39
20181008,0,99.38,99.405,99.32,99.385
20181009,0,99.385,99.505,99.385,99.45
20181010,0,99.48,99.48,99.43,99.45
20181011,0,99.54,99.55,99.485,99.515
20181012,0,99.505,99.53,99.495,99.525
20181015,0,99.52,99.525,99.505,99.51
20181016,0,99.495,99.535,99.475,99.535
20181017,0,99.52,99.545,99.51,99.52
20181018,0,99.535,99.56,99.525,99.535
20181019,0,99.525,99.56,99.47,99.49
20181022,0,99.45,99.46,99.43,99.44
20181023,0,99.41,99.49,99.41,99.485
20181024,0,99.47,99.51,99.47,99.505
20181025,0,99.55,99.6,99.52,99.53
20181026,0,99.515,99.54,99.505,99.53
20181029,0,99.55,99.625,99.53,99.615
20181030,0,99.65,99.65,99.565,99.61
20181031,0,99.595,99.635,99.575,99.635
20181101,0,99.63,99.655,99.6,99.64
20181102,0,99.595,99.645,99.555,99.61
20181105,0,99.57,99.665,99.57,99.655
20181106,0,99.65,99.78,99.64,99.78
20181107,0,99.755,99.9,99.715,99.885
20181108,0,99.83,99.96,99.83,99.945
20181109,0,99.935,99.97,99.89,99.9
20181112,0,99.92,99.92,99.88,99.9
20181113,0,99.95,99.95,99.88,99.885
20181114,0,99.945,100.095,99.93,100.05
20181115,0,100.05,100.1,100.05,100.055
20181116,0,100.06,100.1,100.005,100.075
20181119,0,100.08,100.08,100.015,100.065
20181120,0,100.045,100.09,100.03,100.035
20181121,0,100.105,100.14,100.035,100.04
20181122,0,100.04,100.065,99.995,100.04
20181123,0,100.07,100.07,99.965,100.03
20181126,0,100.135,100.135,99.98,100.045
20181127,0,99.9,100.11,99.9,99.99
20181128,0,100.075,100.095,100.03,100.095
20181129,0,100,100.1,100,100.09
20181130,0,100.055,100.055,100,100
20181203,0,99.754914,100.035012,99.754914,99.994998
20181204,0,99.994998,100.100035,99.994998,100.095033
20181205,0,100.180063,100.185065,100.090032,100.100035
20181206,0,100.095033,100.145051,100.08503,100.130046
20181207,0,100.125044,100.155054,100.095033,100.155054
20181210,0,100.160056,100.20007,100.145051,100.17006
20181211,0,100.145051,100.175061,100.135047,100.140049
20181212,0,100.160056,100.185065,100.120042,100.150053
20181213,0,100.160056,100.165058,100.065023,100.075026
20181214,0,100.065023,100.100035,100.035012,100.060021
20181217,0,100.045016,100.065023,100.020007,100.045016
20181218,0,100.010004,100.055019,100.010004,100.050018
20181219,0,100.070025,100.08503,100.025009,100.055019
20181220,0,100.090032,100.155054,100.090032,100.145051
20181221,0,100.110039,100.160056,100.095033,100.105037
20181224,0,100.160056,100.160056,100.11504,100.140049
20181225,0,100.135047,100.185065,100.120042,100.145051
20181226,0,100.120042,100.20007,100.105037,100.20007
20181227,0,100.195068,100.205072,100.125044,100.205072
20181228,0,100.190067,100.445156,100.185065,100.2851
20190102,0,100.2851,100.37013,100.2851,100.365128
20190103,0,100.375131,100.375131,100.325114,100.375131
20190104,0,100.425149,100.435152,100.360126,100.375131
20190107,0,100.375131,100.385135,100.335117,100.37013
20190108,0,100.37013,100.475166,100.360126,100.460161
20190109,0,100.465163,100.470165,100.395138,100.435152
20190110,0,100.445156,100.480168,100.415145,100.450158
20190111,0,100.390137,100.470165,100.275096,100.470165
20190114,0,100.450158,100.495173,100.385135,100.48517
20190115,0,100.465163,100.505177,100.435152,100.495173
20190116,0,100.490172,100.640224,100.470165,100.640224
20190117,0,100.625219,100.725254,100.585205,100.690242
20190118,0,100.695243,100.71525,100.625219,100.640224
20190121,0,100.585205,100.60021,100.550193,100.580203
20190122,0,100.565198,100.670235,100.545191,100.635222
20190123,0,100.630221,100.660231,100.575201,100.635222
20190124,0,100.590207,100.625219,100.470165,100.480168
20190125,0,100.440154,100.480168,100.415145,100.435152
20190128,0,100.420147,100.440154,100.375131,100.440154
20190129,0,100.465163,100.48517,100.445156,100.475166
20190130,0,100.520182,100.520182,100.305107,100.415145
20190131,0,100.290102,100.445156,100.290102,100.425149
20190201,0,100.440154,100.445156,100.375131,100.375131
20190211,0,100.265093,100.565198,100.265093,100.540189
20190212,0,100.535187,100.555194,100.490172,100.540189
20190213,0,100.550193,100.565198,100.535187,100.540189
20190214,0,100.305107,100.545191,100.305107,100.510179
20190215,0,100.495173,100.565198,100.495173,100.535187
20190218,0,100.525184,100.560196,100.475166,100.520182
20190219,0,100.480168,100.560196,100.470165,100.560196
20190220,0,100.575201,100.590207,100.575201,100.585205
20190221,0,100.565198,100.5702,100.535187,100.555194
20190222,0,100.535187,100.575201,100.535187,100.555194
20190225,0,100.500175,100.525184,100.495173,100.520182
20190226,0,100.495173,100.650228,100.495173,100.640224
20190227,0,100.545191,100.88531,100.530186,100.765268
20190228,0,101.035362,101.035362,101.035362,101.035362
20190301,0,100.990044,101.035362,100.974938,101.020256
20190304,0,100.929619,101.035362,100.929619,101.035362
20190305,0,101.045433,101.045433,101.020256,101.020256
20190306,0,101.020256,101.020256,100.919548,100.979973
20190307,0,100.979973,101.010185,100.979973,101.00515
20190308,0,101.055504,101.080681,101.030327,101.050469
20190311,0,101.065575,101.065575,101.010185,101.010185
20190312,0,101.010185,101.010185,100.985008,100.995079
20190313,0,101.000115,101.000115,100.969902,100.979973
20190314,0,100.974938,100.974938,100.93969,100.949761
20190315,0,100.929619,100.929619,100.889336,100.909477
20190318,0,100.889336,100.889336,100.859123,100.864159
20190319,0,100.869194,100.8843,100.859123,100.864159
20190320,0,100.854088,100.854088,100.622459,100.788628
20190321,0,100.823875,100.864159,100.81884,100.864159
20190322,0,100.869194,100.899406,100.869194,100.899406
20190325,0,100.924584,100.995079,100.914513,100.979973
20190326,0,101.035362,101.035362,100.954796,100.990044
20190327,0,100.969902,101.00515,100.964867,101.00515
20190328,0,101.010185,101.030327,101.010185,101.015221
20190329,0,101.025292,101.025292,100.995079,101.025292
20190401,0,100.990044,101.040398,100.949761,100.974938
20190402,0,100.959831,101.000115,100.959831,101.000115
20190403,0,101.020256,101.020256,100.864159,100.869194
20190404,0,100.869194,100.874229,100.743309,100.743309
20190408,0,100.738274,100.798698,100.738274,100.763451
20190409,0,100.75338,100.75338,100.672813,100.672813
20190410,0,100.677849,100.68792,100.607353,100.677849
20190411,0,100.69799,100.743309,100.69799,100.703026
20190412,0,100.692955,100.69799,100.68792,100.68792
20190415,0,100.562034,100.592247,100.496574,100.592247
20190416,0,100.597282,100.607353,100.556999,100.556999
20190417,0,100.551964,100.587212,100.456291,100.587212
20190418,0,100.562034,100.577141,100.546928,100.572105
20190419,0,100.582176,100.607353,100.582176,100.597282
20190422,0,100.546928,100.562034,100.546928,100.551964
20190423,0,100.491539,100.551964,100.491539,100.546928
20190424,0,100.718132,100.718132,100.50161,100.50161
20190425,0,100.521751,100.597282,100.521751,100.526787
20190426,0,100.531822,100.556999,100.521751,100.521751
20190429,0,100.50161,100.551964,100.50161,100.50161
20190430,0,100.506645,100.682884,100.506645,100.682884
20190506,0,100.662743,100.758415,100.662743,100.733238
20190507,0,100.68792,100.75338,100.68792,100.738274
20190508,0,100.728203,100.748344,100.708061,100.723167
20190509,0,100.743309,100.758415,100.733238,100.733238
20190510,0,100.768486,100.778557,100.738274,100.738274
20190513,0,100.864159,100.869194,100.813805,100.813805
20190514,0,100.808769,100.808769,100.773521,100.773521
20190515,0,100.728203,100.743309,100.708061,100.733238
20190516,0,100.728203,100.773521,100.728203,100.748344
20190517,0,100.743309,100.783592,100.743309,100.778557
20190520,0,100.783592,100.808769,100.768486,100.773521
20190521,0,100.773521,100.778557,100.763451,100.768486
20190522,0,100.768486,100.768486,100.758415,100.763451
20190523,0,100.748344,100.788628,100.743309,100.788628
20190524,0,100.778557,100.803734,100.778557,100.793663
20190527,0,100.803753,100.803753,100.647351,100.652397
20190528,0,100.576718,100.753301,100.576718,100.748256
20190529,0,100.788618,100.83907,100.788618,100.834025
20190530,0,100.788618,100.813844,100.788618,100.803753
20190531,0,100.82898,100.83907,100.793663,100.803753
20190603,0,100.783573,100.849161,100.783573,100.849161
20190604,0,100.854206,100.924839,100.849161,100.914749
20190605,0,100.894568,100.975291,100.889522,100.975291
20190606,0,100.95511,100.980337,100.950065,100.950065
20190610,0,100.94502,100.970246,100.924839,100.965201
20190611,0,100.924839,100.94502,100.894568,100.909703
20190612,0,100.904658,100.94502,100.904658,100.93493
20190613,0,100.914749,100.960156,100.914749,100.939975
20190614,0,100.950065,101.010608,100.929884,101.005563
20190617,0,101.035834,101.05097,100.985382,101.010608
20190618,0,101.035834,101.035834,100.975291,100.980337
20190619,0,100.990427,100.995472,100.970246,100.970246
20190620,0,101.015653,101.06106,100.995472,100.995472
20190621,0,101.106467,101.106467,101.020699,101.025744
20190624,0,101.005563,101.010608,100.990427,101.000518
20190625,0,100.985382,101.05097,100.985382,101.005563
20190626,0,100.995472,101.000518,100.980337,100.980337
20190627,0,100.995472,101.010608,100.970246,100.975291
20190628,0,100.985382,101.05097,100.985382,101.030789
20190701,0,101.005563,101.035834,100.985382,101.025744
20190702,0,101.035834,101.106467,101.030789,101.106467
20190703,0,101.131694,101.146829,101.101422,101.121603
20190704,0,101.096377,101.141784,101.096377,101.131694
20190705,0,101.121603,101.126648,101.096377,101.101422
20190708,0,101.081241,101.101422,101.056015,101.06106
20190709,0,101.076196,101.081241,101.066106,101.076196
20190710,0,101.081241,101.081241,101.071151,101.076196
20190711,0,101.086287,101.116558,101.086287,101.106467
20190712,0,101.101422,101.121603,101.096377,101.116558
20190715,0,101.121603,101.141784,101.081241,101.081241
20190716,0,101.081241,101.101422,101.071151,101.081241
20190717,0,101.091332,101.101422,101.086287,101.096377
20190718,0,101.091332,101.136739,101.091332,101.131694
20190719,0,101.141784,101.141784,101.106467,101.116558
20190722,0,101.106467,101.151875,101.106467,101.146829
20190723,0,101.161965,101.202327,101.136739,101.146829
20190724,0,101.131694,101.131694,101.101422,101.106467
20190725,0,101.111513,101.126648,101.111513,101.111513
20190726,0,101.116558,101.131694,101.116558,101.131694
20190729,0,101.126648,101.131694,101.101422,101.106467
20190730,0,101.111513,101.111513,101.096377,101.101422
20190731,0,101.116558,101.15692,101.116558,101.15692
20190801,0,101.15692,101.15692,101.141784,101.151875
20190802,0,101.197282,101.232598,101.192236,101.232598
20190805,0,101.232598,101.338548,101.222508,101.338548
20190806,0,101.36882,101.37891,101.333503,101.333503
20190807,0,101.343593,101.353684,101.333503,101.348639
20190808,0,101.338548,101.363774,101.328458,101.363774
20190809,0,101.36882,101.394046,101.36882,101.394046
20190812,0,101.36882,101.389001,101.348639,101.353684
20190813,0,101.409181,101.409181,101.36882,101.36882
20190814,0,101.348639,101.383955,101.338548,101.348639
20190815,0,101.36882,101.394046,101.303232,101.318367
20190816,0,101.308277,101.318367,101.257824,101.26287
20190819,0,101.26287,101.288096,101.257824,101.288096
20190820,0,101.283044,101.308302,101.283044,101.298199
20190821,0,101.283044,101.288096,101.252735,101.257787
20190822,0,101.252735,101.298199,101.252735,101.293147
20190823,0,101.283044,101.318405,101.277993,101.308302
20190826,0,101.343663,101.414384,101.33356,101.348714
20190827,0,101.343663,101.363869,101.338611,101.353766
20190828,0,101.363869,101.379023,101.343663,101.343663
20190829,0,101.338611,101.449745,101.313353,101.379023
20190830,0,101.358817,101.36892,101.308302,101.318405
20190902,0,101.328508,101.338611,101.293147,101.308302
20190903,0,101.298199,101.33356,101.293147,101.293147
20190904,0,101.313353,101.338611,101.30325,101.328508
20190905,0,101.394178,101.424487,101.379023,101.394178
20190906,0,101.394178,101.424487,101.379023,101.414384
20190909,0,101.394178,101.404281,101.384075,101.399229
20190910,0,101.384075,101.389126,101.363869,101.373972
20190911,0,101.363869,101.373972,101.353766,101.363869
20190912,0,101.328508,101.348714,101.30325,101.308302
20190916,0,101.247684,101.338611,101.247684,101.328508
20190917,0,101.384075,101.389126,101.288096,101.288096
20190918,0,101.298199,101.328508,101.277993,101.277993
20190919,0,101.293147,101.323457,101.293147,101.313353
20190920,0,101.323457,101.33356,101.30325,101.318405
20190923,0,101.308302,101.343663,101.308302,101.323457
20190924,0,101.33356,101.363869,101.313353,101.313353
20190925,0,101.328508,101.338611,101.313353,101.33356
20190926,0,101.328508,101.33356,101.288096,101.288096
20190927,0,101.298199,101.313353,101.252735,101.252735
20190930,0,101.257787,101.293147,101.247684,101.288096
20191008,0,101.313353,101.348714,101.298199,101.348714
20191009,0,101.353766,101.379023,101.328508,101.338611
20191010,0,101.338611,101.338611,101.308302,101.313353
20191011,0,101.288096,101.288096,101.247684,101.272941
20191014,0,101.237581,101.283044,101.212323,101.277993
20191015,0,101.272941,101.313353,101.262838,101.293147
20191016,0,101.30325,101.318405,101.283044,101.283044
20191017,0,101.283044,101.323457,101.283044,101.318405
20191018,0,101.318405,101.318405,101.26789,101.272941
20191021,0,101.272941,101.272941,101.212323,101.222426
20191022,0,101.192117,101.222426,101.187065,101.192117
20191023,0,101.20222,101.222426,101.187065,101.217375
20191024,0,101.212323,101.227478,101.207271,101.227478
20191025,0,101.222426,101.237581,101.207271,101.212323
20191028,0,101.187065,101.192117,101.121396,101.13655
20191029,0,101.131499,101.151705,101.101189,101.106241
20191030,0,101.106241,101.121396,100.944592,100.990056
20191031,0,101.03552,101.126447,101.005211,101.126447
20191101,0,101.146653,101.192117,101.121396,101.182014
20191104,0,101.151705,101.187065,101.13655,101.182014
20191105,0,101.151705,101.30325,101.151705,101.293147
20191106,0,101.288096,101.298199,101.237581,101.252735
20191107,0,101.252735,101.262838,101.227478,101.247684
20191108,0,101.207271,101.288096,101.207271,101.283044
20191111,0,101.272941,101.343663,101.26789,101.343663
20191112,0,101.348714,101.353766,101.293147,101.293147
20191113,0,101.318444,101.328563,101.298207,101.313385
20191114,0,101.313385,101.333622,101.293147,101.303266
20191115,0,101.303266,101.3488,101.303266,101.323503
20191118,0,101.323503,101.439868,101.323503,101.42975
20191119,0,101.444928,101.500581,101.444928,101.475284
20191120,0,101.490462,101.50564,101.460106,101.495521
20191121,0,101.500581,101.535996,101.490462,101.515759
20191122,0,101.541055,101.586589,101.439868,101.50564
20191125,0,101.490462,101.495521,101.449987,101.449987
20191126,0,101.449987,101.475284,101.434809,101.475284
20191127,0,101.475284,101.490462,101.455046,101.470224
20191128,0,101.475284,101.475284,101.460106,101.465165
20191129,0,101.465165,101.485402,101.449987,101.475284
20191202,0,101.404453,101.439868,100.96429,101.384216
20191203,0,101.394334,101.419631,101.389275,101.414572
20191204,0,101.470224,101.475284,101.42975,101.449987
20191205,0,101.434809,101.470224,101.42975,101.465165
20191206,0,101.460106,101.465165,101.409512,101.42469
20191209,0,101.414572,101.414572,101.389275,101.404453
20191210,0,101.414572,101.449987,101.409512,101.439868
20191211,0,101.42975,101.455046,101.419631,101.444928
20191212,0,101.439868,101.460106,101.434809,101.455046
20191213,0,101.399394,101.439868,101.399394,101.419631
20191216,0,101.42469,101.439868,101.404453,101.409512
20191217,0,101.399394,101.399394,101.358919,101.363978
20191218,0,101.35386,101.384216,101.3488,101.35386
20191219,0,101.358919,101.379156,101.358919,101.374097
20191220,0,101.379156,101.485402,101.379156,101.485402
20191223,0,101.475284,101.535996,101.465165,101.535996
20191224,0,101.551174,101.576471,101.520818,101.530937
20191225,0,101.535996,101.571411,101.525877,101.571411
20191226,0,101.571411,101.642242,101.571411,101.622005
20191227,0,101.611886,101.622005,101.591649,101.591649
20191230,0,101.58153,101.611886,101.571411,101.611886
20191231,0,101.601767,101.632123,101.591649,101.611886
20200102,0,101.591649,101.611886,101.556233,101.561293
20200103,0,101.455046,101.586589,101.455046,101.515759
20200106,0,101.490462,101.551174,101.490462,101.535996
20200107,0,101.510699,101.551174,101.500581,101.530937
20200108,0,101.551174,101.576471,101.520818,101.561293
20200109,0,101.546115,101.642242,101.520818,101.606827
20200110,0,101.596708,101.718132,101.596708,101.713073
20200113,0,101.708014,101.728251,101.682717,101.692836
20200114,0,101.682717,101.682717,101.632123,101.642242
20200115,0,101.66248,101.682717,101.616945,101.66248
20200116,0,101.652361,101.692836,101.632123,101.652361
20200117,0,101.652361,101.73837,101.652361,101.73837
20200120,0,101.728251,101.849675,101.728251,101.849675
20200121,0,101.885091,101.885091,101.834497,101.874972
20200122,0,101.915447,101.930625,101.819319,101.839557
20200123,0,101.89015,101.925566,101.834497,101.925566
20200203,0,102.208889,102.330313,102.087465,102.138058
20200204,0,102.127939,102.178533,102.117821,102.148177
20200205,0,102.102643,102.229126,102.097583,102.193711
20200206,0,102.19877,102.249364,102.193711,102.224067
20200207,0,102.229126,102.330313,102.229126,102.320194
20200210,0,102.340432,102.360669,102.315135,102.325254
20200211,0,102.320194,102.320194,102.219008,102.254423
20200212,0,102.249364,102.294898,102.224067,102.264542
20200213,0,102.27466,102.35561,102.269601,102.320194
20200214,0,102.340432,102.340432,102.208889,102.229126
20200217,0,102.234186,102.315135,102.229126,102.244304
20200218,0,102.259482,102.35561,102.254423,102.345491
20200219,0,102.330272,102.370857,102.299833,102.309979
20200220,0,102.309979,102.315052,102.218663,102.238955
20200221,0,102.254175,102.320125,102.244028,102.284613
20200224,0,102.340418,102.411442,102.315052,102.401296
20200225,0,102.421588,102.462173,102.396223,102.401296
20200226,0,102.411442,102.4571,102.345491,102.365784
20200227,0,102.386076,102.452027,102.365784,102.441881
20200228,0,102.492612,102.563636,102.487539,102.533197
20200302,0,102.55349,102.55349,102.477393,102.487539
20200303,0,102.467246,102.502758,102.406369,102.47232
20200304,0,102.487539,102.614367,102.487539,102.578856
20200305,0,102.55349,102.583929,102.543344,102.573782
20200306,0,102.589002,102.665099,102.589002,102.660026
20200309,0,102.786854,102.873098,102.705684,102.725977
20200310,0,102.71583,102.71583,102.497685,102.517978
20200311,0,102.487539,102.619441,102.482466,102.614367
20200312,0,102.619441,102.675245,102.578856,102.583929
20200313,0,102.599148,102.639733,102.497685,102.558563
20200316,0,102.604221,102.649879,102.502758,102.543344
20200317,0,102.53827,102.53827,102.467246,102.482466
20200318,0,102.467246,102.614367,102.446954,102.578856
20200319,0,102.568709,102.614367,102.517978,102.543344
20200320,0,102.548417,102.705684,102.543344,102.660026
20200323,0,102.675245,102.81222,102.675245,102.791927
20200324,0,102.781781,102.939048,102.761488,102.862951
20200325,0,102.852805,103.020219,102.802074,102.984707
20200326,0,102.999926,103.076023,102.999926,103.035438
20200327,0,103.07095,103.07095,102.918756,102.999926
20200330,0,102.98978,103.212998,102.944121,103.116608
20200331,0,103.101389,103.23329,103.065877,103.218071
20200401,0,103.228217,103.334753,103.131828,103.172413
20200402,0,103.177486,103.192705,103.076023,103.106462
20200403,0,103.065877,103.182559,103.065877,103.081096
20200407,0,103.299241,103.603629,103.289095,103.603629
20200408,0,103.720312,103.918164,103.634068,103.918164
20200409,0,103.948603,103.963822,103.6848,103.811628
20200410,0,103.796409,103.796409,103.537679,103.674653
20200413,0,103.654361,103.654361,103.542752,103.613776
20200414,0,103.623922,103.791336,103.623922,103.689873
20200415,0,103.776116,103.857286,103.740604,103.816701
20200416,0,103.857286,103.897871,103.781189,103.796409
20200417,0,103.796409,103.836994,103.755824,103.811628
20200420,0,103.836994,103.958749,103.836994,103.918164
20200421,0,103.92831,104.166748,103.913091,104.161675
20200422,0,104.166748,104.273284,104.136309,104.192113
20200423,0,104.197187,104.3646,104.090651,104.146455
20200424,0,104.161675,104.20226,104.00948,104.151528
20200427,0,104.055139,104.171821,104.055139,104.166748
20200428,0,104.166748,104.222552,104.10587,104.141382
20200429,0,104.116016,104.308796,104.116016,104.28343
20200430,0,104.207333,104.308796,104.10587,104.171821
20200506,0,104.156602,104.227625,104.034846,104.060212
20200507,0,104.044992,104.055139,103.796409,103.821774
20200508,0,103.882652,103.984115,103.755824,103.92831
20200511,0,103.92831,104.019627,103.760897,103.811628
20200512,0,103.897871,103.933383,103.811628,103.816701
20200513,0,103.842067,103.938457,103.821774,103.867433
20200514,0,103.867433,103.968895,103.796409,103.882652
20200515,0,103.908092,103.989501,103.857212,103.938621
20200518,0,103.918268,103.933533,103.750363,103.755451
20200519,0,103.648602,103.796155,103.536665,103.668954
20200520,0,103.668954,103.70457,103.47052,103.516313
20200521,0,103.526489,103.612986,103.460344,103.541753
20200522,0,103.551929,103.903004,103.551929,103.903004
20200525,0,103.811419,103.852124,103.516313,103.536665
20200526,0,103.536665,103.689306,103.165237,103.307703
20200527,0,103.307703,103.399288,103.083829,103.149973
20200528,0,103.144885,103.338231,103.104181,103.272086
20200529,0,103.246646,103.343319,103.226294,103.272086
20200601,0,103.429816,103.465432,103.282263,103.317879
20200602,0,103.246646,103.312791,102.97698,103.00242
20200603,0,103.032948,103.083829,102.61064,103.078741
20200604,0,103.02786,103.134709,102.84469,102.854867
20200605,0,102.885395,102.941363,102.773458,102.79381
20200608,0,102.809074,103.012596,102.74293,103.007508
20200609,0,102.926099,103.190678,102.926099,103.022772
20200610,0,103.043124,103.129621,102.870131,102.931187
20200611,0,102.982068,103.063477,102.921011,103.007508
20200612,0,103.109269,103.160149,103.012596,103.068565
20200615,0,103.088917,103.144885,103.012596,103.063477
20200616,0,102.956628,103.043124,102.905747,102.910835
20200617,0,102.915923,102.936275,102.798898,102.803986
20200618,0,102.956628,103.043124,102.758194,102.859955
20200619,0,102.875219,102.890483,102.758194,102.81925
20200622,0,102.824338,102.859955,102.712401,102.717489
20200623,0,102.707313,102.773458,102.503791,102.76837
20200624,0,102.778546,102.982068,102.778546,102.982068
20200629,0,102.961716,103.063477,102.905747,102.992244
20200630,0,102.880307,103.012596,102.880307,103.00242
20200701,0,103.038036,103.0533,102.926099,102.951539
20200702,0,102.890483,103.007508,102.890483,102.997332
20200703,0,102.982068,103.032948,102.946451,102.966804
20200706,0,102.895571,102.951539,102.564848,102.575024
20200707,0,102.544496,102.625904,102.371502,102.5852
20200708,0,102.5852,102.61064,102.386766,102.442735
20200709,0,102.407118,102.437647,102.229037,102.330798
20200710,0,102.35115,102.524144,102.335886,102.407118
20200713,0,102.422383,102.452911,102.198509,102.279917
20200714,0,102.391854,102.468175,102.335886,102.366414
20200715,0,102.371502,102.554672,102.320622,102.53432
20200716,0,102.529232,102.600464,102.488527,102.580112
20200717,0,102.625904,102.656433,102.513967,102.580112
20200720,0,102.575024,102.646257,102.513967,102.580112
20200721,0,102.625904,102.748018,102.625904,102.676785
20200722,0,102.661521,102.758194,102.580112,102.748018
20200723,0,102.712401,102.753106,102.661521,102.717489
20200724,0,102.702225,102.809074,102.676785,102.74293
20200727,0,102.737842,102.737842,102.651345,102.707313
20200728,0,102.676785,102.681873,102.615728,102.641169
20200729,0,102.641169,102.666609,102.564848,102.590288
20200730,0,102.55976,102.605552,102.549584,102.590288
20200731,0,102.549584,102.569936,102.432559,102.498703
20200803,0,102.361326,102.569936,102.361326,102.529232
20200804,0,102.519055,102.55976,102.457999,102.503791
20200805,0,102.508879,102.575024,102.371502,102.386766
20200806,0,102.35115,102.396942,102.285005,102.290093
20200807,0,102.290093,102.371502,102.274829,102.315534
20200810,0,102.315534,102.432559,102.290093,102.412207
20200811,0,102.407118,102.407118,102.335886,102.396942
20200812,0,102.37659,102.407118,102.285005,102.37659
20200813,0,102.361326,102.412207,102.340974,102.391854
20200814,0,102.422383,102.498703,102.40203,102.442735
20200817,0,102.478351,102.493615,102.427471,102.457999
20200818,0,102.457999,102.488527,102.417295,102.457999
20200819,0,102.437647,102.457999,102.335886,102.340974
20200820,0,102.356238,102.381678,102.290093,102.290093
20200821,0,102.305358,102.340974,102.290093,102.315534
20200824,0,102.315534,102.351216,102.254365,102.279852
20200825,0,102.22378,102.279852,102.172806,102.208488
20200826,0,102.22378,102.264559,102.137124,102.147319
20200827,0,102.142221,102.183001,102.101442,102.106539
20200828,0,102.101442,102.111637,102.040273,102.111637
20200831,0,102.111637,102.162611,102.086149,102.147319
20200901,0,102.142221,102.162611,102.121831,102.137124
20200902,0,102.121831,102.121831,102.035175,102.055565
20200903,0,102.019883,102.06576,101.968909,102.060662
20200904,0,102.101442,102.121831,102.009688,102.019883
20200907,0,101.999493,102.019883,101.958714,102.009688
20200908,0,102.04537,102.086149,102.02498,102.06576
20200909,0,102.101442,102.249267,102.075955,102.24417
20200910,0,102.193195,102.346118,102.188098,102.305339
20200911,0,102.284949,102.290046,102.22378,102.22378
20200914,0,102.188098,102.24417,102.106539,102.213585
20200915,0,102.254365,102.36141,102.233975,102.315534
20200916,0,102.376703,102.42258,102.341021,102.341021
20200917,0,102.341021,102.386898,102.269657,102.295144
20200918,0,102.330826,102.407287,102.305339,102.341021
20200921,0,102.341021,102.478651,102.341021,102.432774
20200922,0,102.458262,102.504138,102.371605,102.432774
20200923,0,102.458262,102.458262,102.3818,102.42258
20200924,0,102.437872,102.448067,102.315534,102.330826
20200925,0,102.295144,102.346118,102.284949,102.290046
20200928,0,102.264559,102.320631,102.239072,102.315534
20200929,0,102.305339,102.315534,102.24417,102.279852
20200930,0,102.284949,102.300241,102.152416,102.172806
20201009,0,102.126929,102.132026,102.035175,102.040273
20201012,0,102.019883,102.121831,101.989298,102.096344
20201013,0,102.086149,102.116734,102.075955,102.116734
20201014,0,102.096344,102.106539,102.04537,102.050467
20201015,0,101.999493,102.081052,101.999493,102.009688
20201016,0,102.02498,102.081052,101.968909,102.075955
20201019,0,102.101442,102.147319,102.06576,102.137124
20201020,0,102.121831,102.152416,102.096344,102.147319
20201021,0,102.116734,102.218683,102.116734,102.193195
20201022,0,102.22378,102.310436,102.22378,102.279852
20201023,0,102.249267,102.269657,102.218683,102.239072
20201026,0,102.20339,102.249267,102.157513,102.188098
20201027,0,102.20339,102.24417,102.183001,102.228877
20201028,0,102.264559,102.325728,102.177903,102.24417
20201029,0,102.264559,102.284949,102.177903,102.198293
20201030,0,102.198293,102.254365,102.183001,102.208488
20201102,0,102.198293,102.264559,102.157513,102.259462
20201103,0,102.284949,102.315534,102.228877,102.24417
20201104,0,102.22378,102.259462,102.198293,102.24417
20201105,0,102.218683,102.259462,102.152416,102.167708
20201106,0,102.157513,102.157513,102.096344,102.106539
20201109,0,102.060662,102.096344,102.050467,102.070857
20201110,0,102.050467,102.147319,102.040273,102.111637
20201111,0,102.116734,102.167708,102.070857,102.096344
20201112,0,102.070857,102.075955,102.014785,102.02498
20201113,0,102.004591,102.014785,101.917934,101.948519
20201116,0,101.963811,102.04537,101.963811,101.968909
20201117,0,101.963811,101.989298,101.943422,101.943422
20201118,0,101.948519,101.948519,101.780304,101.831278
20201119,0,101.826181,101.831278,101.765012,101.785401
20201120,0,101.734427,101.775206,101.693648,101.724232
20201123,0,101.785401,101.815986,101.785401,101.800694
20201124,0,101.805791,101.826181,101.734427,101.754817
20201125,0,101.775206,101.872058,101.724232,101.851668
20201126,0,101.872058,101.984201,101.861863,101.912837
20201127,0,101.917934,101.943422,101.841473,101.856765
20201130,0,101.973912,102.136899,101.943352,102.136899
20201201,0,102.152179,102.157273,102.070686,102.080873
20201202,0,102.070686,102.070686,101.984099,102.014659
20201203,0,102.004472,102.029939,101.938259,101.979006
20201204,0,102.019752,102.019752,101.963726,102.004472
20201207,0,101.999379,101.999379,101.938259,101.973912
20201208,0,102.014659,102.055406,102.004472,102.029939
20201209,0,102.055406,102.065593,101.984099,102.019752
20201210,0,102.035032,102.131806,102.035032,102.096153
20201211,0,102.085966,102.085966,102.009566,102.019752
20201214,0,102.004472,102.045219,101.979006,102.029939
20201215,0,102.121619,102.177646,102.085966,102.126713
20201216,0,102.121619,102.203113,102.116526,102.177646
20201217,0,102.141993,102.162366,102.070686,102.070686
20201218,0,102.060499,102.101246,102.024846,102.024846
20201221,0,102.080873,102.157273,102.080873,102.136899
20201222,0,102.177646,102.238766,102.157273,102.172553
20201223,0,102.233673,102.2897,102.18274,102.264233
20201224,0,102.223486,102.254046,102.177646,102.203113
20201225,0,102.18274,102.27442,102.18274,102.27442
20201228,0,102.279513,102.315167,102.238766,102.254046
20201229,0,102.284606,102.294793,102.238766,102.284606
20201230,0,102.284606,102.345727,102.264233,102.33554
20201231,0,102.3661,102.386473,102.254046,102.25914
20210104,0,102.25914,102.279513,102.187833,102.218393
20210105,0,102.218393,102.315167,102.218393,102.299887
20210106,0,102.310073,102.39666,102.279513,102.30498
20210107,0,102.376287,102.39666,102.330447,102.355913
20210108,0,102.3661,102.39666,102.310073,102.355913
20210111,0,102.355913,102.355913,102.279513,102.330447
20210112,0,102.355913,102.437407,102.315167,102.432314
20210113,0,102.447594,102.539274,102.406847,102.529087
20210114,0,102.580021,102.656421,102.401753,102.42722
20210115,0,102.417034,102.47306,102.310073,102.310073
20210118,0,102.284606,102.284606,102.208206,102.254046
20210119,0,102.25914,102.299887,102.24386,102.269326
20210120,0,102.30498,102.33554,102.264233,102.33554
20210121,0,102.325353,102.401753,102.32026,102.386473
20210122,0,102.345727,102.391567,102.284606,102.371193
20210125,0,102.361007,102.386473,102.32026,102.35082
20210126,0,102.27442,102.27442,102.18274,102.192926
20210127,0,102.152179,102.22858,102.106339,102.208206
20210128,0,102.177646,102.187833,102.106339,102.116526
20210129,0,102.152179,102.203113,101.968819,102.126713
20210201,0,102.147086,102.233673,102.136899,102.192926
20210202,0,102.203113,102.238766,102.192926,102.203113
20210203,0,102.18274,102.18274,102.080873,102.091059
20210204,0,102.085966,102.106339,102.019752,102.024846
20210205,0,102.019752,102.111433,102.014659,102.060499
20210208,0,102.070686,102.111433,102.024846,102.106339
20210209,0,102.096153,102.167459,102.096153,102.126713
20210210,0,102.126713,102.126713,102.075779,102.101246
20210218,0,102.050312,102.085966,101.958632,102.024846
20210219,0,102.070686,102.167459,102.055406,102.162366
20210222,0,102.152179,102.22858,102.121619,102.22858
20210223,0,102.2133,102.284606,102.208206,102.269326
20210224,0,102.310073,102.361007,102.294793,102.30498
20210225,0,102.269186,102.32032,102.243618,102.310093
20210226,0,102.315207,102.340774,102.264072,102.289639
20210301,0,102.294753,102.351001,102.294753,102.325434
20210302,0,102.330547,102.381682,102.294753,102.340774
20210303,0,102.340774,102.407249,102.294753,102.32032
20210304,0,102.299866,102.310093,102.248732,102.264072
20210305,0,102.258959,102.361228,102.233391,102.356114
20210308,0,102.325434,102.386795,102.289639,102.366341
20210309,0,102.351001,102.366341,102.274299,102.325434
20210310,0,102.32032,102.345888,102.279413,102.310093
20210311,0,102.315207,102.325434,102.258959,102.269186
20210312,0,102.269186,102.30498,102.258959,102.264072
20210315,0,102.269186,102.274299,102.202711,102.238505
20210316,0,102.238505,102.30498,102.233391,102.269186
20210317,0,102.30498,102.345888,102.30498,102.310093
20210318,0,102.315207,102.315207,102.279413,102.289639
20210319,0,102.299866,102.391909,102.299866,102.371455
20210322,0,102.376568,102.448157,102.366341,102.397022
20210323,0,102.391909,102.417476,102.381682,102.397022
20210324,0,102.443043,102.489064,102.427703,102.468611
20210325,0,102.468611,102.489064,102.443043,102.489064
20210326,0,102.473724,102.483951,102.448157,102.448157
20210329,0,102.443043,102.448157,102.397022,102.443043
20210330,0,102.448157,102.489064,102.417476,102.422589
20210331,0,102.443043,102.483951,102.427703,102.483951
20210401,0,102.478837,102.499291,102.43793,102.448157
20210402,0,102.443043,102.509518,102.443043,102.478837
20210406,0,102.468611,102.473724,102.427703,102.45327
20210407,0,102.443043,102.448157,102.366341,102.371455
20210408,0,102.371455,102.397022,102.330547,102.366341
20210409,0,102.386795,102.422589,102.381682,102.407249
20210412,0,102.422589,102.463497,102.422589,102.463497
20210413,0,102.494178,102.596447,102.494178,102.596447
20210414,0,102.575993,102.591334,102.545312,102.560653
20210415,0,102.555539,102.575993,102.529972,102.535086
20210416,0,102.535086,102.560653,102.514632,102.555539
20210419,0,102.565766,102.596447,102.519745,102.591334
20210420,0,102.591334,102.622014,102.58622,102.606674
20210421,0,102.611787,102.662922,102.601561,102.642468
20210422,0,102.632241,102.647582,102.596447,102.627128
20210423,0,102.627128,102.662922,102.622014,102.642468
20210426,0,102.596447,102.611787,102.550426,102.591334
20210427,0,102.596447,102.642468,102.581107,102.581107
20210428,0,102.601561,102.637355,102.591334,102.611787
20210429,0,102.647582,102.673149,102.596447,102.642468
20210430,0,102.642468,102.724284,102.622014,102.693603
20210506,0,102.693603,102.744737,102.673149,102.724284
20210507,0,102.73451,102.770305,102.714057,102.739624
20210510,0,102.744737,102.816326,102.714057,102.816326
20210511,0,102.821439,102.872574,102.806099,102.872574
20210512,0,102.872574,102.893028,102.800985,102.811212
20210513,0,102.780532,102.806099,102.744737,102.806099
20210514,0,102.806099,102.83678,102.775418,102.816326
20210517,0,102.775418,102.847007,102.765191,102.775418
20210518,0,102.770305,102.785645,102.688489,102.760078
20210519,0,102.765206,102.867766,102.765206,102.867766
20210520,0,102.867766,102.93443,102.83187,102.929302
20210521,0,102.93443,102.980582,102.893406,102.965198
20210524,0,102.980582,102.995966,102.872894,102.903662
20210525,0,102.888278,102.929302,102.816486,102.929302
20210526,0,102.93443,102.975454,102.919046,102.924174
20210527,0,102.929302,102.929302,102.872894,102.872894
20210528,0,102.867766,102.88315,102.842126,102.852382
20210531,0,102.826742,102.888278,102.795974,102.888278
20210601,0,102.888278,102.93443,102.878022,102.888278
20210602,0,102.88315,102.90879,102.836998,102.847254
20210603,0,102.862638,102.88315,102.842126,102.872894
20210604,0,102.872894,102.88315,102.785718,102.790846
20210607,0,102.744694,102.770334,102.70367,102.734438
20210608,0,102.75495,102.78059,102.72931,102.734438
20210609,0,102.72931,102.75495,102.719054,102.734438
20210610,0,102.770334,102.801102,102.75495,102.78059
20210611,0,102.775462,102.785718,102.72931,102.734438
20210615,0,102.724182,102.765206,102.698542,102.75495
20210616,0,102.75495,102.775462,102.734438,102.749822
20210617,0,102.734438,102.760078,102.719054,102.724182
20210618,0,102.739566,102.811358,102.72931,102.795974
20210621,0,102.83187,102.862638,102.80623,102.85751
20210622,0,102.836998,102.878022,102.816486,102.872894
20210623,0,102.878022,102.939558,102.878022,102.929302
20210624,0,102.954942,103.001094,102.93443,102.949814
20210625,0,102.949814,102.965198,102.939558,102.954942
20210628,0,102.96007,102.995966,102.919046,102.924174
20210629,0,102.898534,102.96007,102.898534,102.949814
20210630,0,102.954942,103.001094,102.939558,102.995966
20210701,0,103.001094,103.083142,102.944686,102.944686
20210702,0,102.944686,102.995966,102.944686,102.970326
20210705,0,103.006222,103.021606,102.970326,102.990838
20210706,0,102.980582,103.006222,102.96007,102.970326
20210707,0,102.980582,103.072886,102.96007,103.047246
20210708,0,103.170318,103.226726,103.149806,103.170318
20210709,0,103.154934,103.16519,103.083142,103.11391
20210712,0,103.175446,103.29339,103.170318,103.262622
20210713,0,103.257494,103.31903,103.257494,103.283134
20210714,0,103.31903,103.365182,103.29339,103.31903
20210715,0,103.283134,103.303646,103.24211,103.24211
20210716,0,103.24211,103.303646,103.24211,103.298518
20210719,0,103.31903,103.31903,103.272878,103.308774
20210720,0,103.334414,103.380566,103.31903,103.360054
20210721,0,103.375438,103.411334,103.34467,103.411334
20210722,0,103.39595,103.406206,103.354926,103.390822
20210723,0,103.42159,103.462614,103.385694,103.452358
20210726,0,103.462614,103.529278,103.462614,103.493382
20210727,0,103.47287,103.493382,103.185702,103.329286
20210728,0,103.339542,103.42159,103.329286,103.354926
20210729,0,103.380566,103.426718,103.380566,103.39595
20210730,0,103.483126,103.739527,103.431846,103.508766
20210802,0,103.560046,103.611326,103.503638,103.54979
20210803,0,103.539534,103.554918,103.483126,103.493382
20210804,0,103.477998,103.493382,103.452358,103.483126
20210805,0,103.503638,103.52415,103.477998,103.52415
20210806,0,103.47287,103.503638,103.47287,103.493382
20210809,0,103.47287,103.47287,103.354926,103.365182
20210810,0,103.329286,103.390822,103.308774,103.375438
20210811,0,103.37031,103.385694,103.339542,103.354926
20210812,0,103.354926,103.39595,103.283134,103.37031
20210813,0,103.37031,103.37031,103.329286,103.354926
20210816,0,103.37031,103.37031,103.313902,103.349798
20210817,0,103.349798,103.390822,103.339542,103.380566
20210818,0,103.34467,103.49851,103.334414,103.483126
20210819,0,103.493397,103.534478,103.452316,103.483126
20210820,0,103.534478,103.534478,103.41637,103.442045
20210823,0,103.43691,103.452316,103.406099,103.411235
20210824,0,103.41637,103.457451,103.390694,103.457451
20210825,0,103.467721,103.524207,103.467721,103.483126
20210826,0,103.477991,103.477991,103.406099,103.41637
20210827,0,103.421505,103.483126,103.421505,103.483126
20210830,0,103.467721,103.529343,103.452316,103.519072
20210831,0,103.534478,103.560153,103.498532,103.513937
20210901,0,103.513937,103.62691,103.513937,103.61664
20210902,0,103.606369,103.606369,103.555018,103.560153
20210903,0,103.560153,103.575559,103.524207,103.529343
20210906,0,103.544748,103.565288,103.483126,103.493397
20210907,0,103.488261,103.508802,103.44718,103.452316
20210908,0,103.452316,103.483126,103.421505,103.44718
20210909,0,103.442045,103.477991,103.431775,103.43691
20210910,0,103.524207,103.524207,103.400964,103.452316
20210913,0,103.44718,103.462586,103.334208,103.344478
20210914,0,103.344478,103.370154,103.329072,103.365018
20210915,0,103.385559,103.421505,103.334208,103.339343
20210916,0,103.339343,103.390694,103.334208,103.385559
20210917,0,103.421505,103.44718,103.395829,103.421505
20210922,0,103.44718,103.498532,103.44718,103.493397
20210923,0,103.493397,103.544748,103.472856,103.534478
20210924,0,103.519072,103.534478,103.493397,103.503667
20210927,0,103.508802,103.529343,103.467721,103.477991
20210928,0,103.477991,103.483126,103.44718,103.462586
20210929,0,103.457451,103.519072,103.442045,103.513937
20210930,0,103.524207,103.549883,103.472856,103.513937
20211008,0,103.503667,103.513937,103.44718,103.472856
20211011,0,103.457451,103.457451,103.359883,103.365018
20211012,0,103.380424,103.411235,103.344478,103.380424
20211013,0,103.370154,103.400964,103.339343,103.375289
20211014,0,103.380424,103.41637,103.349613,103.359883
20211015,0,103.354748,103.385559,103.272586,103.329072
20211018,0,103.2161,103.252046,103.195559,103.231505
20211019,0,103.195559,103.267451,103.195559,103.262316
20211020,0,103.298262,103.313667,103.252046,103.257181
20211021,0,103.287991,103.329072,103.272586,103.329072
20211022,0,103.329072,103.344478,103.303397,103.318802
20211025,0,103.323937,103.354748,103.313667,103.329072
20211026,0,103.334208,103.370154,103.323937,103.349613
20211027,0,103.354748,103.380424,103.339343,103.359883
20211028,0,103.359883,103.385559,103.339343,103.375289
20211029,0,103.375289,103.400964,103.334208,103.349613
20211101,0,103.380424,103.42664,103.349613,103.411235
20211102,0,103.411235,103.472856,103.380424,103.452316
20211103,0,103.452316,103.508802,103.452316,103.467721
20211104,0,103.472856,103.493397,103.457451,103.477991
20211105,0,103.503667,103.590964,103.503667,103.585829
20211108,0,103.590964,103.621775,103.555018,103.570424
20211109,0,103.549883,103.575559,103.524207,103.570424
20211110,0,103.575559,103.590964,103.539613,103.555018
20211111,0,103.544748,103.555018,103.524207,103.539613
20211112,0,103.534478,103.565288,103.529343,103.529343
20211115,0,103.529343,103.580694,103.508802,103.580694
20211116,0,103.585829,103.590964,103.544748,103.565288
20211117,0,103.570424,103.570424,103.498532,103.503667
20211118,0,103.503667,103.539613,103.488261,103.498532
20211119,0,103.498532,103.544762,103.426619,103.431755
20211122,0,103.472848,103.529352,103.462575,103.519078
20211123,0,103.508805,103.513942,103.472848,103.498532
20211124,0,103.513942,103.606402,103.513942,103.590992
20211125,0,103.570445,103.590992,103.555035,103.575582
20211126,0,103.585855,103.637222,103.585855,103.632085
20211129,0,103.637222,103.637222,103.585855,103.616675
20211130,0,103.580718,103.585855,103.524215,103.570445
20211201,0,103.565308,103.565308,103.529352,103.529352
20211202,0,103.534488,103.555035,103.477985,103.503668
20211203,0,103.498532,103.519078,103.457438,103.472848
20211206,0,103.565308,103.637222,103.565308,103.580718
20211207,0,103.590992,103.596128,103.529352,103.534488
20211208,0,103.539625,103.549898,103.488258,103.513942
20211209,0,103.503668,103.565308,103.488258,103.544762
20211210,0,103.549898,103.580718,103.549898,103.565308
20211213,0,103.570445,103.601265,103.539625,103.596128
20211214,0,103.606402,103.683451,103.606402,103.652631
20211215,0,103.632085,103.683451,103.555035,103.678315
20211216,0,103.668041,103.678315,103.626948,103.652631
20211217,0,103.652631,103.703998,103.642358,103.647495
20211220,0,103.647495,103.647495,103.544762,103.601265
20211221,0,103.596128,103.606402,103.560172,103.606402
20211222,0,103.601265,103.668041,103.590992,103.662905
20211223,0,103.668041,103.719408,103.662905,103.709135
20211224,0,103.719408,103.734818,103.668041,103.678315
20211227,0,103.688588,103.755365,103.683451,103.709135
20211228,0,103.724545,103.739955,103.683451,103.719408
20211229,0,103.745091,103.770775,103.729681,103.765638
20211230,0,103.750228,103.852961,103.745091,103.852961
20211231,0,103.786185,103.873508,103.724545,103.842688
20220104,0,103.822141,103.852961,103.781048,103.847825
20220105,0,103.842688,103.847825,103.806731,103.817005
20220106,0,103.811868,103.811868,103.745091,103.745091
20220107,0,103.745091,103.760501,103.714271,103.750228
20220110,0,103.765638,103.817005,103.765638,103.796458
20220111,0,103.786185,103.847825,103.786185,103.837551
20220112,0,103.847825,103.873508,103.827278,103.827278
20220113,0,103.832415,103.847825,103.791321,103.822141
20220114,0,103.858098,103.858098,103.801595,103.811868
20220117,0,103.847825,103.919738,103.847825,103.883781
20220118,0,103.914601,104.058428,103.914601,104.043018
20220119,0,104.078974,104.150887,104.078974,104.094384
20220120,0,104.109794,104.125204,104.084111,104.109794
20220121,0,104.114931,104.217664,104.109794,104.212527
20220124,0,104.274167,104.274167,104.222801,104.238211
20220125,0,104.243347,104.243347,104.145751,104.156024
20220126,0,104.120067,104.130341,104.063564,104.114931
20220127,0,104.104657,104.150887,104.063564,104.114931
20220128,0,104.140614,104.238211,104.135477,104.238211
20220207,0,104.222801,104.222801,104.048154,104.176571
20220208,0,104.202254,104.217664,104.135477,104.140614
20220209,0,104.120067,104.130341,104.078974,104.104657
20220210,0,104.120067,104.140614,104.109794,104.120067
20220211,0,104.048154,104.063564,103.976241,103.996788
20220214,0,104.012198,104.027608,103.965968,103.976241
20220215,0,103.976241,104.001924,103.940284,103.981378
20220216,0,103.945421,103.996788,103.940284,103.986514
20220217,0,104.007061,104.032744,103.981378,103.986514
20220218,0,103.976241,104.001924,103.950558,103.955694
20220221,0,103.945423,103.965966,103.827303,103.837575
20220222,0,103.858117,103.894067,103.739997,103.765676
20220223,0,103.801625,103.863253,103.801625,103.852981
20220224,0,103.873524,103.904338,103.847846,103.858117
20220225,0,103.84271,103.930016,103.827303,103.909474
20220228,0,103.914609,103.976237,103.914609,103.940287
20220301,0,103.950559,103.965966,103.883795,103.888931
20220302,0,103.852981,103.899202,103.837575,103.868388
20220303,0,103.847846,103.863253,103.76054,103.770811
20220304,0,103.801625,103.817032,103.755404,103.791354
20220307,0,103.770811,103.899202,103.755404,103.87866
20220308,0,103.87866,103.945423,103.87866,103.92488
20220309,0,103.899202,103.899202,103.786218,103.852981
20220310,0,103.863253,103.909474,103.827303,103.837575
20220311,0,103.796489,104.032729,103.770811,103.996779
20220314,0,104.068679,104.150849,104.048136,104.104628
20220315,0,103.996779,104.058407,103.873524,103.904338
20220316,0,103.899202,103.996779,103.786218,103.919745
20220317,0,103.940287,103.96083,103.888931,103.919745
20220318,0,103.92488,104.027593,103.919745,104.007051
20220321,0,103.976237,103.981373,103.914609,103.92488
20220322,0,103.888931,103.888931,103.847846,103.852981
20220323,0,103.868388,103.914609,103.858117,103.868388
20220324,0,103.868388,103.904338,103.832439,103.904338
20220325,0,103.904338,103.92488,103.883795,103.919745
20220328,0,103.935152,103.981373,103.888931,103.899202
20220329,0,103.899202,103.919745,103.87866,103.899202
20220330,0,103.909474,103.986508,103.904338,103.965966
20220331,0,103.965966,103.971101,103.930016,103.940287
20220401,0,103.965966,104.032729,103.950559,103.996779
20220406,0,104.037865,104.063543,104.001915,104.032729
20220407,0,104.053272,104.114899,104.037865,104.099492
20220408,0,104.094357,104.109764,104.022458,104.053272
20220411,0,104.068679,104.068679,103.971101,103.981373
20220412,0,103.991644,104.135442,103.940287,103.981373
20220413,0,103.971101,104.022458,103.965966,104.007051
20220414,0,104.068679,104.099492,104.037865,104.048136
20220415,0,104.032729,104.150849,104.022458,104.084085
20220418,0,103.996779,104.043,103.976237,103.996779
20220419,0,104.001915,104.043,103.955694,103.971101
20220420,0,103.955694,103.971101,103.914609,103.940287
20220421,0,103.945423,103.965966,103.930016,103.955694
20220422,0,103.950559,103.96083,103.868388,103.888931
20220425,0,103.919745,103.955694,103.904338,103.940287
20220426,0,103.935152,103.955694,103.904338,103.92488
20220427,0,103.904338,103.909474,103.84271,103.852981
20220428,0,103.837575,103.84271,103.765676,103.801625
20220429,0,103.837575,103.883795,103.806761,103.87866
20220505,0,103.873524,103.894067,103.852981,103.888931
20220506,0,103.883795,103.883795,103.806761,103.863253
20220509,0,103.888931,103.888931,103.852981,103.888931
20220510,0,103.909474,103.976237,103.909474,103.965966
20220511,0,103.950559,103.950559,103.888931,103.92488
20220512,0,103.930016,103.986508,103.930016,103.971101
20220513,0,104.001915,104.022458,103.96083,103.96083
20220516,0,103.92488,104.001915,103.914609,103.996779
20220517,0,104.027664,104.037958,104.007074,104.027664
20220518,0,104.048253,104.099726,104.037958,104.079137
20220519,0,104.094579,104.125463,104.022516,104.043106
20220520,0,104.001927,104.037958,103.991632,104.027664
20220523,0,104.058548,104.079137,104.043106,104.07399
20220524,0,104.07399,104.089432,104.022516,104.037958
20220525,0,104.058548,104.063695,104.007074,104.017369
20220526,0,104.079137,104.161494,104.079137,104.1512
20220527,0,104.1512,104.166642,104.120316,104.166642
20220530,0,104.135758,104.135758,104.068842,104.094579
20220531,0,104.037958,104.068842,104.017369,104.043106
20220601,0,104.068842,104.068842,103.991632,103.996779
20220602,0,104.001927,104.032811,103.965895,103.965895
20220606,0,103.914422,103.971043,103.883538,103.909275
20220607,0,103.89898,103.971043,103.878391,103.965895
20220608,0,103.965895,103.996779,103.945306,103.965895
20220609,0,103.955601,104.022516,103.955601,104.012222
20220610,0,104.017369,104.037958,103.97619,103.981337
20220613,0,103.97619,103.991632,103.929864,103.960748
20220614,0,103.919569,103.971043,103.919569,103.971043
20220615,0,103.960748,103.960748,103.89898,103.929864
20220616,0,103.929864,103.960748,103.924717,103.955601
20220617,0,103.955601,104.022516,103.955601,103.986485
20220620,0,103.965895,103.97619,103.929864,103.929864
20220621,0,103.924717,103.940159,103.904127,103.914422
20220622,0,103.929864,103.955601,103.914422,103.945306
20220623,0,103.960748,103.981337,103.940159,103.945306
20220624,0,103.965895,103.996779,103.935011,103.945306
20220627,0,103.914422,103.924717,103.837212,103.857801
20220628,0,103.878391,103.89898,103.811475,103.816623
20220629,0,103.832065,103.89898,103.832065,103.852654
20220630,0,103.842359,103.935011,103.842359,103.929864
20220701,0,103.935011,103.965895,103.924717,103.935011
20220704,0,103.893833,103.893833,103.739413,103.790886
20220705,0,103.754855,103.806328,103.693087,103.806328
20220706,0,103.82177,103.878391,103.806328,103.837212
20220707,0,103.826917,103.852654,103.806328,103.816623
20220708,0,103.832065,103.868096,103.796033,103.847507
20220711,0,103.878391,103.935011,103.873243,103.919569
20220712,0,103.965895,104.027664,103.919569,103.950453
20220713,0,103.996779,104.017369,103.945306,103.971043
20220714,0,103.97619,104.012222,103.97619,103.996779
20220715,0,104.017369,104.058548,103.986485,104.037958
20220718,0,104.068842,104.079137,104.037958,104.048253
20220719,0,103.991632,104.043106,103.991632,104.037958
20220720,0,104.037958,104.084284,104.007074,104.07399
20220721,0,104.120316,104.120316,104.079137,104.089432
20220722,0,104.079137,104.084284,104.0534,104.068842
20220725,0,104.058548,104.125463,104.043106,104.094579
20220726,0,104.115168,104.192378,104.104874,104.187231
20220727,0,104.187231,104.20782,104.161494,104.161494
20220728,0,104.171789,104.171789,104.084284,104.094579
20220729,0,104.182084,104.218115,104.161494,104.20782
20220801,0,104.254146,104.300472,104.22841,104.248999
20220802,0,104.274736,104.346798,104.269588,104.336504
20220803,0,104.321062,104.408566,104.279883,104.403419
20220804,0,104.408566,104.490924,104.341651,104.341651
20220805,0,104.336504,104.372535,104.300472,104.310767
20220808,0,104.290178,104.357093,104.290178,104.30562
20220809,0,104.315914,104.326209,104.223262,104.264441
20220810,0,104.254146,104.321062,104.223262,104.238704
20220811,0,104.223262,104.290178,104.223262,104.274736
20220812,0,104.28503,104.310767,104.238704,104.243852
20220815,0,104.387977,104.599018,104.387977,104.449745
20220816,0,104.532102,104.532102,104.413714,104.424008
20220817,0,104.393042,104.449814,104.377559,104.449814
20220818,0,104.470458,104.496263,104.439492,104.491102
20220819,0,104.491102,104.496263,104.434331,104.470458
20220822,0,104.470458,104.511747,104.429169,104.454975
20220823,0,104.424008,104.449814,104.398203,104.408525
20220824,0,104.38272,104.434331,104.38272,104.418847
20220825,0,104.393042,104.398203,104.346592,104.362076
20220826,0,104.346592,104.38272,104.33627,104.356914
20220829,0,104.356914,104.429169,104.320787,104.429169
20220830,0,104.444653,104.48078,104.408525,104.429169
20220831,0,104.413686,104.48078,104.413686,104.449814
20220901,0,104.449814,104.522069,104.434331,104.501425
20220902,0,104.501425,104.542713,104.485941,104.491102
20220905,0,104.491102,104.563357,104.491102,104.532391
20220906,0,104.553035,104.57368,104.522069,104.553035
20220907,0,104.542713,104.558196,104.511747,104.52723
20220908,0,104.496263,104.52723,104.485941,104.522069
20220909,0,104.516908,104.537552,104.444653,104.444653
20220913,0,104.475619,104.485941,104.449814,104.475619
20220914,0,104.449814,104.454975,104.418847,104.439492
20220915,0,104.465297,104.48078,104.408525,104.418847
20220916,0,104.367237,104.408525,104.341431,104.393042
20220919,0,104.393042,104.429169,104.377559,104.424008
20220920,0,104.439492,104.465297,104.429169,104.460136
20220921,0,104.454975,104.491102,104.439492,104.48078
20220922,0,104.496263,104.511747,104.470458,104.496263
20220923,0,104.48078,104.491102,104.444653,104.465297
20220926,0,104.434331,104.434331,104.356914,104.372398
20220927,0,104.356914,104.387881,104.325948,104.377559
20220928,0,104.346592,104.356914,104.320787,104.33627
20220929,0,104.351753,104.377559,104.279498,104.284659
20220930,0,104.248532,104.341431,104.227888,104.305304
20221010,0,104.346592,104.439492,104.346592,104.439492
20221011,0,104.454975,104.470458,104.387881,104.403364
20221012,0,104.387881,104.491102,104.367237,104.444653
20221013,0,104.449814,104.449814,104.413686,104.439492
20221014,0,104.444653,104.511747,104.424008,104.506586
20221017,0,104.501425,104.52723,104.465297,104.475619
20221018,0,104.48078,104.506586,104.449814,104.501425
20221019,0,104.491102,104.52723,104.48078,104.506586
20221020,0,104.475619,104.516908,104.460136,104.48078
20221021,0,104.470458,104.506586,104.439492,104.444653
20221024,0,104.434331,104.491102,104.429169,104.485941
20221025,0,104.449814,104.511747,104.429169,104.460136
20221026,0,104.475619,104.547874,104.475619,104.547874
20221027,0,104.558196,104.599485,104.553035,104.57368
20221028,0,104.594324,104.645935,104.578841,104.635612
20221031,0,104.687223,104.687223,104.614968,104.635612
20221101,0,104.62529,104.651096,104.594324,104.609807
20221102,0,104.609807,104.630451,104.57368,104.594324
20221103,0,104.604646,104.635612,104.594324,104.599485
20221104,0,104.584002,104.604646,104.547874,104.578841
20221107,0,104.594324,104.620129,104.568518,104.604646
20221108,0,104.568518,104.599485,104.547874,104.599485
20221109,0,104.599485,104.604646,104.568518,104.578841
20221110,0,104.589163,104.609807,104.553035,104.563357
20221111,0,104.584002,104.599485,104.393042,104.485941
20221114,0,104.408525,104.408525,104.264015,104.284659
20221115,0,104.28982,104.33627,104.186599,104.19176
20221116,0,104.227888,104.269176,103.980156,104.005961
20221117,0,104.073055,104.202082,104.011122,104.196921
20221118,0,104.207243,104.294982,104.134988,104.181438
20221121,0,104.274337,104.284659,104.19176,104.222727
20221122,0,104.243371,104.300143,104.217565,104.294982
20221123,0,104.341581,104.419247,104.310515,104.393358
20221124,0,104.486557,104.502091,104.419247,104.439958
20221125,0,104.450313,104.471024,104.305337,104.336403
20221128,0,104.383003,104.424425,104.269093,104.305337
20221129,0,104.269093,104.289804,104.103406,104.191427
20221130,0,104.20696,104.289804,104.170716,104.243204
20221201,0,104.222493,104.315692,104.212138,104.305337
20221202,0,104.32087,104.388181,104.294982,104.346759
20221205,0,104.331226,104.357114,104.279448,104.326048
20221206,0,104.310515,104.326048,104.238027,104.248382
20221207,0,104.175894,104.310515,104.129294,104.300159
20221208,0,104.305337,104.331226,104.258737,104.315692
20221209,0,104.274271,104.289804,104.191427,104.238027
20221212,0,104.258737,104.284626,104.191427,104.212138
20221213,0,104.196605,104.212138,104.098228,104.150005
20221214,0,104.175894,104.351937,104.175894,104.336403
20221215,0,104.315692,104.388181,104.294982,104.336403
20221216,0,104.315692,104.377825,104.274271,104.32087
20221219,0,104.403714,104.465847,104.383003,104.408892
20221220,0,104.414069,104.429602,104.336403,104.341581
20221221,0,104.341581,104.429602,104.32087,104.408892
20221222,0,104.429602,104.471024,104.403714,104.424425
20221223,0,104.43478,104.502091,104.424425,104.476202
20221226,0,104.476202,104.476202,104.419247,104.460669
20221227,0,104.445136,104.445136,104.357114,104.388181
20221228,0,104.383003,104.429602,104.372647,104.429602
20221229,0,104.445136,104.486557,104.439958,104.465847
20221230,0,104.460669,104.496913,104.439958,104.471024
20230103,0,104.496913,104.533157,104.455491,104.507268
20230104,0,104.522802,104.574579,104.512446,104.559046
20230105,0,104.538335,104.564223,104.522802,104.533157
20230106,0,104.512446,104.517624,104.439958,104.476202
20230109,0,104.48138,104.496913,104.414069,104.450313
20230110,0,104.429602,104.450313,104.36747,104.372647
20230111,0,104.362292,104.429602,104.341581,104.419247
20230112,0,104.429602,104.486557,104.424425,104.460669
20230113,0,104.455491,104.465847,104.419247,104.429602
20230116,0,104.414069,104.414069,104.331226,104.357114
20230117,0,104.383003,104.393358,104.357114,104.383003
20230118,0,104.414069,104.445136,104.351937,104.362292
20230119,0,104.383003,104.398536,104.336403,104.36747
20230120,0,104.388181,104.398536,104.336403,104.357114
20230130,0,104.341581,104.439958,104.310515,104.419247
20230131,0,104.424425,104.496913,104.414069,104.491735
20230201,0,104.48138,104.502091,104.450313,104.465847
20230202,0,104.471024,104.507268,104.465847,104.496913
20230203,0,104.517624,104.533157,104.496913,104.527979
20230206,0,104.527979,104.54869,104.465847,104.471024
20230207,0,104.460669,104.517624,104.455491,104.507268
20230208,0,104.507268,104.517624,104.486557,104.496913
20230209,0,104.517624,104.574579,104.491735,104.553868
20230210,0,104.559046,104.574579,104.533157,104.553868
20230213,0,104.564223,104.579757,104.533157,104.538335
20230214,0,104.538335,104.564223,104.507268,104.54869
20230215,0,104.543513,104.559046,104.517624,104.543513
20230216,0,104.527979,104.621178,104.512446,104.584934
20230217,0,104.584934,104.590128,104.553774,104.579741
20230220,0,104.579741,104.590128,104.481066,104.496646
20230221,0,104.460292,104.481066,104.418745,104.470679
20230222,0,104.475873,104.50184,104.470679,104.496646
20230223,0,104.475873,104.50184,104.465486,104.486259
20230224,0,104.475873,104.507033,104.460292,104.496646
20230227,0,104.50184,104.507033,104.449906,104.465486
20230228,0,104.465486,104.522613,104.434325,104.507033
20230301,0,104.496646,104.538194,104.481066,104.527807
20230302,0,104.538194,104.54858,104.491453,104.507033
20230303,0,104.491453,104.54858,104.491453,104.538194
20230306,0,104.558967,104.605708,104.553774,104.605708
20230307,0,104.595321,104.657642,104.590128,104.642062
20230308,0,104.647255,104.662836,104.605708,104.610901
20230309,0,104.610901,104.652449,104.600515,104.642062
20230310,0,104.652449,104.673222,104.631675,104.647255
20230313,0,104.652449,104.657642,104.600515,104.636868
20230314,0,104.647255,104.683609,104.647255,104.668029
20230315,0,104.657642,104.673222,104.626482,104.657642
20230316,0,104.673222,104.74593,104.673222,104.71477
20230317,0,104.699189,104.751124,104.688803,104.725156
20230320,0,104.797864,104.818638,104.76151,104.782284
20230321,0,104.777091,104.797864,104.74593,104.756317
20230322,0,104.751124,104.782284,104.740737,104.777091
20230323,0,104.782284,104.787477,104.756317,104.771897
20230324,0,104.76151,104.777091,104.704383,104.704383
20230327,0,104.725156,104.777091,104.725156,104.766704
20230328,0,104.751124,104.777091,104.74593,104.756317
20230329,0,104.756317,104.782284,104.740737,104.771897
20230330,0,104.792671,104.818638,104.751124,104.76151
20230331,0,104.771897,104.808251,104.756317,104.803058
20230403,0,104.803058,104.803058,104.751124,104.751124
20230404,0,104.76151,104.771897,104.740737,104.756317
20230406,0,104.76151,104.76151,104.709576,104.73035
20230407,0,104.725156,104.808251,104.704383,104.777091
20230410,0,104.771897,104.792671,104.76151,104.782284
20230411,0,104.787477,104.823831,104.787477,104.808251
20230412,0,104.823831,104.839412,104.808251,104.823831
20230413,0,104.823831,104.834218,104.803058,104.813444
20230414,0,104.803058,104.834218,104.792671,104.813444
20230417,0,104.803058,104.803058,104.771897,104.771897
20230418,0,104.766704,104.808251,104.76151,104.797864
20230419,0,104.808251,104.834218,104.803058,104.808251
20230420,0,104.808251,104.823831,104.792671,104.813444
20230421,0,104.813444,104.849798,104.797864,104.844605
20230424,0,104.844605,104.860185,104.834218,104.844605
20230425,0,104.844605,104.860185,104.823831,104.829025
20230426,0,104.839412,104.875765,104.834218,104.860185
20230427,0,104.880959,104.9277,104.880959,104.917313
20230428,0,104.917313,104.922506,104.896539,104.922506
20230504,0,104.948473,104.97444,104.938086,104.953667
20230505,0,104.97444,105.057535,104.97444,105.047148
20230508,0,105.036761,105.036761,105.005601,105.015988
20230509,0,105.021181,105.041955,105.010794,105.021181
20230510,0,105.041955,105.093889,105.036761,105.078308
20230511,0,105.119856,105.145823,105.088695,105.114662
20230512,0,105.099082,105.119856,105.062728,105.088695
20230515,0,105.088695,105.099082,105.015988,105.021181
20230516,0,105.026374,105.036761,104.984827,105.000407
20230517,0,105.005601,105.021181,104.95886,104.969247
20230518,0,104.953667,104.95886,104.922506,104.948473
20230519,0,104.96406,104.990039,104.953669,104.979648
20230522,0,104.974452,105.057583,104.969256,105.026409
20230523,0,105.047192,105.130324,105.036801,105.114736
20230524,0,105.099149,105.119932,105.073171,105.104345
20230525,0,105.099149,105.099149,105.047192,105.057583
20230526,0,105.057583,105.078366,105.021213,105.036801
20230529,0,105.031605,105.119932,105.010822,105.119932
20230530,0,105.151107,105.156302,105.114736,105.125128
20230531,0,105.130324,105.192672,105.114736,105.182281
20230601,0,105.213455,105.234238,105.187477,105.213455
20230602,0,105.203064,105.218651,105.109541,105.135519
20230605,0,105.156302,105.192672,105.145911,105.171889
20230606,0,105.171889,105.24463,105.171889,105.239434
20230607,0,105.255021,105.260217,105.213455,105.223847
20230608,0,105.223847,105.223847,105.171889,105.203064
20230609,0,105.197868,105.281,105.182281,105.260217
20230612,0,105.265412,105.296587,105.229042,105.24463
20230613,0,105.291391,105.369327,105.291391,105.338153
20230614,0,105.379718,105.39011,105.312174,105.322565
20230615,0,105.301783,105.306978,105.234238,105.265412
20230616,0,105.255021,105.275804,105.151107,105.192672
20230619,0,105.187477,105.192672,105.073171,105.114736
20230620,0,105.130324,105.192672,105.114736,105.171889
20230621,0,105.192672,105.223847,105.182281,105.218651
20230626,0,105.213455,105.234238,105.208259,105.223847
20230627,0,105.208259,105.208259,105.166694,105.208259
20230628,0,105.234238,105.255021,105.213455,105.255021
20230629,0,105.239434,105.291391,105.229042,105.270608
20230630,0,105.296587,105.332957,105.275804,105.327761
20230703,0,105.31737,105.322565,105.275804,105.281
20230704,0,105.291391,105.322565,105.192672,105.265412
20230705,0,105.270608,105.306978,105.270608,105.296587
20230706,0,105.301783,105.322565,105.291391,105.306978
20230707,0,105.31737,105.338153,105.306978,105.322565
20230710,0,105.301783,105.31737,105.270608,105.306978
20230711,0,105.301783,105.338153,105.286195,105.296587
20230712,0,105.291391,105.296587,105.260217,105.270608
20230713,0,105.265412,105.275804,105.24463,105.249825
20230714,0,105.24463,105.327761,105.229042,105.286195
20230717,0,105.286195,105.348544,105.281,105.327761
20230718,0,105.35374,105.364131,105.327761,105.348544
20230719,0,105.358936,105.369327,105.332957,105.338153
20230720,0,105.332957,105.379718,105.31737,105.364131
20230721,0,105.39011,105.405697,105.364131,105.369327
20230724,0,105.384914,105.405697,105.374523,105.400501
20230725,0,105.31737,105.327761,105.249825,105.249825
20230726,0,105.249825,105.312174,105.249825,105.306978
20230727,0,105.312174,105.369327,105.306978,105.343348
20230728,0,105.348544,105.348544,105.291391,105.312174
20230731,0,105.286195,105.306978,105.265412,105.296587
20230801,0,105.306978,105.369327,105.306978,105.322565
20230802,0,105.332957,105.35374,105.322565,105.343348
20230803,0,105.348544,105.384914,105.348544,105.374523
20230804,0,105.374523,105.416089,105.343348,105.35374
20230807,0,105.369327,105.379718,105.338153,105.35374
20230808,0,105.35374,105.374523,105.327761,105.343348
20230809,0,105.343348,105.358936,105.338153,105.348544
20230810,0,105.338153,105.35374,105.322565,105.327761
20230811,0,105.338153,105.358936,105.327761,105.348544
20230814,0,105.374523,105.400501,105.369327,105.379718
20230815,0,105.421284,105.540786,105.421284,105.42648
20230816,0,105.447263,105.473242,105.431676,105.447263
20230817,0,105.457654,105.457654,105.416089,105.421284
20230818,0,105.42648,105.447263,105.410893,105.436871
20230821,0,105.447263,105.457654,105.431676,105.447263
20230822,0,105.447263,105.462858,105.421271,105.421271
20230823,0,105.416073,105.447263,105.390082,105.410875
20230824,0,105.421271,105.436866,105.410875,105.42647
20230825,0,105.416073,105.436866,105.348495,105.348495
20230828,0,105.280918,105.343297,105.239331,105.332901
20230829,0,105.332901,105.332901,105.24453,105.265323
20230830,0,105.265323,105.379685,105.254926,105.353694
20230831,0,105.36409,105.39528,105.343297,105.390082
20230901,0,105.374487,105.374487,105.291314,105.296513
20230904,0,105.234133,105.291314,105.228935,105.280918
20230905,0,105.286116,105.317306,105.265323,105.265323
20230906,0,105.260125,105.280918,105.171754,105.171754
20230907,0,105.161357,105.197745,105.104176,105.114572
20230908,0,105.150961,105.192547,105.093779,105.171754
20230911,0,105.161357,105.161357,105.072986,105.145762
20230912,0,105.187349,105.21334,105.161357,105.171754
20230913,0,105.187349,105.24453,105.187349,105.218538
20230914,0,105.223737,105.260125,105.192547,105.24453
20230915,0,105.280918,105.280918,105.187349,105.202943
20230918,0,105.161357,105.171754,105.124969,105.145762
20230919,0,105.145762,105.161357,105.130167,105.156159
20230920,0,105.161357,105.187349,105.145762,105.161357
20230921,0,105.161357,105.223737,105.150961,105.208142
20230922,0,105.218538,105.218538,105.156159,105.161357
20230925,0,105.166555,105.192547,105.119771,105.130167
20230926,0,105.119771,105.145762,105.104176,105.135366
20230927,0,105.145762,105.166555,105.130167,105.145762
20230928,0,105.166555,105.223737,105.156159,105.197745
20231009,0,105.202943,105.218538,105.171754,105.176952
20231010,0,105.166555,105.166555,105.104176,105.119771
20231011,0,105.104176,105.109374,105.010607,105.041796
20231012,0,105.015805,105.093779,105.00021,105.083383
20231013,0,105.093779,105.130167,105.088581,105.114572
20231016,0,105.124969,105.140564,105.072986,105.114572
20231017,0,105.088581,105.088581,105.0314,105.036598
20231018,0,105.026202,105.057391,105.00021,105.005408
20231019,0,104.995012,104.995012,104.891046,104.906641
20231020,0,104.937831,104.984615,104.828667,104.963822
20231023,0,104.995012,105.041796,104.989814,105.036598
20231024,0,105.005408,105.005408,104.927434,104.96902
20231025,0,105.010607,105.119771,104.953426,105.119771
20231026,0,105.114572,105.130167,105.057391,105.06259
20231027,0,105.057391,105.078184,105.0314,105.046995
20231030,0,105.057391,105.109374,105.057391,105.078184
20231031,0,105.093779,105.130167,105.088581,105.109374
20231101,0,105.114572,105.114572,105.0314,105.06259
20231102,0,105.088581,105.140564,105.083383,105.140564
20231103,0,105.130167,105.140564,105.088581,105.114572
20231106,0,105.098978,105.119771,105.083383,105.114572
20231107,0,105.117691,105.12185,105.053233,105.053233
20231108,0,105.046995,105.082343,105.009567,105.059471
20231109,0,105.067788,105.074026,105.011646,105.015805
20231110,0,105.009567,105.040757,104.978377,105.013726
20231113,0,105.015805,105.082343,105.011646,105.063629
20231114,0,105.067788,105.071947,104.97006,105.003329
20231115,0,105.003329,105.013726,104.947188,104.965901
20231116,0,104.976298,105.017884,104.976298,104.995012
20231117,0,104.986695,105.00125,104.972139,104.984615
20231120,0,104.974219,104.978377,104.903522,104.93887
20231121,0,104.922236,104.924315,104.853618,104.864015
20231122,0,104.866094,104.868174,104.826587,104.847381
20231123,0,104.816232,104.822461,104.76847,104.795466
20231124,0,104.801695,104.843227,104.7747,104.776776
20231127,0,104.791312,104.791312,104.714478,104.722785
20231128,0,104.753934,104.814155,104.743551,104.797542
20231129,0,104.795466,104.834921,104.776776,104.824538
20231130,0,104.863993,104.878529,104.814155,104.818308
20231201,0,104.820385,104.85984,104.820385,104.845304
20231204,0,104.839074,104.85361,104.776776,104.791312
20231205,0,104.797542,104.814155,104.76847,104.807925
20231206,0,104.791312,104.810002,104.726938,104.741474
20231207,0,104.753934,104.826615,104.722785,104.807925
20231208,0,104.805849,104.85984,104.805849,104.810002
20231211,0,104.851534,104.899295,104.832844,104.851534
20231212,0,104.843227,104.888912,104.834921,104.851534
20231213,0,104.882683,104.996895,104.880606,104.978206
20231214,0,104.971976,105.065423,104.95744,105.005202
20231215,0,105.013508,105.063347,104.986513,105.032198
20231218,0,105.030121,105.077883,105.023891,105.028044
20231219,0,105.009355,105.046734,104.992742,105.038427
20231220,0,105.030121,105.059193,105.001049,105.017661
20231221,0,105.013508,105.065423,104.96367,105.044657
20231222,0,105.06127,105.115262,105.04881,105.088266
20231225,0,105.088266,105.202479,105.088266,105.200402
20231226,0,105.187942,105.233628,105.163023,105.212862
20231227,0,105.235704,105.277236,105.196249,105.25024
20231228,0,105.26893,105.287619,105.181713,105.194172
20231229,0,105.210785,105.237781,105.179636,105.221168
20240102,0,105.223245,105.233628,105.106955,105.106955
20240103,0,105.086189,105.117338,105.040504,105.100725
20240104,0,105.100725,105.148487,105.082036,105.086189
20240105,0,105.102802,105.167176,105.088266,105.125645
20240108,0,105.127721,105.127721,105.046734,105.07373
20240109,0,105.117338,105.154717,105.090342,105.125645
20240110,0,105.111108,105.123568,105.059193,105.071653
20240111,0,105.063347,105.125645,105.003125,105.111108
20240112,0,105.102802,105.125645,105.075806,105.100725
20240115,0,105.065423,105.102802,105.042581,105.057117
20240116,0,105.05504,105.05504,104.986513,105.005202
20240117,0,105.013508,105.042581,104.986513,105.032198
20240118,0,105.065423,105.082036,105.019738,105.038427
20240119,0,105.044657,105.098649,105.044657,105.092419
20240122,0,105.154717,105.154717,105.05504,105.084113
20240123,0,105.075806,105.106955,105.05504,105.075806
20240124,0,105.0675,105.104879,105.057117,105.096572
20240125,0,105.15887,105.200402,105.144334,105.15264
20240126,0,105.15887,105.187942,105.15264,105.169253
20240129,0,105.1651,105.208708,105.154717,105.206632
20240130,0,105.241934,105.298002,105.241934,105.281389
20240131,0,105.318768,105.331228,105.225321,105.252317
20240201,0,105.25024,105.271006,105.221168,105.229474
20240202,0,105.217015,105.221168,105.187942,105.204555
20240205,0,105.231551,105.254394,105.173406,105.202479
20240206,0,105.173406,105.202479,105.111108,105.14641
20240207,0,105.14641,105.15887,105.094496,105.14641
20240208,0,105.150564,105.208708,105.131874,105.14641
20240219,0,105.127721,105.179636,105.075806,105.169253
20240220,0,105.169253,105.212862,105.15887,105.200402
20240221,0,105.210785,105.225321,105.185866,105.219091
20240222,0,105.219091,105.295925,105.208708,105.281389
20240223,0,105.285534,105.360148,105.235792,105.235792
20240226,0,105.235792,105.271026,105.19434,105.2503
20240227,0,105.266881,105.277244,105.196413,105.215066
20240228,0,105.215066,105.254446,105.204703,105.24201
20240229,0,105.2503,105.285534,105.239937,105.254446
20240301,0,105.246155,105.246155,105.125945,105.148743
20240304,0,105.154961,105.19434,105.146671,105.159106
20240305,0,105.154961,105.192268,105.134235,105.163252
20240306,0,105.188123,105.235792,105.150816,105.19434
20240307,0,105.225429,105.256518,105.128018,105.132163
20240308,0,105.169469,105.181905,105.111437,105.1218
20240311,0,105.113509,105.175687,105.105219,105.134235
20240312,0,105.107292,105.152889,105.053404,105.067912
20240313,0,105.069985,105.1218,105.053404,105.103146
20240314,0,105.099001,105.103146,105.043041,105.07413
20240315,0,105.080348,105.117655,105.057549,105.099001
20240318,0,105.107292,105.171542,105.080348,105.148743
20240319,0,105.150816,105.183978,105.138381,105.167397
20240320,0,105.165324,105.173615,105.134235,105.159106
20240321,0,105.169469,105.225429,105.150816,105.225429
20240322,0,105.221284,105.260663,105.19434,105.196413
20240325,0,105.183978,105.281389,105.181905,105.210921
20240326,0,105.225429,105.254446,105.206776,105.248228
20240327,0,105.258591,105.275172,105.225429,105.262736
20240328,0,105.262736,105.318696,105.2503,105.268954
20240329,0,105.271026,105.358075,105.2503,105.358075
20240401,0,105.335277,105.341494,105.2503,105.268954
20240402,0,105.277244,105.30626,105.277244,105.295897
20240403,0,105.308333,105.34564,105.279317,105.283462
20240408,0,105.29797,105.378801,105.29797,105.339422
20240409,0,105.333204,105.380874,105.333204,105.366365
20240410,0,105.349785,105.385019,105.333204,105.372583
20240411,0,105.374656,105.422325,105.35393,105.360148
20240412,0,105.391237,105.428543,105.378801,105.399527
20240415,0,105.420253,105.422325,105.335277,105.341494
20240416,0,105.337349,105.370511,105.30626,105.356003
20240417,0,105.358075,105.380874,105.322841,105.337349
20240418,0,105.337349,105.424398,105.335277,105.40989
20240419,0,105.422325,105.428543,105.372583,105.395382
20240422,0,105.395382,105.436834,105.389164,105.395382
20240423,0,105.4016,105.443051,105.397454,105.438906
20240424,0,105.407817,105.41818,105.358075,105.364293
20240425,0,105.391237,105.449269,105.372583,105.414035
20240426,0,105.416108,105.440979,105.262736,105.287607
20240429,0,105.167397,105.19434,105.084493,105.150816
20240430,0,105.235792,105.266881,105.202631,105.260663
20240506,0,105.260663,105.326986,105.198486,105.300043
20240507,0,105.320769,105.389164,105.320769,105.364293
20240508,0,105.364293,105.364293,105.329059,105.339422
20240509,0,105.333204,105.366365,105.318696,105.326986
20240510,0,105.333204,105.372583,105.322841,105.329059
20240513,0,105.349785,105.438906,105.341494,105.41818
20240514,0,105.430616,105.46585,105.397454,105.41818
20240515,0,105.455487,105.455487,105.399527,105.41818
20240516,0,105.40989,105.426471,105.382946,105.395382
20240517,0,105.339422,105.40989,105.339422,105.4016
20240520,0,105.41818,105.440979,105.380874,105.430616
20240521,0,105.411961,105.432689,105.376725,105.389162
20240522,0,105.393307,105.455488,105.387089,105.445125
20240523,0,105.453416,105.490724,105.453416,105.478288
20240524,0,105.501088,105.509379,105.409889,105.430616
20240527,0,105.438907,105.44927,105.376725,105.44927
20240528,0,105.436834,105.463779,105.436834,105.459634
20240529,0,105.488652,105.501088,105.463779,105.482434
20240530,0,105.459634,105.492797,105.455488,105.463779
20240531,0,105.44927,105.507306,105.438907,105.457561
20240603,0,105.459634,105.525961,105.459634,105.521815
20240604,0,105.525961,105.530106,105.47207,105.503161
20240605,0,105.505233,105.544615,105.505233,105.534251
20240606,0,105.542542,105.54876,105.515597,105.532179
20240607,0,105.530106,105.552906,105.511452,105.552906
20240611,0,105.54876,105.573633,105.534251,105.565342
20240612,0,105.565342,105.577778,105.525961,105.536324
20240613,0,105.538397,105.552906,105.503161,105.51767
20240614,0,105.511452,105.525961,105.490724,105.521815
20240617,0,105.521815,105.54047,105.469997,105.474143
20240618,0,105.476215,105.534251,105.476215,105.530106
20240619,0,105.532179,105.59436,105.528033,105.59436
20240620,0,105.596433,105.598506,105.565342,105.57156
20240621,0,105.563269,105.573633,105.511452,105.573633
20240624,0,105.563269,105.59436,105.528033,105.59436
20240625,0,105.59436,105.625451,105.59436,105.625451
20240626,0,105.629596,105.644105,105.61716,105.635814
20240627,0,105.631669,105.697996,105.629596,105.660687
20240628,0,105.671051,105.69385,105.656542,105.685559
20240701,0,105.685559,105.71665,105.579851,105.588142
20240702,0,105.600578,105.679341,105.600578,105.66276
20240703,0,105.66276,105.69385,105.654469,105.687632
20240704,0,105.683487,105.697996,105.656542,105.671051
20240705,0,105.656542,105.673123,105.63996,105.648251
20240708,0,105.59436,105.59436,105.519742,105.561197
20240709,0,105.577778,105.635814,105.561197,105.627524
20240710,0,105.623378,105.652396,105.615087,105.644105
20240711,0,105.637887,105.654469,105.629596,105.646178
20240712,0,105.656542,105.691778,105.656542,105.681414
20240715,0,105.685559,105.712505,105.675196,105.691778
20240716,0,105.695923,105.722868,105.677269,105.708359
20240717,0,105.714577,105.743595,105.702141,105.722868
20240718,0,105.720796,105.733232,105.683487,105.704214
20240719,0,105.708359,105.743595,105.708359,105.741523
20240722,0,105.770541,105.86174,105.768468,105.822359
20240723,0,105.853449,105.863813,105.834795,105.86174
20240724,0,105.865886,105.870031,105.845158,105.857595
20240725,0,105.878322,105.899049,105.841013,105.843086
20240726,0,105.857595,105.890758,105.849304,105.876249
20240729,0,105.886613,105.896976,105.865886,105.878322
20240730,0,105.886613,105.899049,105.853449,105.892831
20240731,0,105.905267,105.986103,105.901122,105.919776
20240801,0,105.919776,105.994394,105.90734,105.96123
20240802,0,105.994394,106.010975,105.944649,105.975739
20240805,0,106.002685,106.002685,105.946721,106.000612
20240806,0,105.88454,105.967448,105.822359,105.963303
20240807,0,105.950867,105.986103,105.948794,105.975739
20240808,0,105.946721,105.965376,105.911485,105.948794
20240809,0,105.915631,105.93014,105.886613,105.896976
20240812,0,105.851377,105.851377,105.753959,105.758104
20240813,0,105.770541,105.845158,105.751886,105.818213
20240814,0,105.863813,105.894904,105.814068,105.826504
20240815,0,105.83894,105.857595,105.751886,105.76225
20240816,0,105.780904,105.818213,105.764323,105.791268
20240819,0,105.791268,105.834795,105.768468,105.81614
20240820,0,105.828577,105.828577,105.76225,105.78505
20240821,0,105.801635,105.803708,105.683467,105.700052
20240822,0,105.801635,105.826512,105.766392,105.807854
20240823,0,105.812,105.899071,105.791269,105.896998
20240826,0,105.896998,105.934314,105.872121,105.909437
20240827,0,105.886633,105.921876,105.857609,105.861755
20240828,0,105.876267,105.921876,105.859682,105.913583
20240829,0,105.909437,105.928095,105.872121,105.882486
20240830,0,105.880413,105.905291,105.85139,105.890779
20240902,0,105.905291,106.006873,105.905291,106.0048
20240903,0,106.002727,106.07114,105.988215,106.03797
20240904,0,106.091871,106.091871,105.998581,106.006873
20240905,0,106.021385,106.069067,105.990289,106.002727
20240906,0,106.027605,106.066994,106.021385,106.050409
20240909,0,106.048336,106.079433,106.04419,106.07114
20240910,0,106.073213,106.162357,106.073213,106.158211
20240911,0,106.181015,106.218332,106.154065,106.205893
20240912,0,106.20382,106.255648,106.135407,106.162357
20240913,0,106.176869,106.228697,106.156138,106.201747
20240918,0,106.247355,106.247355,106.162357,106.189308
20240919,0,106.193454,106.205893,106.079433,106.129187
20240920,0,106.108456,106.172723,106.108456,106.172723
20240923,0,106.174796,106.216258,106.127114,106.131261
20240924,0,106.174796,106.210039,106.060775,106.116749
20240925,0,106.118822,106.261867,106.118822,106.253575
20240926,0,106.266013,106.280525,106.162357,106.178942
20240927,0,106.143699,106.216258,105.901144,106.073213
20240930,0,105.97785,106.069067,105.863828,106.050409
20241008,0,105.923949,106.127114,105.894925,105.94468
20241009,0,105.890779,105.998581,105.880413,105.975777
20241010,0,105.994435,106.085652,105.984069,106.019312
20241011,0,106.091871,106.122968,106.042116,106.066994
20241014,0,106.066994,106.108456,106.048336,106.087725
20241015,0,106.108456,106.114676,106.058701,106.10431
20241016,0,106.073213,106.135407,106.073213,106.087725
20241017,0,106.108456,106.205893,106.087725,106.20382
20241018,0,106.20382,106.234917,106.120895,106.147846
20241021,0,106.122968,106.172723,106.10431,106.141626
20241022,0,106.13748,106.147846,106.054555,106.058701
20241023,0,106.073213,106.07736,105.996508,106.015166
20241024,0,106.060775,106.07114,106.000654,106.021385
20241025,0,106.025532,106.056628,106.017239,106.048336
20241028,0,106.07114,106.122968,106.052482,106.114676
20241029,0,106.129187,106.156138,106.102237,106.154065
20241030,0,106.154065,106.191381,106.143699,106.183089
20241031,0,106.191381,106.214185,106.156138,106.207966
20241101,0,106.1976,106.299183,106.1976,106.26394
20241104,0,106.261867,106.274306,106.210039,106.220405
20241105,0,106.220405,106.257721,106.212112,106.255648
20241106,0,106.247355,106.286745,106.205893,106.222478
20241107,0,106.257721,106.338573,106.251502,106.315768
20241108,0,106.334426,106.398693,106.282598,106.371742
20241111,0,106.361377,106.45674,106.326134,106.427717
20241112,0,106.436009,106.494056,106.386254,106.421497
20241113,0,106.421497,106.421497,106.338573,106.365523
20241114,0,106.371742,106.402839,106.355157,106.394547
20241115,0,106.367596,106.450521,106.338573,106.394547
20241118,0,106.382108,106.431863,106.361377,106.382108
20241119,0,106.404912,106.421497,106.375889,106.411132
20241120,0,106.394547,106.413205,106.353084,106.382108
20241121,0,106.384182,106.446412,106.375885,106.429818
20241122,0,106.440189,106.446412,106.384182,106.42152
20241125,0,106.413223,106.535609,106.404926,106.444338
20241126,0,106.456784,106.467156,106.396628,106.431892
20241127,0,106.417372,106.463007,106.402851,106.442264
20241128,0,106.444338,106.463007,106.415297,106.463007
20241129,0,106.463007,106.512791,106.429818,106.458858
20241202,0,106.500345,106.60821,106.500345,106.57917
20241203,0,106.558426,106.57917,106.494122,106.525237
20241204,0,106.562575,106.595764,106.537683,106.59369
20241205,0,106.564649,106.595764,106.543906,106.570872
20241206,0,106.548055,106.595764,106.533534,106.554278
20241209,0,106.568798,106.583318,106.510717,106.521088
20241210,0,106.589541,106.687035,106.587467,106.653845
20241211,0,106.628954,106.639325,106.601987,106.620656
20241212,0,106.637251,106.701555,106.614433,106.693258
20241213,0,106.734744,106.782454,106.695332,106.699481
20241216,0,106.722298,106.792826,106.722298,106.761711
20241217,0,106.745116,106.765859,106.703629,106.734744
20241218,0,106.759636,106.788677,106.622731,106.73267
20241219,0,106.726447,106.799049,106.711927,106.799049
20241220,0,106.813569,106.908988,106.811495,106.896542
20241223,0,106.927657,106.931806,106.840535,106.844684
20241224,0,106.861279,106.927657,106.817718,106.865427
20241225,0,106.869576,106.898617,106.799049,106.811495
20241226,0,106.832238,106.838461,106.714001,106.740967
20241227,0,106.763785,106.840535,106.757562,106.836387
20241230,0,106.811495,106.836387,106.701555,106.734744
20241231,0,106.772082,106.813569,106.755488,106.801123
20250102,0,106.823941,106.859204,106.799049,106.80942
20250103,0,106.832238,106.98159,106.830164,106.98159
20250106,0,106.964995,106.973293,106.867502,106.923509
20250107,0,106.908988,106.923509,106.834312,106.865427
20250108,0,106.869576,106.877873,106.80942,106.828089
20250109,0,106.828089,106.840535,106.682886,106.682886
20250110,0,106.560501,106.643474,106.492048,106.628954
20250113,0,106.57917,106.599913,106.463007,106.539757
20250114,0,106.558426,106.68496,106.519014,106.664217
20250115,0,106.678737,106.714001,106.620656,106.649697
20250116,0,106.631028,106.678737,106.587467,106.662143
20250117,0,106.701555,106.701555,106.568798,106.587467
20250120,0,106.562575,106.664217,106.558426,106.643474
20250121,0,106.622731,106.674589,106.612359,106.668366
20250122,0,106.653845,106.682886,106.591616,106.624805
20250123,0,106.657994,106.662143,106.537683,106.577095
20250124,0,106.550129,106.564649,106.477527,106.552203
20250127,0,106.599913,106.701555,106.581244,106.653845
20250205,0,106.633102,106.651771,106.597839,106.639325
20250206,0,106.6414,106.699481,106.601987,106.697406
20250207,0,106.697406,106.697406,106.564649,106.564649
20250210,0,106.548055,106.570872,106.446412,106.45471
20250211,0,106.429818,106.502419,106.390405,106.479602
20250212,0,106.45471,106.512791,106.400777,106.411149
20250213,0,106.45471,106.45471,106.380034,106.398703
20250214,0,106.39248,106.400777,106.26802,106.29706
20250217,0,106.257648,106.340621,106.249351,106.259722
20250218,0,106.26802,106.272168,106.156006,106.238979
20250219,0,106.270025,106.313489,106.23484,106.30728
20250220,0,106.276234,106.303141,106.135493,106.16033
20250221,0,106.197585,106.236909,106.085819,106.131353
20250224,0,106.15619,106.249328,106.044425,106.127214
20250225,0,106.174818,106.226561,105.986473,106.16033
20250226,0,106.181027,106.236909,106.108586,106.141702
20250227,0,106.141702,106.183097,106.098238,106.135493
20250228,0,106.135493,106.185166,106.058913,106.176887
20250303,0,106.181027,106.272095,106.141702,106.247258
20250304,0,106.265886,106.284513,106.15619,106.183097
20250305,0,106.218282,106.226561,106.162399,106.212073
20250306,0,106.166539,106.183097,106.098238,106.125144
20250307,0,106.027867,106.073401,105.947148,105.978194
20250310,0,105.880917,106.032007,105.880917,105.998891
20250311,0,105.967845,105.967845,105.802267,105.822964
20250312,0,105.804337,105.965775,105.78157,105.953357
20250313,0,105.938869,106.00303,105.893335,105.893335
20250314,0,105.864359,105.967845,105.810546,105.914032
20250317,0,105.891265,105.945078,105.85608,105.880917
20250318,0,105.907823,106.036146,105.899544,105.953357
20250319,0,105.992682,106.013379,105.891265,105.914032
20250320,0,105.953357,106.00717,105.93059,105.982333
20250321,0,105.982333,106.000961,105.920241,105.924381
20250324,0,105.918172,105.965775,105.876777,105.957497
20250325,0,105.988542,106.00924,105.926451,105.936799
20250326,0,105.922311,106.044425,105.922311,106.034076
20250327,0,106.000961,106.029937,105.978194,105.998891
20250328,0,105.982333,106.052704,105.974054,106.017519
20250331,0,106.00717,106.023728,105.949218,105.959566
20250401,0,105.959566,105.969915,105.903684,105.914032
20250402,0,105.905753,105.967845,105.901614,105.963706
20250403,0,106.038216,106.135493,106.0051,106.106517
20250407,0,106.218282,106.274164,106.174818,106.255537
20250408,0,106.220352,106.238979,106.143772,106.152051
20250409,0,106.176887,106.400418,106.15619,106.261746
20250410,0,106.236909,106.321768,106.203794,106.282443
20250411,0,106.321768,106.344535,106.197585,106.218282
20250414,0,106.216212,106.216212,106.143772,106.166539
20250415,0,106.170678,106.176887,106.089959,106.118935
20250416,0,106.127214,106.164469,106.077541,106.137563
20250417,0,106.145842,106.162399,106.044425,106.063053
20250418,0,106.058913,106.075471,105.992682,106.00303
20250421,0,106.0051,106.0051,105.93266,105.949218
20250422,0,105.959566,105.984403,105.949218,105.971985
20250423,0,105.92852,105.965775,105.878847,105.936799
20250424,0,105.957497,105.980264,105.878847,105.885056
20250425,0,105.897475,105.959566,105.847801,105.849871
20250428,0,105.85401,105.924381,105.845731,105.887126
20250429,0,105.903684,105.943008,105.882986,105.899544
20250430,0,105.878847,105.957497,105.876777,105.93473
20250506,0,105.924381,105.961636,105.872638,105.874708
20250507,0,105.918172,105.938869,105.868498,105.874708
20250508,0,105.905753,105.955427,105.889196,105.93059
20250509,0,105.969915,105.988542,105.905753,105.914032
20250512,0,105.878847,105.951287,105.796058,105.841592
20250513,0,105.85608,105.92852,105.85608,105.914032
20250514,0,105.876777,105.916102,105.85401,105.85815
20250515,0,105.847814,105.876754,105.808538,105.841613
20250516,0,105.820941,105.825076,105.777531,105.818874
20250519,0,105.816807,105.851948,105.77133,105.820941
20250520,0,105.847814,105.899493,105.783733,105.794068
20250521,0,105.80027,105.827143,105.7858,105.816807
20250522,0,105.837478,105.856083,105.789934,105.802337
20250523,0,105.816807,105.856083,105.777531,105.845747
20250526,0,105.854015,105.874687,105.82921,105.868485
20250527,0,105.880888,105.880888,105.837478,105.845747
20250528,0,105.849881,105.851948,105.825076,105.837478
20250529,0,105.827143,105.82921,105.779598,105.781666
20250530,0,105.808538,105.862284,105.802337,105.833344
20250603,0,105.823008,105.825076,105.7858,105.787867
20250604,0,105.808538,105.854015,105.796136,105.833344
20250605,0,105.816807,105.907761,105.816807,105.868485
20250606,0,105.909828,105.949104,105.880888,105.891224
20250609,0,105.889157,105.91603,105.866418,105.88709
20250610,0,105.891224,105.899493,105.868485,105.880888
20250611,0,105.891224,105.899493,105.876754,105.895358
20250612,0,105.895358,105.899493,105.860217,105.882955
20250613,0,105.885023,105.909828,105.876754,105.903627
20250616,0,105.91603,105.924298,105.893291,105.905694
20250617,0,105.911895,105.986312,105.903627,105.982178
20250618,0,106.025588,106.025588,105.951171,105.986312
20250619,0,106.002849,106.004917,105.957372,105.967708
20250620,0,105.949104,106.009051,105.949104,105.986312
20250623,0,105.988379,105.996648,105.957372,105.971842
20250624,0,105.951171,105.988379,105.934634,105.94497
20250625,0,105.951171,105.982178,105.938768,105.953238
20250626,0,105.951171,105.975977,105.942902,105.951171
20250627,0,105.957372,106.000782,105.951171,105.984245
20250630,0,105.984245,105.984245,105.932567,105.938768
20250701,0,105.938768,105.957372,105.909828,105.928432
20250702,0,105.9305,105.953238,105.928432,105.953238
20250703,0,105.961507,105.965641,105.932567,105.955305
20250704,0,105.951171,105.963574,105.94497,105.949104
20250707,0,105.953238,105.963574,105.926365,105.942902
20250708,0,105.932567,105.940835,105.90156,105.905694
20250709,0,105.911895,105.920164,105.880888,105.903627
20250710,0,105.905694,105.905694,105.847814,105.851948
20250711,0,105.841613,105.862284,105.835411,105.854015
20250714,0,105.796136,105.847814,105.796136,105.816807
20250715,0,105.833344,105.866418,105.823008,105.856083
20250716,0,105.866418,105.878821,105.856083,105.862284
20250717,0,105.866418,105.885023,105.85815,105.878821
20250718,0,105.874687,105.882955,105.85815,105.87262
20250721,0,105.845747,105.864351,105.839546,105.85815
20250722,0,105.85815,105.880888,105.845747,105.845747
20250723,0,105.827143,105.835411,105.777531,105.816807
20250724,0,105.802337,105.802337,105.734121,105.738256
20250725,0,105.734121,105.7858,105.725853,105.744457
20250728,0,105.77133,105.810606,105.765129,105.798203
20250729,0,105.798203,105.798203,105.721719,105.736189
20250730,0,105.744457,105.794068,105.734121,105.77133
20250731,0,105.798203,105.804404,105.779598,105.787867
20250801,0,105.781666,105.808538,105.75686,105.783733
20250804,0,105.820941,105.851948,105.779598,105.787867
20250805,0,105.794068,105.802337,105.777531,105.783733
20250806,0,105.783733,105.837478,105.777531,105.806471
20250807,0,105.827143,105.839546,105.80027,105.810606
20250808,0,105.82921,105.84368,105.796136,105.820941
20250811,0,105.810606,105.81474,105.779598,105.80027
20250812,0,105.796136,105.796136,105.748591,105.773397
20250813,0,105.775464,105.820941,105.77133,105.804404
20250814,0,105.804404,105.812673,105.767196,105.783733
20250815,0,105.7858,105.802337,105.777531,105.781666
20250818,0,105.754793,105.754793,105.686577,105.738256
20250819,0,105.748591,105.773397,105.729987,105.767196
20250820,0,105.7858,105.961507,105.74239,105.760994
20250821,0,105.765129,105.767196,105.734121,105.760994
20250822,0,105.752727,105.775461,105.723794,105.734127
20250825,0,105.723794,105.835395,105.715527,105.831262
20250826,0,105.831262,105.833329,105.777528,105.814728
20250827,0,105.814728,105.825062,105.777528,105.820928
20250828,0,105.827128,105.827128,105.773394,105.783728
20250829,0,105.787861,105.847795,105.783728,105.833329
20250901,0,105.822995,105.853995,105.804395,105.851929
20250902,0,105.845729,105.858129,105.818862,105.827128
