date,time,open,high,low,close
20190809,0,1745,1788,1702,1702
20190812,0,1690,1726,1679,1716
20190813,0,1705,1767,1702,1767
20190814,0,1770,1783,1716,1732
20190815,0,1738,1753,1724,1738
20190816,0,1737,1754,1732,1739
20190819,0,1743,1750,1730,1741
20190820,0,1741,1749,1736,1741
20190821,0,1738,1738,1706,1718
20190822,0,1722,1730,1718,1723
20190823,0,1725,1727,1714,1720
20190826,0,1715,1748,1712,1736
20190827,0,1734,1758,1731,1738
20190828,0,1744,1758,1738,1750
20190829,0,1749,1815,1749,1786
20190830,0,1795,1804,1781,1789
20190902,0,1793,1826,1781,1796
20190903,0,1798,1806,1785,1791
20190904,0,1796,1843,1793,1813
20190905,0,1814,1830,1807,1812
20190906,0,1815,1827,1810,1820
20190909,0,1832,1840,1817,1823
20190910,0,1826,1835,1803,1811
20190911,0,1811,1820,1808,1817
20190912,0,1818,1822,1811,1815
20190916,0,1819,1825,1775,1790
20190917,0,1791,1796,1778,1781
20190918,0,1782,1786,1764,1785
20190919,0,1784,1794,1774,1778
20190920,0,1780,1780,1752,1760
20190923,0,1764,1769,1756,1763
20190924,0,1764,1776,1759,1772
20190925,0,1774,1775,1754,1756
20190926,0,1757,1765,1744,1758
20190927,0,1751,1757,1747,1749
20190930,0,1754,1764,1749,1755
20191008,0,1750,1764,1728,1753
20191009,0,1754,1773,1752,1769
20191010,0,1769,1779,1756,1758
20191011,0,1760,1763,1748,1752
20191014,0,1750,1753,1734,1739
20191015,0,1730,1738,1730,1737
20191016,0,1737,1742,1730,1730
20191017,0,1728,1728,1711,1715
20191018,0,1715,1725,1711,1714
20191021,0,1715,1715,1699,1700
20191022,0,1701,1704,1673,1683
20191023,0,1685,1686,1675,1679
20191024,0,1683,1692,1678,1683
20191025,0,1681,1687,1678,1680
20191028,0,1682,1692,1679,1685
20191029,0,1686,1695,1680,1686
20191030,0,1685,1695,1682,1690
20191031,0,1690,1697,1686,1686
20191101,0,1686,1690,1681,1687
20191104,0,1687,1689,1680,1682
20191105,0,1684,1706,1682,1702
20191106,0,1701,1706,1682,1683
20191107,0,1686,1689,1667,1668
20191108,0,1670,1672,1638,1643
20191111,0,1646,1648,1634,1636
20191112,0,1640,1655,1634,1646
20191113,0,1643,1660,1642,1649
20191114,0,1649,1655,1630,1635
20191115,0,1636,1649,1632,1647
20191118,0,1642,1645,1600,1605
20191119,0,1598,1611,1582,1604
20191120,0,1605,1620,1593,1601
20191121,0,1606,1606,1594,1600
20191122,0,1604,1635,1602,1624
20191125,0,1635,1670,1633,1660
20191126,0,1659,1664,1646,1655
20191127,0,1656,1675,1656,1673
20191128,0,1675,1679,1660,1672
20191129,0,1670,1677,1662,1675
20191202,0,1670,1673,1658,1661
20191203,0,1663,1671,1658,1661
20191204,0,1665,1698,1664,1682
20191205,0,1684,1724,1679,1720
20191206,0,1717,1734,1712,1726
20191209,0,1732,1748,1726,1742
20191210,0,1739,1753,1734,1741
20191211,0,1732,1738,1720,1732
20191212,0,1731,1732,1714,1717
20191213,0,1719.958644,1730.807007,1708.124067,1712.068926
20191216,0,1711.082711,1717.986215,1696.289489,1705.165422
20191217,0,1704.179207,1712.068926,1698.261918,1705.165422
20191218,0,1702.206778,1703.192993,1683.468696,1684.454911
20191219,0,1686.427341,1703.192993,1683.468696,1703.192993
20191220,0,1706.151637,1706.151637,1691.358415,1691.358415
20191223,0,1696.289489,1700.234348,1689.385985,1692.34463
20191224,0,1687.413555,1694.317059,1672.620333,1676.565192
20191225,0,1679.523837,1684.454911,1676.565192,1681.496267
20191226,0,1680.510052,1691.358415,1678.537622,1690.3722
20191227,0,1687.413555,1698.261918,1685.441126,1687.413555
20191230,0,1687.413555,1696.289489,1677.551407,1691.358415
20191231,0,1688.39977,1705.165422,1687.413555,1699.248133
20200102,0,1698.261918,1707.137852,1692.34463,1692.34463
20200103,0,1692.34463,1695.303274,1681.496267,1690.3722
20200106,0,1692.34463,1711.082711,1692.34463,1704.179207
20200107,0,1703.192993,1722.917289,1703.192993,1717.986215
20200108,0,1725.875933,1751.517519,1706.151637,1720.944859
20200109,0,1716.013785,1717.986215,1706.151637,1707.137852
20200110,0,1709.110281,1721.931074,1708.124067,1714.041356
20200113,0,1714.041356,1745.60023,1713.055141,1737.710511
20200114,0,1733.765652,1748.558874,1726.862148,1730.807007
20200115,0,1733.765652,1736.724296,1727.848363,1733.765652
20200116,0,1737.710511,1742.641585,1728.834578,1732.779437
20200117,0,1731.793222,1735.738082,1720.944859,1721.931074
20200120,0,1723.903504,1729.820793,1717,1724.889719
20200121,0,1725.875933,1733.765652,1693.330844,1696.289489
20200122,0,1696.289489,1696.289489,1681.496267,1692.34463
20200123,0,1689.385985,1692.34463,1681.496267,1686.427341
20200203,0,1592.736933,1646.978748,1587.805859,1627.254451
20200204,0,1632.185526,1675.578978,1631.199311,1668.675474
20200205,0,1660.785755,1693.330844,1659.79954,1678.537622
20200206,0,1679.523837,1689.385985,1672.620333,1684.454911
20200207,0,1678.537622,1691.358415,1678.537622,1689.385985
20200210,0,1691.358415,1705.165422,1688.39977,1695.303274
20200211,0,1691.358415,1714.041356,1691.358415,1712.068926
20200212,0,1712.068926,1723.903504,1704.179207,1711.082711
20200213,0,1713.055141,1717,1699.248133,1708.124067
20200214,0,1708.124067,1714.041356,1696.289489,1713.055141
20200217,0,1717,1730.807007,1714.041356,1728.834578
20200218,0,1734.751867,1735.738082,1725.875933,1728.834578
20200219,0,1728.834578,1733.765652,1721.931074,1731.793222
20200220,0,1731.793222,1735.738082,1712.068926,1722.917289
20200221,0,1725.875933,1779.131534,1721.931074,1768.283171
20200224,0,1776.172889,1792.938541,1765.324526,1782.090178
20200225,0,1774.20046,1794.910971,1762.365882,1784.062608
20200226,0,1780.117748,1791.952326,1756.448593,1764.338311
20200227,0,1756.448593,1761.379667,1725.875933,1729.820793
20200228,0,1718.97243,1748.558874,1709.110281,1724.889719
20200302,0,1737.710511,1758.421022,1735.738082,1742.641585
20200303,0,1755.462378,1759.407237,1741.65537,1752.503733
20200304,0,1755.462378,1805.759334,1755.462378,1790.966111
20200305,0,1794.910971,1799.842045,1779.131534,1785.048823
20200306,0,1788.993682,1808.717978,1782.090178,1801.814474
20200309,0,1755.462378,1790.966111,1730.807007,1736.724296
20200310,0,1746.586445,1760.393452,1731.793222,1742.641585
20200311,0,1743.6278,1758.421022,1726.862148,1727.848363
20200312,0,1733.765652,1738.696726,1697.275704,1700.234348
20200313,0,1692.34463,1709.110281,1682.482481,1703.192993
20200316,0,1696.289489,1706.151637,1666.703044,1673.606548
20200317,0,1675.578978,1681.496267,1661.77197,1675.578978
20200318,0,1672.620333,1678.537622,1651.909822,1657.827111
20200319,0,1646.978748,1655.854681,1602.599081,1623.309592
20200320,0,1633.17174,1656.840896,1623.309592,1631.199311
20200323,0,1612.461229,1634.157955,1607.530155,1624.295807
20200324,0,1626.268237,1647.964963,1621.337163,1632.185526
20200325,0,1642.047674,1642.047674,1612.461229,1628.240666
20200326,0,1627.254451,1641.061459,1617.392303,1628.240666
20200327,0,1628.240666,1634.157955,1622.323377,1626.268237
20200330,0,1618.378518,1637.1166,1589.778288,1598.654222
20200331,0,1593.723148,1611.475014,1575.971281,1584.847214
20200401,0,1587.805859,1606.54394,1584.847214,1602.599081
20200402,0,1596.681792,1622.323377,1592.736933,1606.54394
20200403,0,1614.433659,1619.364733,1607.530155,1613.447444
20200407,0,1624.295807,1684.454911,1624.295807,1671.634118
20200408,0,1662.758185,1676.565192,1641.061459,1650.923607
20200409,0,1651.909822,1661.77197,1645.992533,1652.896037
20200410,0,1649.753649,1661.275738,1642.42141,1657.085887
20200413,0,1664.418126,1668.607976,1647.658724,1651.848574
20200414,0,1651.848574,1651.848574,1603.665293,1643.468873
20200415,0,1644.516336,1646.611261,1628.804396,1629.851859
20200416,0,1629.851859,1634.041709,1622.51962,1629.851859
20200417,0,1634.041709,1634.041709,1608.902606,1620.424695
20200420,0,1617.282307,1647.658724,1608.902606,1640.326485
20200421,0,1632.994247,1641.373948,1589.000816,1606.807681
20200422,0,1602.61783,1612.044994,1587.953353,1594.238129
20200423,0,1597.380517,1627.756934,1597.380517,1616.234845
20200424,0,1617.282307,1624.614546,1597.380517,1598.42798
20200427,0,1605.760218,1614.139919,1590.048279,1607.855143
20200428,0,1597.380517,1606.807681,1573.288877,1574.336339
20200429,0,1575.383802,1586.905891,1575.383802,1580.621115
20200430,0,1585.858428,1595.285592,1582.71604,1592.143204
20200506,0,1593.190667,1608.902606,1586.905891,1591.095741
20200507,0,1597.380517,1602.61783,1590.048279,1594.238129
20200508,0,1591.095741,1594.238129,1580.621115,1582.71604
20200511,0,1580.621115,1589.000816,1573.288877,1585.858428
20200512,0,1582.71604,1615.187382,1582.71604,1612.044994
20200513,0,1610.997531,1621.472158,1597.380517,1608.902606
20200514,0,1609.950069,1622.51962,1602.61783,1612.044994
20200515,0,1618.32977,1630.899321,1615.187382,1625.662008
20200518,0,1631.946784,1634.041709,1615.187382,1619.377232
20200519,0,1628.804396,1628.804396,1586.905891,1598.42798
20200520,0,1602.61783,1614.139919,1597.380517,1610.997531
20200521,0,1610.997531,1618.32977,1606.807681,1612.044994
20200522,0,1607.855143,1607.855143,1592.143204,1604.712756
20200525,0,1605.760218,1623.567083,1602.61783,1618.32977
20200526,0,1623.567083,1627.756934,1604.712756,1605.760218
20200527,0,1609.950069,1618.32977,1606.807681,1613.092457
20200528,0,1610.997531,1619.377232,1605.760218,1609.950069
20200529,0,1614.139919,1622.51962,1598.42798,1605.760218
20200601,0,1613.092457,1616.234845,1608.902606,1609.950069
20200602,0,1610.997531,1614.139919,1604.712756,1612.044994
20200603,0,1615.187382,1639.279023,1614.139919,1636.136635
20200604,0,1634.041709,1651.848574,1625.662008,1628.804396
20200605,0,1634.041709,1641.373948,1627.756934,1632.994247
20200608,0,1641.373948,1644.516336,1635.089172,1637.184097
20200609,0,1639.279023,1639.279023,1607.855143,1608.902606
20200610,0,1608.902606,1613.092457,1602.61783,1608.902606
20200611,0,1608.902606,1610.997531,1592.143204,1594.238129
20200612,0,1585.858428,1604.712756,1582.71604,1596.333055
20200615,0,1595.285592,1600.522905,1590.048279,1597.380517
20200616,0,1602.61783,1609.950069,1597.380517,1608.902606
20200617,0,1605.760218,1609.950069,1594.238129,1597.380517
20200618,0,1596.333055,1599.475442,1592.143204,1596.333055
20200619,0,1600.522905,1601.570368,1594.238129,1597.380517
20200622,0,1597.380517,1600.522905,1587.953353,1589.000816
20200623,0,1590.048279,1591.095741,1582.71604,1584.810966
20200624,0,1582.71604,1586.905891,1562.81425,1577.478727
20200629,0,1581.668578,1601.570368,1578.52619,1598.42798
20200630,0,1599.475442,1601.570368,1576.431264,1577.478727
20200701,0,1577.478727,1582.71604,1574.336339,1578.52619
20200702,0,1575.383802,1585.858428,1573.288877,1584.810966
20200703,0,1586.905891,1604.712756,1586.905891,1603.665293
20200706,0,1604.712756,1613.092457,1598.42798,1612.044994
20200707,0,1615.187382,1618.32977,1598.42798,1602.61783
20200708,0,1607.855143,1627.756934,1604.712756,1618.32977
20200709,0,1618.32977,1627.756934,1614.139919,1620.424695
20200710,0,1618.32977,1632.994247,1615.187382,1617.282307
20200713,0,1623.567083,1627.756934,1618.32977,1620.424695
20200714,0,1618.32977,1636.136635,1608.902606,1615.187382
20200715,0,1621.472158,1622.51962,1609.950069,1609.950069
20200716,0,1609.950069,1620.424695,1607.855143,1613.092457
20200717,0,1616.234845,1623.567083,1596.333055,1600.522905
20200720,0,1599.475442,1615.187382,1591.095741,1610.997531
20200721,0,1610.997531,1630.899321,1610.997531,1618.32977
20200722,0,1620.424695,1687.462304,1620.424695,1687.462304
20200723,0,1706.316631,1745.072749,1688.509766,1708.411556
20200724,0,1708.411556,1742.977823,1698.984393,1717.83872
20200727,0,1712.601407,1728.313346,1697.93693,1701.079318
20200728,0,1675.940215,1686.414841,1639.279023,1639.279023
20200729,0,1675.940215,1711.553944,1673.845289,1706.316631
20200730,0,1704.221706,1714.696332,1690.604692,1703.174243
20200731,0,1722.028571,1744.025286,1712.601407,1738.787973
20200803,0,1780.686478,1799.540806,1780.686478,1799.540806
20200804,0,1833.05961,1909.524382,1824.679909,1852.9614
20200805,0,1857.15125,1881.242891,1814.205282,1854.008863
20200806,0,1851.854291,1875.554579,1849.699719,1865.859006
20200807,0,1873.400007,1883.095579,1836.77229,1858.318006
20200810,0,1854.008863,1854.008863,1790.449,1796.912715
20200811,0,1799.067287,1856.163434,1799.067287,1835.695004
20200812,0,1827.076718,1844.31329,1781.830714,1809.840145
20200813,0,1831.385861,1841.081433,1792.603572,1813.072002
20200814,0,1801.221858,1804.453716,1759.207712,1783.985285
20200817,0,1771.057856,1771.057856,1741.971139,1758.130426
20200818,0,1759.207712,1806.608287,1759.207712,1803.37643
20200819,0,1804.453716,1827.076718,1766.748713,1766.748713
20200820,0,1774.289713,1797.990001,1753.821283,1788.294429
20200821,0,1783.985285,1803.37643,1763.516855,1767.825998
20200824,0,1766.748713,1789.371715,1759.207712,1776.444285
20200825,0,1768.903284,1815.226574,1768.903284,1782.908
20200826,0,1788.294429,1822.767574,1783.985285,1818.458431
20200827,0,1825.999432,1835.695004,1797.990001,1810.917431
20200828,0,1817.381145,1838.926861,1813.072002,1831.385861
20200831,0,1836.77229,1842.158719,1753.821283,1760.284998
20200901,0,1759.207712,1774.289713,1748.434854,1761.362284
20200902,0,1759.207712,1777.521571,1751.666711,1764.594141
20200903,0,1763.516855,1779.676142,1730.120995,1731.198281
20200904,0,1726.889138,1745.202997,1711.807137,1737.661996
20200907,0,1737.661996,1771.057856,1735.507424,1760.284998
20200908,0,1757.05314,1766.748713,1750.589426,1751.666711
20200909,0,1748.434854,1790.449,1739.816568,1763.516855
20200910,0,1766.748713,1779.676142,1757.05314,1771.057856
20200911,0,1772.135142,1772.135142,1744.125711,1761.362284
20200914,0,1766.748713,1802.299144,1766.748713,1790.449
20200915,0,1792.603572,1807.685573,1778.598856,1792.603572
20200916,0,1792.603572,1796.912715,1759.207712,1759.207712
20200917,0,1764.594141,1775.366999,1761.362284,1772.135142
20200918,0,1777.521571,1810.917431,1777.521571,1803.37643
20200921,0,1796.912715,1802.299144,1761.362284,1764.594141
20200922,0,1764.594141,1768.903284,1747.357568,1757.05314
20200923,0,1752.743997,1774.289713,1743.048425,1757.05314
20200924,0,1758.130426,1761.362284,1743.048425,1752.743997
20200925,0,1758.130426,1761.362284,1746.280282,1752.743997
20200928,0,1750.589426,1750.589426,1724.734566,1730.120995
20200929,0,1727.966424,1736.58471,1723.657281,1724.734566
20200930,0,1723.657281,1761.362284,1720.425423,1760.284998
20201009,0,1772.135142,1791.526286,1760.284998,1768.903284
20201012,0,1773.212427,1774.289713,1764.594141,1765.671427
20201013,0,1765.671427,1786.139857,1764.594141,1776.444285
20201014,0,1780.753428,1786.139857,1767.825998,1775.366999
20201015,0,1774.289713,1793.680858,1757.05314,1764.594141
20201016,0,1769.98057,1780.753428,1764.594141,1774.289713
20201019,0,1782.908,1843.236005,1782.908,1843.236005
20201020,0,1831.385861,1833.540432,1802.299144,1804.453716
20201021,0,1809.840145,1834.617718,1809.840145,1831.385861
20201022,0,1822.767574,1868.013578,1816.30386,1834.617718
20201023,0,1837.849576,1849.699719,1827.076718,1834.617718
20201026,0,1852.931577,1859.395292,1834.617718,1836.77229
20201027,0,1833.540432,1862.627149,1819.535717,1857.24072
20201028,0,1860.472577,1876.631864,1847.545148,1857.24072
20201029,0,1851.854291,1860.472577,1840.004147,1849.699719
20201030,0,1859.395292,1900.332152,1852.931577,1897.100295
20201102,0,1901.409438,1911.10501,1882.018293,1894.945723
20201103,0,1902.486724,1906.795867,1827.076718,1837.849576
20201104,0,1848.622434,1851.854291,1836.77229,1841.081433
20201105,0,1845.390576,1852.931577,1833.540432,1850.777005
20201106,0,1851.854291,1874.477293,1846.467862,1872.322721
20201109,0,1872.322721,1893.868437,1868.013578,1891.713866
20201110,0,1905.718581,1906.795867,1851.854291,1858.318006
20201111,0,1860.472577,1892.791151,1859.395292,1882.018293
20201112,0,1885.250151,1943.423584,1876.631864,1931.57344
20201113,0,1930.496154,1953.119156,1917.568725,1940.191727
20201116,0,1936.959869,1946.655441,1918.646011,1927.264297
20201117,0,1927.264297,1966.046586,1922.955154,1943.423584
20201118,0,1943.423584,1968.201157,1942.346298,1956.351014
20201119,0,1956.351014,1962.814728,1922.955154,1947.732727
20201120,0,1948.810013,1957.428299,1933.728012,1942.346298
20201123,0,1938.037155,1941.269012,1900.332152,1912.182296
20201124,0,1921.877868,1931.57344,1905.718581,1917.568725
20201125,0,1919.723296,1947.732727,1912.182296,1945.578156
20201126,0,1942.346298,1943.423584,1890.63658,1897.100295
20201127,0,1897.100295,1920.800582,1896.023009,1918.646011
20201130,0,1919.723296,1938.037155,1908.950438,1926.187011
20201201,0,1926.187011,1930.496154,1874.477293,1888.482008
20201202,0,1885.250151,1892.791151,1859.395292,1862.627149
20201203,0,1870.16815,1892.791151,1864.781721,1876.631864
20201204,0,1882.018293,1922.955154,1882.018293,1917.568725
20201207,0,1924.03244,1936.959869,1902.486724,1921.877868
20201208,0,1921.877868,1957.428299,1921.877868,1946.655441
20201209,0,1950.964585,2000.519731,1947.732727,1983.283159
20201210,0,1978.974015,2025.297305,1930.496154,1950.964585
20201211,0,1959.582871,1976.819444,1949.887299,1957.428299
20201214,0,1941.401321,1953.154438,1927.511273,1933.922064
20201215,0,1929.648203,1941.401321,1904.005038,1912.55276
20201216,0,1926.442808,1945.675182,1911.484295,1941.401321
20201217,0,1941.401321,1951.017508,1924.305877,1936.058995
20201218,0,1952.085973,1996.961513,1952.085973,1994.824582
20201221,0,1994.824582,2014.056956,1965.976021,2005.509235
20201222,0,2002.303839,2043.973983,1937.12746,1944.606717
20201223,0,1952.085973,1969.181417,1944.606717,1959.56523
20201224,0,1965.976021,1978.797604,1947.812112,1960.633695
20201225,0,1959.56523,1959.56523,1926.442808,1954.222904
20201228,0,1943.538251,1977.729139,1939.26439,1968.112952
20201229,0,1968.112952,1977.729139,1924.305877,1931.785134
20201230,0,1937.12746,1942.469786,1927.511273,1938.195925
20201231,0,1942.469786,1968.112952,1940.332856,1956.359834
20210104,0,1945.675182,1972.386813,1931.785134,1967.044486
20210105,0,1962.770626,1983.071465,1948.880578,1976.660673
20210106,0,1987.345326,1991.619187,1968.112952,1978.797604
20210107,0,1983.071465,2029.01547,1983.071465,2024.741609
20210108,0,2026.878539,2039.700122,1996.961513,2017.262352
20210111,0,2016.193887,2076.02794,2009.783096,2043.973983
20210112,0,2039.700122,2096.328779,2026.878539,2084.575662
20210113,0,2103.808036,2115.561153,2079.233335,2086.712592
20210114,0,2098.46571,2149.752041,2095.260314,2145.47818
20210115,0,2163.642089,2188.216789,2150.820506,2172.18981
20210118,0,2157.231297,2165.779019,2089.917988,2101.671105
20210119,0,2097.397244,2121.971945,2073.891009,2081.370266
20210120,0,2080.301801,2092.054918,2054.658635,2062.137892
20210121,0,2063.206357,2103.808036,2063.206357,2096.328779
20210122,0,2092.054918,2114.492688,2067.480218,2074.959475
20210125,0,2081.370266,2128.382736,2067.480218,2127.314271
20210126,0,2130.519666,2142.272784,2098.46571,2101.671105
20210127,0,2112.355758,2139.067388,2109.150362,2133.725062
20210128,0,2131.588132,2145.47818,2112.355758,2125.17734
20210129,0,2152.957436,2199.969906,2136.930458,2198.901441
20210201,0,2198.901441,2220.270746,2160.436693,2174.326741
20210202,0,2194.62758,2207.449163,2168.984415,2185.011393
20210203,0,2197.832976,2203.175302,2100.60264,2116.629618
20210204,0,2126.245806,2146.546645,2092.054918,2146.546645
20210205,0,2151.888971,2157.231297,2100.60264,2119.835014
20210208,0,2120.903479,2130.519666,2078.16487,2096.328779
20210209,0,2099.534175,2160.436693,2088.849523,2154.025901
20210210,0,2154.025901,2154.025901,2088.849523,2104.876501
20210218,0,2126.245806,2191.422184,2126.245806,2166.847484
20210219,0,2163.642089,2174.326741,2136.930458,2164.710554
20210222,0,2174.326741,2210.654559,2164.710554,2183.942928
20210223,0,2191.422184,2246.982376,2177.532137,2185.011393
20210224,0,2180.737532,2204.243767,2147.61511,2162.573623
20210225,0,2192.49065,2211.723024,2152.957436,2167.915949
20210226,0,2137.998923,2154.025901,2098.46571,2098.46571
20210301,0,2099.534175,2112.355758,2045.042448,2076.02794
20210302,0,2064.274822,2085.644127,2040.768587,2071.754079
20210303,0,2071.754079,2092.054918,2032.220865,2037.563192
20210304,0,2021.536213,2045.042448,2004.440769,2024.741609
20210305,0,2027.947004,2027.947004,1965.976021,1968.112952
20210308,0,1985.208395,2038.631657,1983.071465,2029.01547
20210309,0,2018.330817,2049.316309,2008.71463,2024.741609
20210310,0,2036.494726,2081.370266,2036.494726,2071.754079
20210311,0,2072.822544,2080.301801,2026.878539,2058.932496
20210312,0,2073.891009,2080.301801,2027.947004,2036.494726
20210315,0,2072.822544,2119.835014,2072.822544,2103.808036
20210316,0,2109.150362,2112.355758,2074.959475,2083.507196
20210317,0,2081.370266,2127.314271,2055.7271,2116.629618
20210318,0,2125.17734,2125.17734,2088.849523,2103.808036
20210319,0,2074.959475,2125.17734,2061.069427,2071.754079
20210322,0,2092.054918,2097.397244,2020.467748,2042.905518
20210323,0,2037.563192,2076.02794,2036.494726,2071.754079
20210324,0,2064.274822,2115.561153,2064.274822,2103.808036
20210325,0,2110.218827,2119.835014,2087.781057,2114.492688
20210326,0,2116.629618,2159.368228,2101.671105,2158.299762
20210329,0,2168.984415,2174.326741,2135.861993,2149.752041
20210330,0,2149.752041,2160.436693,2130.519666,2140.135854
20210331,0,2100.60264,2113.424223,2074.959475,2080.301801
20210401,0,2072.822544,2080.301801,2046.110913,2060.000961
20210402,0,2064.274822,2088.849523,2049.316309,2054.658635
20210406,0,2041.837052,2082.438731,2036.494726,2069.617148
20210407,0,2073.891009,2116.629618,2072.822544,2110.218827
20210408,0,2110.218827,2119.835014,2100.60264,2111.287292
20210409,0,2118.766549,2152.957436,2118.766549,2149.752041
20210412,0,2157.231297,2162.573623,2115.561153,2127.314271
20210413,0,2123.04041,2190.353719,2112.355758,2146.546645
20210414,0,2139.067388,2181.805997,2136.930458,2175.395206
20210415,0,2185.011393,2189.285254,2162.573623,2179.669067
20210416,0,2190.353719,2215.996885,2160.436693,2196.764511
20210419,0,2202.314699,2235.615828,2202.314699,2233.395753
20210420,0,2245.606167,2303.328125,2240.055979,2264.476807
20210421,0,2260.036657,2282.23741,2240.055979,2277.797259
20210422,0,2281.127372,2334.409179,2280.017334,2327.748953
20210423,0,2332.189104,2333.299142,2308.878313,2322.198765
20210426,0,2316.648577,2316.648577,2275.577184,2290.007673
20210427,0,2314.428502,2343.289481,2299.998012,2337.739292
20210428,0,2322.198765,2354.389857,2322.198765,2334.409179
20210429,0,2347.729631,2349.949706,2324.41884,2347.729631
20210430,0,2347.729631,2364.380196,2329.969029,2363.270158
20210506,0,2332.189104,2394.351212,2292.227749,2382.140798
20210507,0,2387.690987,2388.801024,2325.528878,2355.499895
20210510,0,2364.380196,2434.312568,2354.389857,2419.882078
20210511,0,2406.561627,2496.474676,2385.470911,2492.034526
20210512,0,2487.594375,2544.206295,2484.264262,2529.775806
20210513,0,2519.785467,2620.798893,2477.604036,2546.426371
20210514,0,2555.306672,2571.957237,2459.843434,2459.843434
20210517,0,2460.953471,2544.206295,2460.953471,2516.455354
20210518,0,2516.455354,2603.038291,2516.455354,2597.488103
20210519,0,2571.957237,2586.387726,2459.843434,2533.105919
20210520,0,2414.33189,2548.646446,2406.561627,2546.426371
20210521,0,2540.876182,2580.837538,2492.034526,2533.105919
20210524,0,2513.125241,2529.775806,2470.94381,2516.455354
20210525,0,2522.005542,2550.866521,2475.383961,2484.264262
20210526,0,2497.584714,2516.455354,2465.393622,2510.905166
20210527,0,2503.134902,2519.785467,2415.441928,2440.972794
20210528,0,2477.604036,2557.526747,2477.604036,2544.206295
20210531,0,2556.416709,2615.248705,2554.196634,2604.148328
20210601,0,2623.018968,2624.129006,2574.177312,2603.038291
20210602,0,2597.488103,2658.540173,2586.387726,2635.229383
20210603,0,2664.090362,2772.874051,2648.549834,2771.764014
20210604,0,2719.592244,2736.242809,2680.740926,2707.38183
20210607,0,2771.516086,2797.856942,2686.767247,2729.141667
20210608,0,2737.158449,2739.448958,2663.862156,2729.141667
20210609,0,2754.337268,2776.097105,2660.426392,2695.929284
20210610,0,2695.929284,2698.219793,2621.487736,2624.9235
20210611,0,2628.359264,2666.152665,2590.565863,2652.40961
20210615,0,2635.230791,2635.230791,2559.643989,2589.420608
20210616,0,2592.856372,2592.856372,2486.347696,2487.49295
20210617,0,2469.168877,2522.995842,2463.442604,2474.89515
20210618,0,2446.263785,2462.29735,2416.487166,2438.247003
20210621,0,2479.476168,2557.35348,2479.476168,2527.576861
20210622,0,2535.593643,2549.336698,2496.654987,2520.705333
20210623,0,2520.705333,2602.018408,2520.705333,2584.83959
20210624,0,2606.599427,2655.845374,2594.001626,2654.700119
20210625,0,2681.040975,2698.219793,2605.454172,2635.230791
20210628,0,2647.828592,2684.476738,2533.303134,2550.481952
20210629,0,2550.481952,2589.420608,2545.900934,2581.403826
20210630,0,2588.275353,2659.281138,2574.532299,2651.264355
20210701,0,2645.538083,2656.990628,2605.454172,2652.40961
20210702,0,2652.40961,2652.40961,2612.3257,2637.5213
20210705,0,2634.085537,2634.085537,2522.995842,2571.096535
20210706,0,2565.370262,2668.443174,2565.370262,2650.119101
20210707,0,2604.308918,2632.940282,2560.789244,2626.068755
20210708,0,2622.632991,2650.119101,2602.018408,2639.81181
20210709,0,2643.247573,2689.057757,2635.230791,2683.331484
20210712,0,2710.817594,2754.337268,2697.074539,2742.884722
20210713,0,2742.884722,2764.644559,2719.97963,2756.627777
20210714,0,2780.678123,2823.052543,2764.644559,2787.549651
20210715,0,2760.063541,2776.097105,2725.705903,2760.063541
20210716,0,2802.43796,2828.778816,2774.95185,2815.035761
20210719,0,2823.052543,2905.510872,2793.275924,2891.767818
20210720,0,2840.231361,2886.041545,2808.164233,2867.717471
20210721,0,2904.365618,2918.108673,2856.264925,2882.605781
20210722,0,2892.913072,2911.237145,2842.521871,2860.845944
20210723,0,2897.49409,2962.773602,2879.170017,2920.399182
20210726,0,2920.399182,2929.561219,2890.622563,2915.818164
20210727,0,2953.611565,2960.483092,2895.203581,2918.108673
20210728,0,2906.656127,2952.46631,2897.49409,2951.321056
20210729,0,2967.35462,2995.985984,2915.818164,2932.996982
20210730,0,2947.885292,2955.902074,2849.393398,2895.203581
20210802,0,2836.795598,2881.460526,2809.309488,2866.572217
20210803,0,2865.426962,2872.29849,2821.907288,2856.264925
20210804,0,2884.89629,2930.706473,2866.572217,2927.27071
20210805,0,2857.41018,2881.460526,2839.086107,2871.153235
20210806,0,2892.913072,2947.885292,2874.588999,2924.9802
20210809,0,2910.091891,2926.125455,2875.734253,2919.253927
20210810,0,2895.203581,2965.064111,2895.203581,2926.125455
20210811,0,2931.851728,2947.885292,2920.399182,2934.142237
20210812,0,2912.3824,2930.706473,2817.32627,2823.052543
20210813,0,2826.645736,2844.611705,2767.956905,2799.097918
20210816,0,2799.097918,2854.193555,2781.131949,2801.49338
20210817,0,2789.516068,2829.041199,2787.120605,2811.07523
20210818,0,2795.504724,2842.216243,2795.504724,2831.436661
20210819,0,2794.306993,2815.866155,2759.572787,2812.272961
20210820,0,2808.679768,2820.65708,2709.268074,2711.663537
20210823,0,2717.652193,2758.375055,2679.324793,2721.245387
20210824,0,2721.245387,2734.420431,2674.533868,2703.279418
20210825,0,2704.477149,2712.861268,2595.483606,2611.054112
20210826,0,2620.635962,2655.370168,2589.49495,2632.613275
20210827,0,2620.635962,2674.533868,2614.647306,2658.963362
20210830,0,2688.906643,2809.877499,2688.906643,2809.877499
20210831,0,2809.877499,2825.448005,2776.341024,2815.866155
20210901,0,2815.866155,2878.14818,2808.679768,2839.82078
20210902,0,2826.645736,2850.600361,2796.702455,2841.018511
20210903,0,2839.82078,2905.695998,2820.65708,2888.927761
20210906,0,2874.554986,2924.859698,2844.611705,2917.673311
20210907,0,2910.486923,2957.198442,2860.182211,2951.209786
20210908,0,2939.232473,2984.746261,2916.47558,2965.582561
20210909,0,2971.571217,3123.683085,2971.571217,3123.683085
20210910,0,3120.089891,3158.417291,3020.678198,3055.412404
20210913,0,3096.135266,3100.926191,3003.909961,3027.864585
20210914,0,3027.864585,3054.214673,2978.757604,3005.107692
20210915,0,2994.328111,3084.157954,2940.430205,3075.773835
20210916,0,3138.05586,3194.349228,3138.05586,3194.349228
20210917,0,3259.026716,3265.015372,3177.580991,3225.490241
20210922,0,3347.658828,3411.138584,3305.738234,3411.138584
20210923,0,3387.183959,3503.363889,3341.670171,3491.386577
20210924,0,3467.431952,3483.002458,3268.608565,3304.540503
20210927,0,3389.579421,3566.843645,3358.438409,3405.149927
20210928,0,3407.54539,3500.968427,3394.370346,3462.641027
20210929,0,3429.104552,3528.516245,3379.997571,3497.375233
20210930,0,3533.30717,3574.030033,3466.234221,3546.482214
20211008,0,3796.808044,3796.808044,3684.221307,3710.571395
20211011,0,3832.739982,3969.281343,3760.876107,3917.7789
20211012,0,3956.1063,4020.783787,3848.310488,3968.083612
20211013,0,3947.722181,3947.722181,3635.114326,3636.312057
20211014,0,3570.436839,3615.950626,3438.686402,3557.261795
20211015,0,3535.702633,3700.989545,3473.420608,3686.61677
20211018,0,3728.537363,3868.671919,3613.555164,3868.671919
20211019,0,3835.135444,3958.501762,3792.017119,3842.321831
20211020,0,3566.843645,3566.843645,3566.843645,3566.843645
20211021,0,3569.239108,3757.282913,3414.731777,3465.03649
20211022,0,3485.397921,3499.770696,3306.935965,3336.879246
20211025,0,3353.647484,3413.534046,3233.874359,3299.749578
20211026,0,3299.749578,3371.613453,3158.417291,3333.286053
20211027,0,3239.863016,3239.863016,2985.943992,3032.65551
20211028,0,2926.05743,3219.501584,2876.950449,3102.123923
20211029,0,3123.683085,3150.033172,2927.255161,2956.000711
20211101,0,2875.752717,2973.966679,2791.91153,2808.679768
20211102,0,2800.295649,2847.007168,2664.952018,2753.58413
20211103,0,2751.188668,2966.780292,2739.211356,2940.430205
20211104,0,2805.086574,2965.582561,2790.713799,2884.136836
20211105,0,2866.170867,2917.673311,2814.668424,2861.379942
20211108,0,2940.430205,2967.978023,2812.272961,2851.798093
20211109,0,2855.391286,2891.323224,2773.945562,2781.131949
20211110,0,2714.058999,2794.306993,2658.963362,2782.32968
20211111,0,2779.934218,2847.007168,2754.781862,2800.295649
20211112,0,2761.968249,2773.945562,2703.279418,2710.465806
20211115,0,2742.804549,2747.595474,2650.579243,2711.663537
20211116,0,2714.058999,2795.504724,2703.279418,2726.036312
20211117,0,2699.686224,2754.781862,2684.115718,2739.211356
20211118,0,2718.849924,2748.793206,2642.195125,2655.370168
20211119,0,2642.195125,2681.720256,2591.890413,2618.2405
20211122,0,2646.98605,2672.138406,2606.263187,2621.833694
20211123,0,2640.997394,2700.883956,2621.833694,2675.7316
20211124,0,2718.849924,2806.284305,2702.081687,2782.32968
20211125,0,2813.470693,2874.554986,2809.877499,2872.159524
20211126,0,2814.668424,2867.368599,2797.900187,2833.832124
20211129,0,2835.029855,2969.175754,2835.029855,2892.520955
20211130,0,2892.520955,2903.300536,2777.538755,2824.250274
20211201,0,2824.250274,2893.718686,2814.668424,2823.052543
20211202,0,2787.120605,2808.679768,2732.024968,2763.16598
20211203,0,2763.16598,2766.759174,2675.7316,2715.256731
20211206,0,2742.804549,2751.188668,2702.081687,2717.652193
20211207,0,2749.990937,2841.018511,2740.409087,2824.250274
20211208,0,2820.65708,2821.854811,2700.883956,2733.222699
20211209,0,2763.16598,2832.634393,2752.386399,2802.691111
20211210,0,2829.041199,2850.600361,2782.32968,2813.470693
20211213,0,2815.866155,2879.345911,2775.143293,2862.577674
20211214,0,2886.532299,2886.532299,2832.634393,2866.170867
20211215,0,2879.345911,2934.441548,2868.56633,2923.661967
20211216,0,2932.046086,3015.887273,2927.255161,2999.119036
20211217,0,3012.294079,3030.260048,2896.114149,2921.266505
20211220,0,2904.21868,2915.177996,2794.625522,2829.938873
20211221,0,2814.10875,2842.115891,2776.359996,2805.584838
20211222,0,2806.80254,2836.027382,2764.182979,2776.359996
20211223,0,2798.278628,2860.381417,2771.489189,2843.333592
20211224,0,2889.606259,2959.015259,2874.993838,2956.579855
20211227,0,2956.579855,2989.457803,2881.082347,2911.524891
20211228,0,2940.749733,2951.709048,2889.606259,2924.91961
20211229,0,2934.661224,2938.314329,2884.735452,2912.742592
20211230,0,2905.436382,2949.273645,2892.041663,2939.532031
20211231,0,2950.491347,2971.192277,2898.130171,2956.579855
20220104,0,3013.811838,3079.567733,2991.893206,3010.158733
20220105,0,3019.900347,3050.34289,2995.546312,3022.33575
20220106,0,3019.900347,3022.33575,2910.307189,2960.232961
20220107,0,2976.063084,3111.227978,2952.92675,3103.921768
20220110,0,3086.873943,3136.799715,3079.567733,3101.486364
20220111,0,3079.567733,3088.091645,3033.295066,3084.43854
20220112,0,3111.227978,3145.323627,3090.527048,3094.180154
20220113,0,3111.227978,3139.235118,3051.560592,3072.261522
20220114,0,3091.74475,3153.847539,3074.696926,3090.527048
20220117,0,3055.213697,3069.826118,2984.586996,3036.948171
20220118,0,3062.519908,3068.608417,3004.070224,3056.431399
20220119,0,3074.696926,3206.208715,3073.479224,3138.017417
20220120,0,3138.017417,3173.330767,3107.574873,3152.629838
20220121,0,3124.622697,3211.079522,3122.187294,3179.419276
20220124,0,3196.467101,3196.467101,3094.180154,3158.718346
20220125,0,3117.316487,3163.589153,3097.833259,3134.364311
20220126,0,3148.976732,3184.290083,3119.75189,3183.072381
20220127,0,3220.821136,3257.352188,3161.15375,3168.45996
20220128,0,3172.113066,3181.85468,3103.921768,3119.75189
20220207,0,3172.113066,3279.27082,3136.799715,3268.311504
20220208,0,3297.536346,3334.067399,3268.311504,3287.794732
20220209,0,3264.658399,3269.529206,3187.943189,3219.603434
20220210,0,3242.739767,3293.883241,3242.739767,3274.400013
20220211,0,3246.392873,3282.923925,3123.404996,3127.058101
20220214,0,3166.024557,3172.113066,3050.34289,3058.866803
20220215,0,3053.995996,3086.873943,2993.110908,3008.941031
20220216,0,3019.900347,3056.431399,3002.852522,3047.907487
20220217,0,3022.33575,3038.165873,2966.32147,3016.247241
20220218,0,3051.560592,3096.615557,2997.981715,3015.02954
20220221,0,3034.512768,3050.34289,2988.240101,3008.941031
20220222,0,3049.125189,3074.696926,2928.572715,2932.22582
20220223,0,2934.661224,2979.716189,2901.783277,2920.048803
20220224,0,2933.443522,3008.941031,2893.259364,2974.845382
20220225,0,2933.443522,3012.594136,2800.714031,2860.381417
20220228,0,2928.572715,3011.376434,2928.572715,3000.417119
20220301,0,2996.764013,3056.431399,2944.402838,3004.070224
20220302,0,3067.390715,3159.936048,3057.649101,3141.670522
20220303,0,3166.024557,3279.27082,3161.15375,3271.964609
20220304,0,3262.222995,3265.876101,3183.072381,3236.651259
20220307,0,3385.210872,3482.627013,3336.502802,3357.203732
20220308,0,3373.033855,3426.612732,3310.931066,3388.863978
20220309,0,3409.564907,3455.837574,3293.883241,3343.809013
20220310,0,3190.378592,3385.210872,3158.718346,3381.557767
20220311,0,3366.945346,3393.734785,3274.400013,3373.033855
20220314,0,3373.033855,3415.653416,3306.060259,3392.517083
20220315,0,3336.502802,3399.823293,3308.495662,3342.591311
20220316,0,3369.38075,3390.081679,3228.127346,3306.060259
20220317,0,3306.060259,3327.97889,3261.005294,3309.713364
20220318,0,3352.332925,3412.000311,3347.462118,3409.564907
20220321,0,3464.361486,3623.880416,3464.361486,3559.342223
20220322,0,3531.335083,3581.260855,3480.191609,3506.981048
20220323,0,3476.538504,3516.722662,3415.653416,3426.612732
20220324,0,3470.449995,3493.586328,3404.6941,3432.701241
20220325,0,3422.959627,3444.878258,3360.856837,3368.163048
20220328,0,3360.856837,3426.612732,3318.237276,3386.428574
20220329,0,3380.340065,3399.823293,3296.318644,3359.639136
20220330,0,3373.033855,3422.959627,3363.292241,3404.6941
20220331,0,3392.517083,3465.579188,3376.68696,3390.081679
20220401,0,3373.033855,3382.775469,3313.366469,3320.67268
20220406,0,3330.414294,3418.08882,3329.196592,3354.768329
20220407,0,3313.871633,3378.314911,3297.760814,3346.093272
20220408,0,3346.093272,3346.093272,3233.317536,3237.035417
20220411,0,3222.163892,3266.778469,3193.660134,3249.428355
20220412,0,3250.667649,3292.803638,3212.249541,3280.4107
20220413,0,3320.068102,3368.40056,3302.717989,3342.375391
20220414,0,3354.768329,3370.879148,3325.025277,3356.007622
20220415,0,3390.707849,3524.55158,3390.707849,3465.065477
20220418,0,3484.894178,3501.004998,3448.954658,3488.61206
20220419,0,3522.072992,3528.269461,3439.040307,3456.390421
20220420,0,3456.390421,3483.654884,3427.886663,3466.304771
20220421,0,3466.304771,3499.765704,3435.322426,3497.287116
20220422,0,3501.004998,3517.115817,3472.50124,3492.329941
20220425,0,3467.544065,3561.730394,3434.083132,3457.629714
20220426,0,3498.52641,3641.045197,3476.219121,3636.088022
20220427,0,3658.395311,3668.309661,3600.148502,3648.48096
20220428,0,3650.959548,3725.317176,3650.959548,3714.163532
20220429,0,3694.334831,3694.334831,3584.037682,3608.823559
20220505,0,3652.198842,3686.899068,3603.866383,3680.702599
20220506,0,3675.745424,3680.702599,3623.695084,3663.352486
20220509,0,3672.027543,3740.188702,3672.027543,3695.574125
20220510,0,3631.130847,3631.130847,3531.987343,3602.62709
20220511,0,3581.559095,3643.523785,3558.012513,3603.866383
20220512,0,3619.977203,3665.831074,3570.405451,3606.344971
20220513,0,3633.609435,3637.327316,3560.4911,3628.652259
20220516,0,3633.609435,3658.395311,3587.755564,3637.327316
20220517,0,3673.266836,3726.55647,3655.916723,3669.548955
20220518,0,3662.113192,3668.309661,3622.45579,3626.173672
20220519,0,3581.559095,3600.148502,3491.090647,3556.773219
20220520,0,3556.773219,3580.319801,3494.808529,3498.52641
20220523,0,3519.594405,3541.901693,3477.458415,3519.594405
20220524,0,3519.594405,3561.730394,3494.808529,3525.790874
20220525,0,3533.226636,3566.687569,3514.637229,3556.773219
20220526,0,3545.619575,3548.098162,3498.52641,3517.115817
20220527,0,3565.448275,3571.644744,3425.408075,3435.322426
20220530,0,3457.629714,3460.108302,3408.057962,3414.254431
20220531,0,3440.279601,3470.022652,3396.904318,3425.408075
20220601,0,3395.665024,3519.594405,3395.665024,3510.919348
20220602,0,3481.176297,3655.916723,3473.740534,3634.848728
20220606,0,3637.327316,3685.659774,3617.498615,3662.113192
20220607,0,3668.309661,3690.61695,3655.916723,3679.463305
20220608,0,3717.881413,3797.196217,3707.967063,3790.999748
20220609,0,3784.803279,3786.042573,3665.831074,3694.334831
20220610,0,3711.684944,3715.402826,3668.309661,3694.334831
20220613,0,3637.327316,3650.959548,3520.833698,3527.030167
20220614,0,3527.030167,3543.140987,3476.219121,3522.072992
20220615,0,3496.047822,3534.46593,3447.715364,3487.372766
20220616,0,3472.50124,3473.740534,3409.297256,3411.775844
20220617,0,3393.186437,3435.322426,3370.879148,3408.057962
20220620,0,3368.40056,3403.100787,3285.367876,3336.178922
20220621,0,3343.614684,3441.518895,3343.614684,3391.947143
20220622,0,3377.075617,3403.100787,3271.735644,3277.932113
20220623,0,3313.871633,3382.032792,3238.274711,3367.161267
20220624,0,3332.46104,3346.093272,3259.342706,3274.214231
20220627,0,3305.196576,3364.682679,3275.453525,3353.529035
20220628,0,3377.075617,3393.186437,3279.171407,3320.068102
20220629,0,3306.43587,3318.828808,3184.985077,3188.702959
20220630,0,3177.549315,3217.206716,3142.849088,3187.463665
20220701,0,3160.199201,3207.292366,3131.695444,3196.138722
20220704,0,3129.216856,3129.216856,3048.662759,3087.080867
20220705,0,3113.106037,3152.763438,3073.448635,3080.884398
20220706,0,2994.133832,3061.055697,2927.211966,2949.519255
20220707,0,2937.126317,2994.133832,2902.42609,2944.562079
20220708,0,2999.091007,3030.073352,2810.718348,2819.393405
20220711,0,2813.196936,2813.196936,2722.728488,2746.275071
20220712,0,2720.249901,2776.018122,2692.985437,2692.985437
20220713,0,2633.499334,2674.39603,2533.116536,2581.448995
20220714,0,2612.43134,2716.532019,2608.713458,2684.31038
20220715,0,2701.660494,2735.121426,2631.020747,2711.574844
20220718,0,2776.018122,2857.811513,2745.035777,2825.589874
20220719,0,2815.675524,2834.264931,2665.720973,2697.942612
20220720,0,2748.753658,2773.539534,2694.224731,2714.053432
20220721,0,2711.574844,2719.010607,2618.627809,2654.567329
20220722,0,2627.302865,2725.207076,2624.824278,2705.378375
20220725,0,2726.44637,2726.44637,2583.927582,2596.32052
20220726,0,2591.363345,2685.549674,2577.731113,2685.549674
20220727,0,2647.131566,2705.378375,2635.977922,2658.285211
20220728,0,2714.053432,2735.121426,2665.720973,2673.156736
20220729,0,2706.617669,2793.368235,2690.506849,2761.146596
20220801,0,2823.111287,2860.290101,2692.985437,2710.33555
20220802,0,2692.985437,2783.453885,2684.31038,2764.864478
20220803,0,2763.625184,2808.239761,2720.249901,2793.368235
20220804,0,2753.710833,2804.521879,2731.403545,2777.257416
20220805,0,2768.168682,2825.297867,2746.096042,2773.362244
20220808,0,2749.991214,2836.983382,2749.991214,2817.507523
20220809,0,2816.209133,2861.652802,2783.749369,2846.072116
20220810,0,2833.08821,2914.886816,2818.805914,2908.394863
20220811,0,2935.661065,2935.661065,2886.322223,2905.798082
20220812,0,2917.483597,3042.129091,2900.604519,3033.040357
20220815,0,3040.8307,3046.024262,2955.136923,2987.596687
20220816,0,2973.314391,3003.177374,2926.572331,2949.943361
20220817,0,2942.153017,2973.314391,2908.394863,2943.451408
20220818,0,2940.854627,2947.34658,2836.983382,2847.370506
20220819,0,2856.45924,2868.144755,2761.676729,2778.555806
20220822,0,2798.031665,2866.846365,2787.64454,2835.684991
20220823,0,2869.443146,2977.209563,2853.862459,2968.120829
20220824,0,2986.298297,3005.774155,2929.169112,2968.120829
20220825,0,2994.08864,2999.282202,2947.34658,2962.927266
20220826,0,2970.71761,3030.443576,2960.330485,3000.580593
20220829,0,2962.927266,3007.072546,2904.499691,2953.838532
20220830,0,2965.524047,2995.38703,2913.588425,2951.241751
20220831,0,2934.362674,2986.298297,2923.975549,2973.314391
20220901,0,2965.524047,2981.104734,2921.378768,2960.330485
20220902,0,2948.64497,3048.621044,2929.169112,3034.338747
20220905,0,3074.588855,3147.298726,3060.306559,3136.911602
20220906,0,3136.911602,3158.984241,3077.185636,3110.943791
20220907,0,3078.484027,3123.927696,3068.096902,3095.363104
20220908,0,3086.27437,3103.153447,3052.516215,3087.57276
20220909,0,3087.57276,3155.08907,3081.080808,3140.806774
20220913,0,3179.758491,3231.694113,3166.774585,3203.129521
20220914,0,3175.863319,3218.710207,3174.564928,3200.53274
20220915,0,3222.605379,3236.887675,3161.581023,3170.669757
20220916,0,3157.685851,3174.564928,3097.959885,3125.226087
20220919,0,3148.597117,3162.879413,3107.048619,3125.226087
20220920,0,3125.226087,3144.701945,3079.782417,3133.01643
20220921,0,3125.226087,3201.83113,3104.451838,3192.742396
20220922,0,3179.758491,3223.90377,3158.984241,3213.516645
20220923,0,3201.83113,3226.500551,3156.38746,3179.758491
20220926,0,3155.08907,3164.177804,3109.6454,3134.314821
20220927,0,3139.508383,3173.266538,3064.20173,3157.685851
20220928,0,3142.105164,3203.129521,3122.629306,3178.4601
20220929,0,3220.008598,3257.661924,3187.548834,3252.468362
20220930,0,3252.468362,3305.702375,3226.500551,3301.807203
20221010,0,3310.895937,3310.895937,3217.411817,3253.766753
20221011,0,3220.008598,3256.363534,3187.548834,3217.411817
20221012,0,3196.637568,3243.379628,3178.4601,3243.379628
20221013,0,3226.500551,3270.64583,3143.403555,3147.298726
20221014,0,3181.056881,3188.847224,3135.613211,3144.701945
20221017,0,3127.822868,3127.822868,3016.161279,3022.653232
20221018,0,3022.653232,3035.637138,2992.790249,3003.177374
20221019,0,3005.774155,3021.354842,2936.959455,2940.854627
20221020,0,2957.733704,2965.524047,2925.27394,2936.959455
20221021,0,2953.838532,2955.136923,2885.023833,2888.919004
20221024,0,2908.394863,2931.765893,2890.217395,2920.080378
20221025,0,2920.080378,2929.169112,2862.951193,2887.620614
20221026,0,2903.2013,2923.975549,2878.53188,2894.112566
20221027,0,2907.096472,2934.362674,2873.338317,2898.007738
20221028,0,2892.814176,2917.483597,2830.491429,2912.290034
20221031,0,2903.2013,2926.572331,2874.636708,2916.185206
20221101,0,2929.169112,3021.354842,2916.185206,3005.774155
20221102,0,3005.774155,3036.935528,2964.225657,3017.45967
20221103,0,3005.774155,3048.621044,2996.685421,3039.53231
20221104,0,3039.53231,3096.661494,3023.951623,3091.467932
20221107,0,3068.096902,3083.677589,3033.040357,3066.798511
20221108,0,3060.306559,3129.121259,3055.112996,3122.629306
20221109,0,3118.734134,3162.879413,3110.943791,3158.984241
20221110,0,3149.895508,3177.161709,3130.419649,3169.371366
20221111,0,3191.444006,3239.484456,3183.653662,3210.919864
20221114,0,3213.516645,3258.960315,3138.209992,3146.000336
20221115,0,3146.000336,3179.758491,3112.242181,3165.476194
20221116,0,3168.072975,3187.548834,3123.927696,3147.298726
20221117,0,3112.242181,3236.887675,3090.169542,3232.992504
20221118,0,3218.710207,3275.839392,3199.234349,3273.242611
20221121,0,3284.928126,3295.315251,3231.694113,3277.137783
20221122,0,3304.403985,3307.000766,3243.379628,3269.347439
20221123,0,3291.420079,3291.420079,3230.395722,3257.661924
20221124,0,3274.541002,3419.960745,3269.347439,3418.662354
20221125,0,3408.27523,3421.259135,3381.009028,3416.065573
20221128,0,3397.888105,3405.678449,3317.38789,3349.847654
20221129,0,3375.815466,3384.9042,3314.791109,3325.178234
20221130,0,3314.791109,3331.670186,3277.137783,3308.299156
20221201,0,3331.670186,3352.444435,3274.541002,3300.508813
20221202,0,3299.210422,3413.468792,3288.823298,3400.484886
20221205,0,3409.57362,3438.138213,3370.621903,3404.380058
20221206,0,3362.83156,3400.484886,3331.670186,3365.428341
20221207,0,3365.428341,3371.920294,3312.194328,3334.266968
20221208,0,3323.879843,3395.291324,3308.299156,3386.20259
20221209,0,3379.710637,3430.347869,3378.412247,3393.992934
20221212,0,3418.662354,3496.565788,3383.605809,3488.775445
20221213,0,3483.581882,3488.775445,3445.928556,3471.896367
20221214,0,3484.880273,3491.372226,3417.363964,3429.049479
20221215,0,3447.700097,3528.963508,3438.374788,3506.316328
20221216,0,3502.319767,3538.288817,3411.731047,3441.039162
20221219,0,3401.073551,3414.395421,3291.834212,3303.823896
20221220,0,3303.823896,3346.453881,3259.861723,3285.173277
20221221,0,3285.173277,3374.429809,3277.180154,3363.772313
20221222,0,3350.450443,3366.436687,3283.84109,3303.823896
20221223,0,3290.502025,3299.827334,3237.214543,3243.875478
20221226,0,3250.536413,3327.803263,3223.892672,3307.820457
20221227,0,3321.142327,3354.447004,3298.495147,3326.471076
20221228,0,3311.817018,3322.474514,3265.190471,3314.481392
20221229,0,3290.502025,3363.772313,3277.180154,3351.78263
20221230,0,3351.78263,3397.076989,3337.128572,3389.083867
20230103,0,3391.748241,3435.710414,3349.118255,3425.052918
20230104,0,3397.076989,3446.36791,3379.758558,3390.416054
20230105,0,3394.412615,3407.734486,3319.81014,3349.118255
20230106,0,3349.118255,3426.385105,3306.48827,3423.720731
20230109,0,3419.724169,3445.035723,3397.076989,3414.395421
20230110,0,3401.073551,3427.717292,3331.799824,3373.097622
20230111,0,3381.090745,3423.720731,3363.772313,3413.063234
20230112,0,3413.063234,3485.001335,3403.737925,3451.696659
20230113,0,3449.032285,3502.319767,3443.703536,3496.991019
20230116,0,3485.001335,3486.333522,3415.727608,3425.052918
20230117,0,3426.385105,3491.66227,3423.720731,3486.333522
20230118,0,3508.980702,3523.63476,3470.347277,3487.665709
20230119,0,3463.686342,3528.963508,3445.035723,3508.980702
20230120,0,3523.63476,3527.631321,3477.008213,3507.648515
20230130,0,3532.960069,3554.275062,3423.720731,3447.700097
20230131,0,3447.700097,3461.021968,3370.433248,3374.429809
20230201,0,3410.39886,3431.713853,3362.440126,3381.090745
20230202,0,3365.1045,3417.059795,3351.78263,3373.097622
20230203,0,3373.097622,3375.761997,3283.84109,3322.474514
20230206,0,3309.152644,3354.447004,3306.48827,3338.460759
20230207,0,3330.467637,3334.464198,3263.858284,3294.498586
20230208,0,3290.502025,3310.484831,3258.529536,3277.180154
20230209,0,3277.180154,3290.502025,3246.539852,3255.865162
20230210,0,3242.543291,3263.858284,3205.242054,3219.896111
20230213,0,3203.909866,3210.570802,3146.625823,3147.95801
20230214,0,3147.95801,3213.235176,3146.625823,3198.581118
20230215,0,3203.909866,3259.861723,3203.909866,3255.865162
20230216,0,3263.858284,3325.138888,3257.197349,3321.142327
20230217,0,3333.132011,3346.453881,3298.495147,3317.145766
20230220,0,3305.156083,3359.775752,3285.173277,3341.125133
20230221,0,3363.772313,3378.426371,3338.460759,3370.433248
20230222,0,3381.090745,3426.385105,3367.768874,3383.755119
20230223,0,3417.059795,3437.042601,3357.111378,3362.440126
20230224,0,3375.761997,3399.741364,3358.443565,3397.076989
20230227,0,3378.426371,3397.076989,3305.156083,3306.48827
20230228,0,3301.159521,3302.491709,3247.872039,3263.858284
20230301,0,3262.526097,3313.149205,3241.211104,3307.820457
20230302,0,3321.142327,3385.087306,3302.491709,3383.755119
20230303,0,3371.765435,3382.422932,3331.799824,3338.460759
20230306,0,3323.806701,3353.114817,3286.505464,3330.467637
20230307,0,3343.789507,3383.755119,3335.796385,3357.111378
20230308,0,3321.142327,3359.775752,3310.484831,3357.111378
20230309,0,3342.45732,3358.443565,3303.823896,3329.13545
20230310,0,3342.45732,3350.450443,3250.536413,3251.8686
20230313,0,3270.519219,3307.820457,3230.553608,3303.823896
20230314,0,3303.823896,3323.806701,3273.183593,3285.173277
20230315,0,3285.173277,3331.799824,3279.844529,3321.142327
20230316,0,3293.166399,3305.156083,3250.536413,3289.169838
20230317,0,3314.481392,3409.066673,3313.149205,3406.402299
20230320,0,3406.402299,3415.727608,3359.775752,3371.765435
20230321,0,3383.755119,3391.748241,3291.834212,3291.834212
20230322,0,3311.817018,3323.806701,3271.851406,3314.481392
20230323,0,3314.481392,3362.440126,3299.827334,3361.107939
20230324,0,3362.440126,3367.768874,3311.817018,3337.128572
20230327,0,3323.806701,3323.806701,3266.522658,3282.508903
20230328,0,3297.16296,3310.484831,3243.875478,3249.204226
20230329,0,3257.197349,3259.861723,3166.608629,3210.570802
20230330,0,3203.909866,3218.563924,3189.255809,3201.245492
20230331,0,3201.245492,3255.865162,3191.920183,3219.896111
20230403,0,3241.211104,3259.861723,3163.944255,3186.591435
20230404,0,3173.269564,3214.567363,3151.954571,3202.577679
20230406,0,3143.961449,3159.947694,3040.050859,3046.711794
20230407,0,3037.386485,3070.691161,3018.735866,3042.715233
20230410,0,3103.995837,3149.290197,3088.009593,3141.297075
20230411,0,3142.629262,3203.909866,3135.968327,3193.25237
20230412,0,3193.25237,3193.25237,3150.622384,3173.269564
20230413,0,3164.301304,3186.721955,3050.703335,3095.544638
20230414,0,3104.512899,3125.438841,3041.735075,3044.724495
20230417,0,3044.724495,3098.534059,3035.756234,3067.145146
20230418,0,3067.145146,3135.901811,3065.650436,3128.428261
20230419,0,3135.901811,3150.848913,3098.534059,3104.512899
20230420,0,3086.576378,3126.933551,3035.756234,3120.95471
20230421,0,3108.997029,3116.47058,3020.809133,3040.240364
20230424,0,3026.787973,3052.198045,2972.978409,3013.335582
20230425,0,3034.261524,3049.208625,2943.084207,2962.515439
20230426,0,2966.999569,3016.325003,2961.020729,2990.914931
20230427,0,2969.988989,2987.925511,2946.073627,2971.483699
20230428,0,2972.978409,3014.830293,2959.526018,2980.45196
20230504,0,2944.578917,3038.745654,2934.115947,2975.96783
20230505,0,2959.526018,2969.988989,2902.727034,2908.705875
20230508,0,2937.105367,2952.052468,2880.306383,2920.663556
20230509,0,2907.211165,2935.610657,2856.391021,2857.885731
20230510,0,2875.822252,2880.306383,2836.959789,2853.401601
20230511,0,2833.970369,2854.896311,2804.076167,2827.991529
20230512,0,2832.475659,2845.92805,2778.666095,2780.160805
20230515,0,2787.634356,2792.118486,2732.330082,2751.761313
20230516,0,2763.718994,2798.097327,2754.750733,2786.139646
20230517,0,2784.644936,2811.549718,2768.203124,2798.097327
20230518,0,2810.055007,2816.033848,2738.308922,2747.277183
20230519,0,2677.025808,2714.39356,2662.078707,2677.025808
20230522,0,2647.131605,2650.121026,2549.975448,2557.448999
20230523,0,2570.90139,2605.279722,2473.745233,2485.702913
20230524,0,2491.681754,2502.144725,2452.819291,2478.229363
20230525,0,2473.745233,2545.491318,2461.787552,2500.650015
20230526,0,2481.218783,2511.112985,2421.430379,2484.208203
20230529,0,2514.102406,2535.028347,2472.250522,2500.650015
20230530,0,2508.123565,2581.364361,2479.724073,2512.607695
20230531,0,2481.218783,2587.343201,2455.808711,2567.91197
20230601,0,2600.795592,2611.258563,2533.533637,2606.774432
20230602,0,2608.269143,2657.594576,2582.859071,2621.721534
20230605,0,2694.962329,2718.877691,2549.975448,2564.922549
20230606,0,2572.3961,2584.353781,2505.134145,2514.102406
20230607,0,2524.565376,2549.975448,2478.229363,2487.197624
20230608,0,2503.639435,2543.996608,2475.239943,2499.155304
20230609,0,2515.597116,2532.038927,2485.702913,2527.554797
20230612,0,2491.681754,2499.155304,2430.398639,2437.87219
20230613,0,2427.409219,2503.639435,2422.925089,2490.187044
20230614,0,2496.165884,2557.448999,2481.218783,2497.660594
20230615,0,2496.165884,2572.3961,2481.218783,2569.40668
20230616,0,2579.86965,2596.311462,2546.986028,2573.89081
20230619,0,2572.3961,2642.647475,2560.438419,2561.933129
20230620,0,2578.37494,2596.311462,2549.975448,2561.933129
20230621,0,2548.480738,2569.40668,2511.112985,2551.470158
20230626,0,2552.964868,2638.163345,2548.480738,2635.173925
20230627,0,2630.689794,2651.615736,2612.753273,2632.184504
20230628,0,2636.668635,2729.340661,2636.668635,2727.845951
20230629,0,2750.266603,2827.991529,2744.287763,2825.002109
20230630,0,2839.94921,2868.348702,2799.592037,2813.044428
20230703,0,2832.475659,2841.44392,2768.203124,2790.623776
20230704,0,2792.118486,2817.528558,2762.224284,2795.107906
20230705,0,2781.655515,2784.644936,2705.4253,2709.90943
20230706,0,2712.89885,2765.213704,2712.89885,2736.814212
20230707,0,2750.266603,2836.959789,2730.835372,2833.970369
20230710,0,2892.264063,2987.925511,2877.316962,2987.925511
20230711,0,3011.840872,3022.303843,2952.052468,2969.988989
20230712,0,2989.420221,3103.018189,2989.420221,3094.049928
20230713,0,3094.049928,3117.96529,3041.735075,3107.502319
20230714,0,3132.912391,3146.364782,3065.650436,3086.576378
20230717,0,3013.335582,3028.282684,2938.600077,2959.526018
20230718,0,2989.420221,3173.269564,2989.420221,3159.817173
20230719,0,3176.258984,3180.743115,3126.933551,3153.838333
20230720,0,3204.658477,3253.98391,3147.859492,3177.753695
20230721,0,3180.743115,3182.237825,3095.544638,3171.774854
20230724,0,3153.838333,3189.711375,3103.018189,3131.417681
20230725,0,3179.248405,3288.362243,3156.827753,3264.446881
20230726,0,3388.50782,3490.148108,3334.698256,3490.148108
20230727,0,3497.621658,3615.703757,3460.253905,3536.484121
20230728,0,3524.52644,3557.410063,3434.843834,3555.915352
20230731,0,3511.074049,3511.074049,3428.864993,3470.716876
20230801,0,3445.306804,3539.473541,3431.854413,3518.5476
20230802,0,3485.663977,3533.494701,3437.833254,3449.790935
20230803,0,3348.150647,3424.380863,3304.804054,3369.076589
20230804,0,3400.465501,3488.653398,3367.581879,3391.49724
20230807,0,3336.192966,3361.603038,3255.47862,3321.245865
20230808,0,3331.305166,3389.984422,3282.685211,3386.631321
20230809,0,3433.574726,3502.313282,3374.89547,3410.103024
20230810,0,3418.485774,3418.485774,3306.156914,3343.041017
20230811,0,3369.86582,3534.167735,3358.129969,3534.167735
20230814,0,3524.108434,3545.903586,3446.987127,3502.313282
20230815,0,3537.520836,3628.054544,3507.342933,3607.935942
20230816,0,3582.78769,3616.318693,3480.51813,3492.253981
20230817,0,3517.402234,3586.14079,3465.429179,3555.962887
20230818,0,3571.051839,3596.200091,3445.310577,3480.51813
20230821,0,3462.076079,3666.615198,3462.076079,3624.701444
20230822,0,3602.906292,3604.582842,3524.108434,3559.315988
20230823,0,3596.200091,3804.092311,3581.11114,3804.092311
20230824,0,3856.065366,3919.774272,3775.590958,3780.620609
20230825,0,3773.914408,3871.154317,3758.825457,3825.887463
20230828,0,3871.154317,3887.919819,3649.849696,3715.235153
20230829,0,3688.41035,3705.175852,3535.844286,3596.200091
20230830,0,3686.7338,3829.240563,3656.555897,3792.35646
20230831,0,3805.768861,3862.771567,3765.531657,3780.620609
20230901,0,3872.830867,4011.984531,3866.124667,3906.361871
20230904,0,3755.472356,3827.564013,3673.321399,3696.793101
20230905,0,3750.442706,3790.67991,3674.997949,3720.264803
20230906,0,3726.971004,3748.766156,3663.262098,3728.647554
20230907,0,3700.146201,3700.146201,3460.399528,3510.696033
20230908,0,3512.372583,3577.758039,3483.871231,3525.784985
20230911,0,3557.639438,3628.054544,3547.580137,3587.81734
20230912,0,3597.876641,3648.173146,3549.256687,3617.995243
20230913,0,3571.051839,3715.235153,3534.167735,3710.205502
20230914,0,3711.882052,3760.502007,3668.291748,3721.941353
20230915,0,3758.825457,3785.650259,3673.321399,3768.884758
20230918,0,3773.914408,3832.593664,3748.766156,3805.768861
20230919,0,3822.534363,3846.006065,3772.237858,3799.06266
20230920,0,3822.534363,3832.593664,3730.324104,3775.590958
20230921,0,3711.882052,3773.914408,3691.76345,3745.413055
20230922,0,3755.472356,3765.531657,3664.938648,3750.442706
20230925,0,3708.528952,3711.882052,3591.170441,3611.289043
20230926,0,3566.022188,3626.377994,3555.962887,3591.170441
20230927,0,3604.582842,3614.642143,3559.315988,3581.11114
20230928,0,3614.642143,3636.437295,3567.698739,3617.995243
20231009,0,3550.933237,3658.232447,3527.461535,3624.701444
20231010,0,3579.43459,3592.846991,3391.660972,3423.515425
20231011,0,3446.987127,3483.871231,3378.248571,3415.132674
20231012,0,3420.162325,3500.636732,3371.54237,3498.960182
20231013,0,3470.458829,3540.873936,3448.663677,3534.167735
20231016,0,3555.962887,3602.906292,3509.019483,3557.639438
20231017,0,3529.138085,3591.170441,3497.283632,3537.520836
20231018,0,3554.286337,3653.202797,3535.844286,3644.820046
20231019,0,3629.731094,3866.124667,3629.731094,3822.534363
20231020,0,3834.270214,3849.359165,3778.944059,3805.768861
20231023,0,3797.38611,3802.415761,3664.938648,3703.499301
20231024,0,3688.41035,3732.000654,3644.820046,3681.704149
20231025,0,3705.175852,3772.237858,3668.291748,3732.000654
20231026,0,3708.528952,3735.353754,3671.644848,3713.558602
20231027,0,3680.027599,3794.03301,3653.202797,3789.00336
20231030,0,3849.359165,3981.806628,3819.181262,3926.480473
20231031,0,3897.97912,3948.275625,3874.507418,3914.744621
20231101,0,3901.33222,3990.189379,3892.949469,3918.097722
20231102,0,3899.65567,3951.628725,3877.860518,3936.539774
20231103,0,4003.60178,4067.310686,3948.275625,3956.658375
20231106,0,3976.776977,4082.399637,3949.952175,4057.251385
20231107,0,4062.281035,4166.227145,4033.779683,4072.340336
20231108,0,4023.720382,4062.281035,3963.364576,4017.014181
20231109,0,3983.483178,4065.634136,3939.892874,4028.750032
20231110,0,4074.016887,4127.666492,3906.361871,3928.157023
20231113,0,3931.510123,4015.337631,3924.803922,3963.364576
20231114,0,3970.070777,4082.399637,3887.919819,3923.127372
20231115,0,3980.130078,4003.60178,3929.833573,3981.806628
20231116,0,3938.216324,3996.895579,3877.860518,3995.219029
20231117,0,3931.510123,3963.364576,3797.38611,3832.593664
20231120,0,3797.38611,3862.771567,3772.237858,3840.976414
20231121,0,3840.976414,3894.62602,3795.70956,3857.741916
20231122,0,3889.596369,3933.186673,3830.917114,3911.391521
20231123,0,3909.714971,3909.714971,3840.976414,3871.154317
20231124,0,3852.712266,3869.477767,3778.944059,3802.415761
20231127,0,3782.297159,3866.124667,3738.706855,3830.917114
20231128,0,3842.652965,3916.421172,3834.270214,3876.183968
20231129,0,3894.62602,3929.833573,3785.650259,3837.623314
20231130,0,3839.299864,3879.537068,3799.06266,3869.477767
20231201,0,3849.359165,4018.690731,3795.70956,3926.480473
20231204,0,3914.744621,3929.833573,3837.623314,3857.741916
20231205,0,3857.741916,4067.310686,3847.682615,4001.92523
20231206,0,4001.92523,4127.666492,3981.806628,4077.369987
20231207,0,4077.369987,4102.518239,3960.011476,3985.159728
20231208,0,3998.572129,4015.337631,3877.860518,3906.361871
20231211,0,3902.883365,3962.017961,3866.359055,3895.926354
20231212,0,3899.404859,4000.281524,3895.926354,3998.542271
20231213,0,3982.888995,4002.020777,3899.404859,3913.318882
20231214,0,3951.582444,3972.453478,3848.966527,3859.402044
20231215,0,3888.969342,3909.840376,3819.399229,3840.270263
20231218,0,3828.095493,3831.573999,3708.087047,3802.0067
20231219,0,3793.310436,3805.485206,3744.611357,3767.221644
20231220,0,3793.310436,3800.267448,3728.958081,3767.221644
20231221,0,3753.307621,3782.874919,3704.608542,3756.786127
20231222,0,3767.221644,3855.923538,3683.737508,3704.608542
20231225,0,3685.47676,3685.47676,3607.210383,3615.906647
20231226,0,3608.949636,3643.734692,3591.557107,3626.342164
20231227,0,3617.6459,3652.430957,3600.253371,3624.602911
20231228,0,3626.342164,3695.912277,3593.29636,3676.780496
20231229,0,3669.823485,3688.955266,3633.299175,3673.301991
20240102,0,3681.998255,3739.393598,3626.342164,3704.608542
20240103,0,3718.522564,3836.791757,3708.087047,3798.528195
20240104,0,3826.35624,3868.098308,3742.872104,3755.046874
20240105,0,3748.089863,3793.310436,3715.044059,3758.52538
20240108,0,3739.393598,3739.393598,3561.989809,3561.989809
20240109,0,3561.989809,3622.863658,3549.815039,3608.949636
20240110,0,3574.164579,3633.299175,3568.94682,3598.514119
20240111,0,3572.425326,3622.863658,3521.986994,3596.774866
20240112,0,3586.339349,3614.167394,3515.029982,3527.204752
20240115,0,3539.379522,3622.863658,3530.683258,3610.688888
20240116,0,3619.385153,3664.605726,3591.557107,3608.949636
20240117,0,3617.6459,3626.342164,3535.901017,3555.032798
20240118,0,3558.511303,3612.428141,3518.508488,3586.339349
20240119,0,3607.210383,3622.863658,3570.686073,3608.949636
20240122,0,3565.468315,3629.82067,3530.683258,3561.989809
20240123,0,3541.118775,3568.94682,3504.594465,3511.551477
20240124,0,3508.072971,3628.081417,3471.548662,3626.342164
20240125,0,3608.949636,3678.519749,3600.253371,3652.430957
20240126,0,3661.127221,3661.127221,3603.731877,3638.516934
20240129,0,3671.562738,3772.439402,3669.823485,3709.8263
20240130,0,3716.783312,3744.611357,3652.430957,3678.519749
20240131,0,3678.519749,3678.519749,3610.688888,3621.124405
20240201,0,3622.863658,3681.998255,3591.557107,3666.344979
20240202,0,3652.430957,3692.433772,3619.385153,3676.780496
20240205,0,3676.780496,3737.654346,3676.780496,3716.783312
20240206,0,3732.436587,3760.264632,3692.433772,3735.915093
20240207,0,3735.915093,3795.049689,3673.301991,3756.786127
20240208,0,3762.003885,3788.092678,3702.869289,3737.654346
20240219,0,3845.488021,3868.098308,3749.829115,3758.52538
20240220,0,3774.178655,3774.178655,3694.173025,3725.479576
20240221,0,3702.869289,3786.353425,3695.912277,3725.479576
20240222,0,3730.697334,3793.310436,3720.261817,3784.614172
20240223,0,3788.092678,3798.528195,3758.52538,3772.439402
20240226,0,3730.697334,3739.393598,3671.562738,3718.522564
20240227,0,3722.00107,3772.439402,3722.00107,3763.743138
20240228,0,3782.874919,3788.092678,3680.259002,3692.433772
20240229,0,3676.780496,3678.519749,3628.081417,3631.559923
20240301,0,3657.648715,3802.0067,3629.82067,3789.831931
20240304,0,3808.963712,3828.095493,3774.178655,3814.18147
20240305,0,3852.445033,3906.361871,3807.224459,3814.18147
20240306,0,3815.920723,3843.748769,3795.049689,3826.35624
20240307,0,3843.748769,3848.966527,3788.092678,3796.788942
20240308,0,3788.092678,3843.748769,3765.482391,3826.35624
20240311,0,3782.874919,3817.659976,3767.221644,3793.310436
20240312,0,3807.224459,3815.920723,3742.872104,3751.568368
20240313,0,3751.568368,3751.568368,3669.823485,3673.301991
20240314,0,3680.259002,3704.608542,3655.909462,3668.084232
20240315,0,3668.084232,3716.783312,3666.344979,3687.216013
20240318,0,3645.473945,3645.473945,3511.551477,3528.944005
20240319,0,3553.293545,3574.164579,3481.984179,3485.462684
20240320,0,3462.852397,3525.465499,3450.677628,3473.287914
20240321,0,3495.898201,3516.769235,3462.852397,3497.637454
20240322,0,3475.027167,3502.855213,3438.502858,3448.938375
20240325,0,3428.067341,3478.505673,3384.58602,3471.548662
20240326,0,3495.898201,3556.772051,3476.76642,3490.680443
20240327,0,3513.29073,3523.726247,3415.892571,3419.371076
20240328,0,3426.328088,3454.156133,3403.717801,3428.067341
20240329,0,3429.901513,3451.911576,3396.886418,3431.735685
20240401,0,3395.052246,3440.906544,3334.524572,3435.404028
20240402,0,3429.901513,3435.404028,3376.710527,3391.383902
20240403,0,3404.223106,3472.087467,3402.388934,3440.906544
20240408,0,3490.429186,3517.941765,3453.745748,3483.092499
20240409,0,3385.881386,3426.233169,3363.871323,3417.062309
20240410,0,3411.559793,3501.434218,3411.559793,3497.765874
20240411,0,3472.087467,3514.273421,3442.740716,3451.911576
20240412,0,3477.589983,3662.841348,3461.082435,3646.333801
20240415,0,3686.685583,3695.856443,3633.494597,3644.499629
20240416,0,3644.499629,3672.012208,3598.64533,3670.178036
20240417,0,3668.343864,3719.700678,3627.992081,3712.36399
20240418,0,3760.05246,3838.921853,3723.369022,3734.374053
20240419,0,3752.715773,3914.122903,3743.544913,3794.901727
20240422,0,3796.735899,3822.414306,3725.203194,3750.881601
20240423,0,3732.539881,3732.539881,3668.343864,3695.856443
20240424,0,3716.032334,3785.730867,3710.529818,3774.725836
20240425,0,3804.072587,3848.092713,3776.560008,3818.745962
20240426,0,3820.580134,3846.258541,3787.565039,3793.067555
20240429,0,3805.906759,3835.25351,3765.554976,3813.243446
20240430,0,3805.906759,3813.243446,3719.700678,3771.057492
20240506,0,3793.067555,3928.796278,3793.067555,3925.127934
20240507,0,3937.967138,4015.002359,3892.112839,3899.449527
20240508,0,3888.444496,3897.615355,3842.590197,3886.610324
20240509,0,3906.786215,3932.464622,3860.931917,3884.776152
20240510,0,3906.786215,3921.45959,3820.580134,3826.08265
20240513,0,3870.102776,3930.63045,3862.766089,3923.293762
20240514,0,3945.303825,3959.977201,3875.605292,3904.952043
20240515,0,3904.952043,3926.962106,3870.102776,3899.449527
20240516,0,3934.298794,3939.80131,3857.263573,3879.273636
20240517,0,3910.454559,3985.655608,3888.444496,3906.786215
20240520,0,3921.45959,4104.876784,3835.25351,4103.042612
20240521,0,4101.20844,4126.886847,3974.650576,4009.499843
20240522,0,4027.841562,4099.374268,4011.334015,4020.504875
20240523,0,3994.826468,4024.173219,3952.640513,3989.323952
20240524,0,3985.655608,4075.530033,3985.655608,4027.841562
20240527,0,4037.012422,4042.514938,3989.323952,4013.168187
20240528,0,4044.34911,4066.359173,4002.163155,4009.499843
20240529,0,3974.650576,4051.685797,3965.479717,4037.012422
20240530,0,4068.193345,4090.203408,3994.826468,4005.831499
20240531,0,3992.992296,4024.173219,3959.977201,3989.323952
20240603,0,3945.303825,3950.806341,3868.268604,3884.776152
20240604,0,3906.786215,4015.002359,3892.112839,3981.987264
20240605,0,4020.504875,4042.514938,3991.158124,4007.665671
20240606,0,3996.66064,3998.494811,3923.293762,3945.303825
20240607,0,4002.163155,4013.168187,3897.615355,3899.449527
20240611,0,3833.419338,3860.931917,3800.404243,3805.906759
20240612,0,3787.565039,3813.243446,3774.725836,3774.725836
20240613,0,3756.384116,3776.560008,3732.539881,3749.047429
20240614,0,3763.720804,3838.921853,3760.05246,3837.087681
20240617,0,3840.756025,3853.595229,3793.067555,3829.750994
20240618,0,3851.761057,3866.434432,3776.560008,3794.901727
20240619,0,3807.740931,3829.750994,3774.725836,3778.39418
20240620,0,3778.39418,3820.580134,3767.389148,3811.409274
20240621,0,3835.25351,3886.610324,3800.404243,3835.25351
20240624,0,3840.756025,3840.756025,3787.565039,3802.238415
20240625,0,3824.248478,3934.298794,3820.580134,3934.298794
20240626,0,3906.786215,3937.967138,3884.776152,3915.957075
20240627,0,3912.288731,3948.972169,3899.449527,3914.122903
20240628,0,3926.962106,3950.806341,3906.786215,3926.962106
20240701,0,3893.947011,3897.615355,3807.740931,3842.590197
20240702,0,3840.756025,3879.273636,3827.916822,3853.595229
20240703,0,3842.590197,3976.484748,3827.916822,3965.479717
20240704,0,3961.811373,3965.479717,3910.454559,3928.796278
20240705,0,3897.615355,3928.796278,3879.273636,3917.791246
20240708,0,3895.781183,3904.952043,3815.077618,3842.590197
20240709,0,3826.08265,3877.439464,3796.735899,3829.750994
20240710,0,3809.575102,3815.077618,3760.05246,3769.22332
20240711,0,3793.067555,3824.248478,3769.22332,3791.233383
20240712,0,3791.233383,3813.243446,3750.881601,3754.549945
20240715,0,3787.565039,3840.756025,3745.379085,3758.218288
20240716,0,3752.715773,3769.22332,3727.037366,3745.379085
20240717,0,3771.057492,3787.565039,3717.866506,3732.539881
20240718,0,3730.705709,3741.710741,3705.027302,3739.876569
20240719,0,3721.53485,3761.886632,3717.866506,3739.876569
20240722,0,3710.529818,3717.866506,3681.183067,3706.861474
20240723,0,3679.348895,3701.358959,3655.50466,3659.173004
20240724,0,3651.836316,3699.524787,3642.665457,3683.017239
20240725,0,3670.178036,3684.851411,3640.831285,3651.836316
20240726,0,3690.353927,3695.856443,3646.333801,3659.173004
20240729,0,3653.670488,3673.84638,3637.162941,3659.173004
20240730,0,3659.173004,3739.876569,3659.173004,3712.36399
20240731,0,3730.705709,3771.057492,3716.032334,3747.213257
20240801,0,3761.886632,3789.399211,3747.213257,3778.39418
20240802,0,3761.886632,3831.585166,3736.208225,3826.08265
20240805,0,3750.881601,3794.901727,3743.544913,3782.062524
20240806,0,3772.891664,3785.730867,3705.027302,3721.53485
20240807,0,3714.198162,3727.037366,3690.353927,3708.695646
20240808,0,3723.369022,3738.042397,3684.851411,3703.19313
20240809,0,3706.861474,3769.22332,3692.188099,3750.881601
20240812,0,3736.208225,3782.062524,3728.871537,3754.549945
20240813,0,3763.720804,3811.409274,3758.218288,3782.062524
20240814,0,3738.042397,3749.047429,3653.670488,3690.353927
20240815,0,3696.138181,3717.347111,3647.936066,3701.922435
20240816,0,3723.131365,3738.556042,3607.446289,3619.014797
20240819,0,3615.158627,3628.65522,3580.453105,3584.309274
20240820,0,3595.877781,3642.151812,3582.381189,3634.439473
20240821,0,3657.576489,3696.138181,3636.367558,3676.857335
20240822,0,3673.001165,3705.778604,3636.367558,3646.007981
20240823,0,3632.511389,3642.151812,3597.805866,3605.518204
20240826,0,3605.518204,3657.576489,3566.956512,3647.936066
20240827,0,3638.295643,3653.720319,3615.158627,3632.511389
20240828,0,3632.511389,3647.936066,3592.021612,3607.446289
20240829,0,3595.877781,3646.007981,3592.021612,3624.79905
20240830,0,3622.870966,3634.439473,3605.518204,3615.158627
20240902,0,3586.237358,3599.733951,3553.45992,3590.093528
20240903,0,3565.028428,3582.381189,3541.891413,3551.531836
20240904,0,3534.179074,3549.603751,3512.970144,3520.682482
20240905,0,3520.682482,3538.035243,3497.545467,3511.042059
20240906,0,3511.042059,3526.466736,3487.905044,3503.329721
20240909,0,3468.624198,3482.12079,3414.637829,3437.774844
20240910,0,3430.062506,3441.631013,3362.579545,3366.435714
20240911,0,3352.939122,3441.631013,3333.658276,3430.062506
20240912,0,3412.709744,3478.264621,3387.644645,3468.624198
20240913,0,3470.552282,3478.264621,3426.206337,3431.99059
20240918,0,3414.637829,3420.422083,3374.148052,3383.788475
20240919,0,3370.291883,3437.774844,3349.082952,3410.78166
20240920,0,3441.631013,3449.343352,3389.572729,3403.069321
20240923,0,3354.867206,3393.428898,3337.514445,3378.004221
20240924,0,3383.788475,3458.983775,3370.291883,3447.415267
20240925,0,3487.905044,3586.237358,3441.631013,3453.199521
20240926,0,3489.833128,3514.898228,3460.911859,3489.833128
20240927,0,3566.956512,3597.805866,3522.610567,3559.244174
20240930,0,3640.223727,3657.576489,3593.949697,3634.439473
20241008,0,3736.627957,3740.484127,3576.596935,3595.877781
20241009,0,3593.949697,3599.733951,3532.25099,3543.819497
20241010,0,3568.884597,3586.237358,3493.689298,3503.329721
20241011,0,3530.322905,3532.25099,3482.12079,3509.113974
20241014,0,3518.754397,3520.682482,3431.99059,3470.552282
20241015,0,3453.199521,3588.165443,3453.199521,3547.675666
20241016,0,3547.675666,3620.942881,3520.682482,3547.675666
20241017,0,3538.035243,3553.45992,3460.911859,3464.768029
20241018,0,3470.552282,3559.244174,3435.84676,3538.035243
20241021,0,3499.473551,3534.179074,3453.199521,3526.466736
20241022,0,3528.39482,3557.316089,3503.329721,3526.466736
20241023,0,3524.538651,3555.388005,3511.042059,3524.538651
20241024,0,3551.531836,3570.812682,3518.754397,3543.819497
20241025,0,3518.754397,3566.956512,3512.970144,3543.819497
20241028,0,3530.322905,3578.52502,3491.761213,3539.963328
20241029,0,3530.322905,3545.747582,3505.257805,3516.826313
20241030,0,3528.39482,3555.388005,3485.976959,3511.042059
20241031,0,3509.113974,3518.754397,3493.689298,3507.18589
20241101,0,3484.048875,3545.747582,3478.264621,3528.39482
20241104,0,3509.113974,3563.100343,3495.617382,3557.316089
20241105,0,3566.956512,3595.877781,3538.035243,3593.949697
20241106,0,3576.596935,3605.518204,3505.257805,3514.898228
20241107,0,3528.39482,3561.172259,3516.826313,3543.819497
20241108,0,3549.603751,3590.093528,3534.179074,3541.891413
20241111,0,3509.113974,3514.898228,3437.774844,3455.127606
20241112,0,3433.918675,3466.696113,3416.565914,3441.631013
20241113,0,3449.343352,3480.192705,3443.559098,3460.911859
20241114,0,3451.271436,3468.624198,3428.134421,3431.99059
20241115,0,3437.774844,3453.199521,3418.493998,3424.278252
20241118,0,3412.709744,3435.84676,3383.788475,3418.493998
20241119,0,3430.062506,3524.538651,3422.350167,3501.401636
20241120,0,3497.545467,3503.329721,3453.199521,3468.624198
20241121,0,3472.480367,3491.761213,3464.768029,3474.408452
20241122,0,3468.624198,3487.905044,3451.271436,3458.983775
20241125,0,3466.696113,3497.545467,3443.559098,3462.839944
20241126,0,3455.127606,3499.473551,3455.127606,3485.976959
20241127,0,3476.336536,3541.891413,3476.336536,3530.322905
20241128,0,3522.610567,3532.25099,3509.113974,3526.466736
20241129,0,3518.754397,3522.610567,3460.911859,3470.552282
20241202,0,3474.408452,3491.761213,3453.199521,3474.408452
20241203,0,3468.624198,3484.048875,3451.271436,3458.983775
20241204,0,3451.271436,3457.05569,3360.65146,3395.356983
20241205,0,3401.141237,3406.925491,3366.435714,3370.291883
20241206,0,3364.507629,3376.076137,3343.298699,3352.939122
20241209,0,3331.730191,3345.226783,3287.384245,3308.593176
20241210,0,3370.291883,3401.141237,3325.945937,3347.154868
20241211,0,3364.507629,3372.219968,3343.298699,3345.226783
20241212,0,3337.514445,3362.579545,3337.514445,3349.082952
20241213,0,3328.570752,3337.894479,3272.628386,3274.493132
20241216,0,3222.280257,3242.792458,3214.821275,3235.333476
20241217,0,3218.550766,3259.575168,3203.632802,3222.280257
20241218,0,3203.632802,3214.821275,3151.419927,3168.202637
20241219,0,3177.526365,3295.005332,3170.067383,3270.763641
20241220,0,3272.628386,3280.087368,3233.46873,3250.25144
20241223,0,3244.657203,3272.628386,3218.550766,3261.439913
20241224,0,3317.382279,3330.435497,3272.628386,3302.464314
20241225,0,3293.140587,3315.517533,3276.357877,3298.734823
20241226,0,3298.734823,3315.517533,3242.792458,3248.386694
20241227,0,3209.227039,3227.874494,3192.444329,3211.091784
20241230,0,3188.714838,3203.632802,3170.067383,3198.038565
20241231,0,3188.714838,3211.091784,3162.608401,3183.120601
20250102,0,3170.067383,3196.17382,3160.743655,3164.473146
20250103,0,3132.772472,3147.690436,3078.694852,3093.612816
20250106,0,3078.694852,3112.260272,3043.264687,3091.748071
20250107,0,3084.289089,3097.342307,3065.641634,3071.23587
20250108,0,3067.506379,3076.830107,3035.805705,3041.399942
20250109,0,3039.535196,3123.448745,3037.670451,3095.477562
20250110,0,3095.477562,3121.583999,3074.965361,3112.260272
20250113,0,3160.743655,3181.255856,3127.178236,3145.825691
20250114,0,3160.743655,3162.608401,3125.31349,3145.825691
20250115,0,3140.231454,3149.555182,3106.666035,3117.854508
20250116,0,3142.0962,3160.743655,3117.854508,3145.825691
20250117,0,3143.960945,3244.657203,3129.042981,3231.603985
20250120,0,3209.227039,3265.169404,3199.903311,3235.333476
20250121,0,3229.739239,3255.845677,3227.874494,3242.792458
20250122,0,3222.280257,3296.870078,3205.497547,3285.681605
20250123,0,3285.681605,3296.870078,3263.304659,3272.628386
20250124,0,3287.54635,3321.11177,3253.980931,3306.193806
20250127,0,3298.734823,3306.193806,3274.493132,3293.140587
20250205,0,3240.927712,3267.03415,3196.17382,3203.632802
20250206,0,3205.497547,3244.657203,3184.985347,3224.145003
20250207,0,3240.927712,3253.980931,3211.091784,3227.874494
20250210,0,3227.874494,3287.54635,3220.415512,3252.116185
20250211,0,3244.657203,3261.439913,3222.280257,3237.198221
20250212,0,3235.333476,3309.923297,3235.333476,3291.275841
20250213,0,3289.411096,3306.193806,3263.304659,3287.54635
20250214,0,3293.140587,3405.025318,3293.140587,3393.836845
20250217,0,3459.102938,3459.102938,3362.136171,3373.324644
20250218,0,3378.918881,3405.025318,3309.923297,3326.706006
20250219,0,3326.706006,3375.18939,3319.247024,3350.947698
20250220,0,3350.947698,3364.000917,3322.976515,3339.759225
20250221,0,3347.218207,3397.566336,3337.894479,3354.677189
20250224,0,3414.349046,3427.402264,3384.513117,3391.972099
20250225,0,3393.836845,3440.455483,3378.918881,3414.349046
20250226,0,3421.808028,3421.808028,3352.812444,3362.136171
20250227,0,3350.947698,3388.242608,3328.570752,3373.324644
20250228,0,3373.324644,3384.513117,3343.488716,3365.865662
20250303,0,3337.894479,3377.054135,3319.247024,3360.271426
20250304,0,3345.353461,3371.459899,3278.222623,3291.275841
20250305,0,3287.54635,3298.734823,3239.062967,3281.952114
20250306,0,3283.816859,3341.62397,3270.763641,3334.164988
20250307,0,3330.435497,3341.62397,3278.222623,3317.382279
20250310,0,3341.62397,3350.947698,3295.005332,3315.517533
20250311,0,3295.005332,3317.382279,3270.763641,3274.493132
20250312,0,3274.493132,3285.681605,3244.657203,3268.898895
20250313,0,3274.493132,3291.275841,3253.980931,3255.845677
20250314,0,3252.116185,3319.247024,3240.927712,3298.734823
20250317,0,3291.275841,3328.570752,3283.816859,3311.788042
20250318,0,3319.247024,3341.62397,3302.464314,3311.788042
20250319,0,3319.247024,3345.353461,3304.32906,3341.62397
20250320,0,3347.218207,3455.373447,3334.164988,3449.779211
20250321,0,3444.184974,3490.803612,3418.078537,3432.996501
20250324,0,3432.996501,3475.885648,3432.996501,3455.373447
20250325,0,3464.697175,3494.533103,3438.590737,3475.885648
20250326,0,3477.750393,3541.151741,3464.697175,3524.369031
20250327,0,3535.557504,3569.122924,3501.992085,3526.233777
20250328,0,3528.098522,3550.475469,3511.315813,3529.963268
20250331,0,3513.180558,3513.180558,3455.373447,3490.803612
20250401,0,3496.397848,3600.823598,3470.291411,3597.094107
20250402,0,3576.581906,3582.176142,3516.910049,3535.557504
20250403,0,3513.180558,3552.340214,3488.938866,3531.828013
20250407,0,3446.049719,3503.856831,3393.836845,3472.156157
20250408,0,3472.156157,3483.34463,3349.082952,3364.000917
20250409,0,3328.570752,3438.590737,3326.706006,3412.4843
20250410,0,3446.049719,3485.209375,3423.672773,3477.750393
20250411,0,3459.102938,3500.12734,3444.184974,3487.074121
20250414,0,3474.020902,3479.615139,3375.18939,3386.377863
20250415,0,3391.972099,3416.213791,3358.40668,3360.271426
20250416,0,3356.541935,3369.595153,3334.164988,3336.029734
20250417,0,3332.253809,3341.693621,3302.046409,3313.374184
20250418,0,3322.813996,3370.013059,3311.486221,3347.357509
20250421,0,3347.357509,3362.461209,3319.038071,3322.813996
20250422,0,3315.262146,3388.892684,3285.054746,3366.237134
20250423,0,3377.564909,3379.452871,3317.150109,3326.589921
20250424,0,3326.589921,3354.909359,3315.262146,3319.038071
20250425,0,3320.926034,3343.581584,3313.374184,3317.150109
20250428,0,3303.934371,3368.125096,3303.934371,3362.461209
20250429,0,3341.693621,3343.581584,3256.735309,3275.614934
20250430,0,3407.772309,3551.257459,3385.116759,3505.946359
20250506,0,3515.386171,3562.585234,3490.842659,3551.257459
20250507,0,3587.128746,3594.680596,3528.601909,3560.697271
20250508,0,3539.929684,3568.249121,3509.722284,3553.145421
20250509,0,3583.352821,3636.215771,3556.921346,3573.913009
20250512,0,3572.025046,3589.016709,3549.369496,3581.464859
20250513,0,3577.688934,3611.672259,3570.137084,3581.464859
20250514,0,3530.489871,3572.025046,3504.058396,3560.697271
20250515,0,3539.929684,3617.336146,3536.153759,3572.025046
20250516,0,3558.809309,3558.809309,3530.489871,3543.705609
20250519,0,3507.834321,3519.162096,3464.411184,3487.066734
20250520,0,3488.954696,3511.610246,3477.626921,3490.842659
20250521,0,3498.394509,3532.377834,3487.066734,3502.170434
20250522,0,3498.394509,3507.834321,3477.626921,3490.842659
20250523,0,3496.506546,3502.170434,3445.531559,3449.307484
20250526,0,3454.971371,3454.971371,3411.548234,3428.539896
20250527,0,3422.876009,3462.523221,3419.100084,3424.763971
20250528,0,3422.876009,3428.539896,3362.461209,3379.452871
20250529,0,3387.004721,3417.212121,3347.357509,3368.125096
20250530,0,3373.788984,3385.116759,3330.365846,3347.357509
20250603,0,3398.332496,3403.996384,3313.374184,3324.701959
20250604,0,3360.573246,3375.676946,3324.701959,3349.245471
20250605,0,3337.917696,3337.917696,3243.519571,3251.071421
20250606,0,3277.502896,3286.942709,3235.967721,3247.295496
20250609,0,3228.415871,3232.191796,3181.216809,3203.872359
20250610,0,3209.536246,3237.855684,3162.337184,3168.001072
20250611,0,3166.113109,3175.552922,3147.233484,3147.233484
20250612,0,3152.897372,3152.897372,3105.698309,3107.586272
20250613,0,3124.577934,3168.001072,3120.802009,3135.905709
20250616,0,3190.656622,3260.511234,3171.776997,3252.959384
20250617,0,3266.175121,3358.685284,3266.175121,3349.245471
20250618,0,3385.116759,3398.332496,3345.469546,3377.564909
20250619,0,3347.357509,3379.452871,3347.357509,3360.573246
20250620,0,3351.133434,3354.909359,3256.735309,3266.175121
20250623,0,3275.614934,3286.942709,3217.088096,3230.303834
20250624,0,3169.889034,3258.623271,3156.673297,3205.760321
20250625,0,3194.432546,3290.718634,3181.216809,3285.054746
20250626,0,3281.278821,3286.942709,3205.760321,3254.847346
20250627,0,3275.614934,3285.054746,3232.191796,3241.631609
20250630,0,3247.295496,3260.511234,3211.424209,3232.191796
20250701,0,3222.751984,3262.399196,3196.320509,3249.183459
20250702,0,3241.631609,3298.270484,3239.743646,3283.166784
20250703,0,3283.166784,3294.494559,3254.847346,3279.390859
20250704,0,3285.054746,3351.133434,3275.614934,3275.614934
20250707,0,3283.166784,3313.374184,3279.390859,3300.158446
20250708,0,3294.494559,3339.805659,3279.390859,3328.477884
20250709,0,3351.133434,3362.461209,3328.477884,3341.693621
20250710,0,3360.573246,3379.452871,3320.926034,3354.909359
20250711,0,3353.021396,3373.788984,3336.029734,3347.357509
20250714,0,3332.253809,3337.917696,3303.934371,3330.365846
20250715,0,3317.150109,3317.150109,3256.735309,3268.063084
20250716,0,3268.063084,3283.166784,3258.623271,3271.839009
20250717,0,3271.839009,3298.270484,3268.063084,3290.718634
20250718,0,3303.934371,3349.245471,3290.718634,3294.494559
20250721,0,3379.452871,3432.315821,3379.452871,3420.988046
20250722,0,3436.091746,3451.195446,3364.349171,3430.427859
20250723,0,3449.307484,3449.307484,3322.813996,3347.357509
20250724,0,3351.133434,3390.780646,3337.917696,3370.013059
20250725,0,3371.901021,3422.876009,3362.461209,3403.996384
20250728,0,3303.934371,3330.365846,3262.399196,3281.278821
20250729,0,3266.175121,3311.486221,3252.959384,3292.606596
20250730,0,3330.365846,3341.693621,3273.726971,3288.830671
20250731,0,3283.166784,3283.166784,3226.527909,3235.967721
20250801,0,3241.631609,3252.959384,3218.976059,3226.527909
20250804,0,3235.967721,3288.830671,3217.088096,3271.839009
20250805,0,3277.502896,3358.685284,3269.951046,3345.469546
20250806,0,3368.125096,3383.228796,3279.390859,3303.934371
20250807,0,3302.046409,3311.486221,3271.839009,3279.390859
20250808,0,3281.278821,3300.158446,3260.511234,3262.399196
20250811,0,3245.407534,3266.175121,3224.639946,3251.071421
20250812,0,3251.071421,3271.839009,3239.743646,3260.511234
20250813,0,3264.2248,3290.219765,3240.086619,3243.800185
20250814,0,3232.659486,3253.084101,3202.950956,3204.807739
20250815,0,3204.807739,3238.229836,3201.094173,3225.232354
20250818,0,3249.370535,3280.935849,3240.086619,3256.797668
20250819,0,3260.511234,3390.486055,3238.229836,3373.775007
20250820,0,3329.212211,3349.636826,3293.933331,3297.646897
20250821,0,3323.641861,3331.068994,3271.651933,3275.365499
20250822,0,3280.935849,3284.649415,3225.232354,3228.94592
20250825,0,3232.659486,3256.797668,3221.518788,3240.086619
20250826,0,3232.659486,3247.513752,3206.664522,3225.232354
20250827,0,3230.802703,3273.508716,3217.805221,3225.232354
20250828,0,3225.232354,3271.651933,3225.232354,3254.940884
20250829,0,3256.797668,3264.2248,3236.373053,3241.943402
20250901,0,3234.51627,3249.370535,3204.807739,3236.373053
20250902,0,3234.51627,3260.511234,3228.94592,3241.943402
